****************************************************************************************************
----------------------------------------------------------------------------------------------------
Ambient Table:
     Depth   Amb-cur   Amb-dir   Amb-sal   Amb-tem   Amb-pol     Decay   Far-spd   Far-dir   Disprsn
       (m)     (m/s)     (deg)     (psu)       (C)    (mg/L)   (1/day)     (m/s)     (deg)(m0.67/s2)
     0.000     0.020    90.000    30.900    11.200     0.000     0.000     0.020    90.000   0.00030
     3.000     0.020    90.000    31.200    10.400     0.000     0.000     0.020    90.000   0.00030
     6.000     0.020    90.000    31.200     9.690     0.000     0.000     0.020    90.000   0.00030
     9.000     0.020    90.000    31.700     9.440     0.000     0.000     0.020    90.000   0.00030
    12.000     0.020    90.000    31.800     9.340     0.000     0.000     0.020    90.000   0.00030
    15.000     0.020    90.000    31.900     9.220     0.000     0.000     0.020    90.000   0.00030
----------------------------------------------------------------------------------------------------
Diffuser Table:
     P-dia    P-elev   V-angle   H-angle     Ports   Spacing   AcuteMZ   ChrncMZ   P-depth   Ttl-flo   Eff-sal      Temp   Polutnt
       (m)       (m)     (deg)     (deg)       ( )       (m)       (m)       (m)       (m)     (cms)     (psu)       (C)    (mg/L)
      0.01     15.00     45.00     90.00     25.00      2.00     20.70    207.00      2.00      0.01     35.00     10.00 100000.00
----------------------------------------------------------------------------------------------------
Simulation Results:
              Dilutn     P-dia    x-posn    y-posn     Depth      Time   Net-Dil     P-Den    P-Con.     P-Sal    P-Temp  Amb-Curr    CL-Dil
      Step (FluxAvg)       (m)       (m)       (m)       (m)       (s)        ()   (kg/m3)    (mg/L)     (psu)       (C)     (m/s)        ()
         1     1.020     0.013     0.000     0.000    -2.000     0.000     1.020  1026.912 98033.309    34.924    10.013     0.020     1.000
         2     1.041     0.013     0.000     0.001    -1.999     0.001     1.041  1026.852 96105.410    34.849    10.026     0.020     1.000
         3     1.061     0.013     0.000     0.001    -1.999     0.001     1.061  1026.792 94215.534    34.775    10.038     0.020     1.000
         4     1.083     0.014     0.000     0.002    -1.998     0.002     1.083  1026.734 92362.927    34.703    10.051     0.020     1.000
         5     1.104     0.014     0.000     0.002    -1.998     0.002     1.104  1026.677 90546.849    34.632    10.063     0.020     1.000
         6     1.127     0.014     0.000     0.003    -1.997     0.003     1.127  1026.621 88766.577    34.563    10.075     0.020     1.000
         7     1.149     0.014     0.000     0.003    -1.997     0.003     1.149  1026.566 87021.400    34.495    10.086     0.020     1.000
         8     1.172     0.015     0.000     0.004    -1.996     0.004     1.172  1026.512 85310.624    34.429    10.098     0.020     1.000
         9     1.196     0.015     0.000     0.004    -1.996     0.004     1.196  1026.459 83633.566    34.363    10.109     0.020     1.000
        10     1.220     0.015     0.000     0.005    -1.995     0.005     1.220  1026.408 81989.559    34.299    10.120     0.020     1.000
        11     1.244     0.016     0.000     0.005    -1.995     0.005     1.244  1026.357 80377.948    34.237    10.131     0.020     1.000
        12     1.269     0.016     0.000     0.006    -1.994     0.006     1.269  1026.307 78798.092    34.175    10.141     0.020     1.000
        13     1.295     0.016     0.000     0.007    -1.993     0.007     1.295  1026.258 77249.362    34.115    10.151     0.020     1.000
        14     1.320     0.017     0.000     0.007    -1.993     0.007     1.320  1026.211 75731.142    34.056    10.162     0.020     1.000
        15     1.347     0.017     0.000     0.008    -1.992     0.008     1.347  1026.164 74242.828    33.998    10.172     0.020     1.000
        16     1.374     0.017     0.000     0.008    -1.992     0.009     1.374  1026.118 72783.828    33.941    10.181     0.020     1.000
        17     1.401     0.018     0.000     0.009    -1.991     0.010     1.401  1026.073 71353.563    33.885    10.191     0.020     1.000
        18     1.430     0.018     0.000     0.010    -1.990     0.010     1.430  1026.029 69951.464    33.831    10.200     0.020     1.000
        19     1.458     0.018     0.000     0.010    -1.990     0.011     1.458  1025.985 68576.974    33.777    10.209     0.020     1.000
        20     1.487     0.019     0.000     0.011    -1.989     0.012     1.487  1025.943 67229.547    33.724    10.218     0.020     1.000
        21     1.517     0.019     0.000     0.012    -1.989     0.013     1.517  1025.901 65908.648    33.673    10.227     0.020     1.000
        22     1.548     0.019     0.000     0.012    -1.988     0.014     1.548  1025.861 64613.754    33.622    10.236     0.020     1.000
        23     1.579     0.020     0.000     0.013    -1.987     0.015     1.579  1025.821 63344.349    33.573    10.244     0.020     1.000
        24     1.610     0.020     0.000     0.014    -1.986     0.016     1.610  1025.781 62099.930    33.524    10.253     0.020     1.000
        25     1.643     0.021     0.000     0.014    -1.986     0.017     1.643  1025.743 60880.004    33.477    10.261     0.020     1.000
        26     1.675     0.021     0.000     0.015    -1.985     0.018     1.675  1025.705 59684.086    33.430    10.269     0.020     1.000
        27     1.709     0.021     0.000     0.016    -1.984     0.019     1.709  1025.668 58511.703    33.385    10.277     0.020     1.000
        28     1.743     0.022     0.000     0.017    -1.984     0.020     1.743  1025.632 57362.390    33.340    10.285     0.020     1.000
        29     1.778     0.022     0.000     0.017    -1.983     0.022     1.778  1025.597 56235.691    33.296    10.292     0.020     1.000
        30     1.814     0.023     0.000     0.018    -1.982     0.023     1.814  1025.562 55131.159    33.253    10.300     0.020     1.000
        31     1.850     0.023     0.000     0.019    -1.981     0.024     1.850  1025.528 54048.358    33.210    10.307     0.020     1.000
        32     1.887     0.024     0.000     0.020    -1.980     0.026     1.887  1025.494 52986.858    33.169    10.314     0.020     1.000
        33     1.925     0.024     0.000     0.021    -1.980     0.027     1.925  1025.462 51946.239    33.128    10.321     0.020     1.000
        34     1.964     0.025     0.000     0.021    -1.979     0.028     1.964  1025.429 50926.089    33.089    10.328     0.020     1.000
        35     2.003     0.025     0.000     0.022    -1.978     0.030     2.003  1025.398 49926.003    33.050    10.335     0.020     1.001
        36     2.043     0.026     0.000     0.023    -1.977     0.032     2.043  1025.367 48945.587    33.011    10.341     0.020     1.022
        37     2.084     0.026     0.000     0.024    -1.976     0.033     2.084  1025.337 47984.451    32.974    10.348     0.020     1.042
        38     2.126     0.027     0.000     0.025    -1.975     0.035     2.126  1025.307 47042.217    32.937    10.354     0.020     1.063
        39     2.168     0.027     0.000     0.026    -1.974     0.037     2.168  1025.278 46118.510    32.901    10.360     0.020     1.084
        40     2.212     0.028     0.000     0.027    -1.973     0.039     2.212  1025.249 45212.967    32.866    10.367     0.020     1.106
        41     2.256     0.028     0.000     0.028    -1.972     0.041     2.256  1025.221 44325.228    32.831    10.373     0.020     1.128
        42     2.301     0.029     0.000     0.029    -1.971     0.043     2.301  1025.194 43454.942    32.797    10.378     0.020     1.151
        43     2.347     0.029     0.000     0.030    -1.970     0.045     2.347  1025.167 42601.766    32.764    10.384     0.020     1.174
        44     2.394     0.030     0.000     0.031    -1.969     0.047     2.394  1025.141 41765.363    32.731    10.390     0.020     1.197
        45     2.442     0.031     0.000     0.032    -1.968     0.049     2.442  1025.115 40945.401    32.699    10.396     0.020     1.221
        46     2.491     0.031     0.000     0.033    -1.967     0.052     2.491  1025.089 40141.557    32.667    10.401     0.020     1.246
        47     2.541     0.032     0.000     0.034    -1.966     0.054     2.541  1025.064 39353.513    32.637    10.406     0.020     1.271
        48     2.592     0.032     0.000     0.036    -1.965     0.057     2.592  1025.040 38580.957    32.606    10.412     0.020     1.296
        49     2.644     0.033     0.000     0.037    -1.964     0.059     2.644  1025.016 37823.586    32.577    10.417     0.020     1.322
        50     2.697     0.034     0.000     0.038    -1.963     0.062     2.697  1024.993 37081.099    32.548    10.422     0.020     1.348
        51     2.751     0.034     0.000     0.039    -1.962     0.065     2.751  1024.970 36353.204    32.519    10.427     0.020     1.375
        52     2.806     0.035     0.000     0.040    -1.960     0.068     2.806  1024.947 35639.612    32.491    10.432     0.020     1.403
        53     2.862     0.036     0.000     0.042    -1.959     0.071     2.862  1024.925 34940.043    32.464    10.437     0.020     1.431
        54     2.919     0.036     0.000     0.043    -1.958     0.074     2.919  1024.903 34254.221    32.437    10.441     0.020     1.460
        55     2.978     0.037     0.000     0.044    -1.957     0.078     2.978  1024.882 33581.873    32.411    10.446     0.020     1.489
        56     3.037     0.038     0.000     0.046    -1.955     0.081     3.037  1024.861 32922.736    32.385    10.451     0.020     1.519
        57     3.098     0.039     0.000     0.047    -1.954     0.085     3.098  1024.841 32276.549    32.360    10.455     0.020     1.549
        58     3.160     0.039     0.000     0.048    -1.953     0.089     3.160  1024.821 31643.058    32.335    10.459     0.020     1.580
        59     3.224     0.040     0.000     0.050    -1.951     0.093     3.224  1024.801 31022.011    32.311    10.464     0.020     1.612
        60     3.288     0.041     0.000     0.051    -1.950     0.097     3.288  1024.782 30413.165    32.287    10.468     0.020     1.644
        61     3.354     0.042     0.000     0.053    -1.949     0.101     3.354  1024.763 29816.280    32.264    10.472     0.020     1.677
        62     3.421     0.043     0.000     0.054    -1.947     0.105     3.421  1024.745 29231.119    32.241    10.476     0.020     1.711
        63     3.489     0.043     0.000     0.056    -1.946     0.110     3.489  1024.727 28657.452    32.218    10.480     0.020     1.745
        64     3.559     0.044     0.000     0.057    -1.944     0.115     3.559  1024.709 28095.053    32.196    10.484     0.020     1.780
        65     3.631     0.045     0.000     0.059    -1.943     0.120     3.631  1024.691 27543.701    32.175    10.488     0.020     1.815
        66     3.703     0.046     0.000     0.060    -1.941     0.125     3.703  1024.674 27003.178    32.153    10.492     0.020     1.852
        67     3.777     0.047     0.000     0.062    -1.939     0.130     3.777  1024.657 26473.270    32.133    10.495     0.020     1.889
        68     3.853     0.048     0.000     0.064    -1.938     0.136     3.853  1024.641 25953.770    32.112    10.499     0.020     1.927
        69     3.930     0.049     0.000     0.066    -1.936     0.142     3.930  1024.625 25444.472    32.092    10.503     0.020     1.965
        70     4.009     0.050     0.000     0.067    -1.935     0.148     4.009  1024.609 24945.175    32.073    10.506     0.020     2.004
        71     4.089     0.051     0.000     0.069    -1.933     0.154     4.089  1024.594 24455.684    32.054    10.510     0.020     2.045
        72     4.171     0.052     0.000     0.071    -1.931     0.161     4.171  1024.578 23975.805    32.035    10.513     0.020     2.085
        73     4.254     0.053     0.000     0.073    -1.929     0.167     4.254  1024.563 23505.349    32.016    10.517     0.020     2.127
        74     4.339     0.054     0.000     0.075    -1.927     0.174     4.339  1024.549 23044.131    31.998    10.520     0.020     2.170
        75     4.426     0.055     0.000     0.077    -1.926     0.182     4.426  1024.534 22591.968    31.980    10.523     0.020     2.213
        76     4.515     0.056     0.000     0.079    -1.924     0.189     4.515  1024.520 22148.685    31.963    10.526     0.020     2.257
        77     4.605     0.057     0.000     0.081    -1.922     0.197     4.605  1024.507 21714.104    31.946    10.529     0.020     2.303
        78     4.697     0.058     0.000     0.083    -1.920     0.205     4.697  1024.493 21288.056    31.929    10.532     0.020     2.349
        79     4.791     0.059     0.000     0.085    -1.918     0.214     4.791  1024.480 20870.373    31.913    10.536     0.020     2.396
        80     4.887     0.060     0.000     0.087    -1.916     0.223     4.887  1024.467 20460.890    31.897    10.539     0.020     2.444
        81     4.985     0.062     0.000     0.089    -1.914     0.232     4.985  1024.454 20059.446    31.881    10.541     0.020     2.493
        82     5.085     0.063     0.000     0.092    -1.912     0.242     5.085  1024.441 19665.884    31.865    10.544     0.020     2.542
        83     5.187     0.064     0.000     0.094    -1.910     0.252     5.187  1024.429 19280.047    31.850    10.547     0.020     2.593
        84     5.291     0.065     0.000     0.096    -1.907     0.262     5.291  1024.417 18901.785    31.835    10.550     0.020     2.645
        85     5.396     0.067     0.000     0.099    -1.905     0.273     5.396  1024.405 18530.948    31.821    10.553     0.020     2.698
        86     5.504     0.068     0.000     0.101    -1.903     0.284     5.504  1024.394 18167.390    31.806    10.555     0.020     2.752
        87     5.615     0.069     0.000     0.104    -1.901     0.296     5.615  1024.382 17810.970    31.792    10.558     0.020     2.807
        88     5.727     0.071     0.000     0.106    -1.898     0.308     5.727  1024.371 17461.545    31.779    10.561     0.020     2.863
        89     5.841     0.072     0.000     0.109    -1.896     0.320     5.841  1024.360 17118.979    31.765    10.563     0.020     2.921
        90     5.958     0.073     0.000     0.112    -1.894     0.333     5.958  1024.350 16783.137    31.752    10.566     0.020     2.979
        91     6.078     0.075     0.000     0.114    -1.891     0.347     6.078  1024.339 16453.887    31.739    10.568     0.020     3.039
        92     6.199     0.076     0.000     0.117    -1.889     0.361     6.199  1024.329 16131.099    31.726    10.571     0.020     3.100
        93     6.323     0.078     0.000     0.120    -1.886     0.375     6.323  1024.319 15814.647    31.714    10.573     0.020     3.162
        94     6.450     0.079     0.000     0.123    -1.883     0.391     6.450  1024.309 15504.406    31.701    10.576     0.020     3.225
        95     6.579     0.081     0.000     0.126    -1.881     0.406     6.579  1024.299 15200.253    31.689    10.578     0.020     3.289
        96     6.710     0.082     0.000     0.129    -1.878     0.423     6.710  1024.289 14902.070    31.678    10.581     0.020     3.355
        97     6.845     0.084     0.000     0.132    -1.875     0.440     6.845  1024.280 14609.739    31.666    10.583     0.020     3.422
        98     6.982     0.086     0.000     0.135    -1.872     0.458     6.982  1024.271 14323.145    31.655    10.585     0.020     3.491
        99     7.121     0.087     0.000     0.138    -1.870     0.476     7.121  1024.262 14042.175    31.644    10.587     0.020     3.561
       100     7.264     0.089     0.000     0.142    -1.867     0.495     7.264  1024.253 13766.719    31.633    10.590     0.020     3.632
       101     7.409     0.091     0.000     0.145    -1.864     0.515     7.409  1024.244 13496.669    31.622    10.592     0.020     3.705
       102     7.557     0.093     0.000     0.148    -1.861     0.536     7.557  1024.236 13231.918    31.612    10.594     0.020     3.779
       103     7.709     0.094     0.000     0.152    -1.858     0.557     7.709  1024.227 12972.363    31.601    10.596     0.020     3.854
       104     7.863     0.096     0.000     0.155    -1.855     0.579     7.863  1024.219 12717.901    31.591    10.598     0.020     3.931
       105     8.020     0.098     0.000     0.159    -1.851     0.602     8.020  1024.211 12468.433    31.581    10.600     0.020     4.010
       106     8.181     0.100     0.000     0.163    -1.848     0.626     8.181  1024.203 12223.859    31.571    10.602     0.020     4.090
       107     8.344     0.102     0.000     0.166    -1.845     0.651     8.344  1024.195 11984.085    31.562    10.604     0.020     4.172
       108     8.511     0.104     0.000     0.170    -1.842     0.677     8.511  1024.188 11749.016    31.553    10.606     0.020     4.256
       109     8.682     0.106     0.000     0.174    -1.838     0.704     8.682  1024.180 11518.559    31.543    10.608     0.020     4.341
       110     8.855     0.108     0.000     0.178    -1.835     0.732     8.855  1024.173 11292.624    31.534    10.610     0.020     4.428
       111     9.033     0.110     0.000     0.182    -1.831     0.761     9.033  1024.166 11071.122    31.526    10.612     0.020     4.516
       112     9.213     0.112     0.000     0.187    -1.828     0.791     9.213  1024.159 10853.966    31.517    10.614     0.020     4.607
       113     9.398     0.114     0.000     0.191    -1.824     0.822     9.398  1024.152 10641.072    31.508    10.616     0.020     4.699
       114     9.586     0.117     0.000     0.195    -1.820     0.855     9.586  1024.145 10432.354    31.500    10.618     0.020     4.793
       115     9.777     0.119     0.000     0.200    -1.816     0.889     9.777  1024.138 10227.731    31.492    10.620     0.020     4.889
       116     9.973     0.121     0.000     0.204    -1.813     0.924     9.973  1024.132 10027.123    31.484    10.622     0.020     4.986
       117    10.172     0.123     0.000     0.209    -1.809     0.960    10.172  1024.125  9830.451    31.476    10.624     0.020     5.086
       118    10.376     0.126     0.000     0.214    -1.805     0.998    10.376  1024.119  9637.638    31.468    10.625     0.020     5.188
       119    10.584     0.128     0.000     0.219    -1.801     1.037    10.584  1024.113  9448.607    31.461    10.627     0.020     5.292
       120    10.795     0.131     0.000     0.223    -1.797     1.078    10.795  1024.107  9263.285    31.453    10.629     0.020     5.398
       121    11.011     0.133     0.000     0.229    -1.792     1.120    11.011  1024.101  9081.599    31.446    10.631     0.020     5.506
       122    11.232     0.136     0.000     0.234    -1.788     1.164    11.232  1024.095  8903.477    31.439    10.633     0.020     5.616
       123    11.456     0.138     0.000     0.239    -1.784     1.210    11.456  1024.089  8728.850    31.432    10.634     0.020     5.728
       124    11.685     0.141     0.000     0.244    -1.780     1.257    11.685  1024.083  8557.649    31.425    10.636     0.020     5.843
       125    11.919     0.144     0.000     0.250    -1.775     1.306    11.919  1024.078  8389.806    31.418    10.638     0.020     5.960
       126    12.158     0.147     0.000     0.256    -1.771     1.357    12.158  1024.072  8225.256    31.411    10.640     0.020     6.079
       127    12.401     0.149     0.000     0.261    -1.766     1.410    12.401  1024.067  8063.935    31.405    10.641     0.020     6.200
       128    12.649     0.152     0.000     0.267    -1.761     1.465    12.649  1024.062  7905.777    31.398    10.643     0.020     6.324
       129    12.902     0.155     0.000     0.273    -1.757     1.522    12.902  1024.057  7750.723    31.392    10.645     0.020     6.451
       130    13.160     0.158     0.000     0.279    -1.752     1.581    13.160  1024.052  7598.710    31.386    10.646     0.020     6.580
       131    13.423     0.161     0.000     0.286    -1.747     1.642    13.423  1024.047  7449.679    31.380    10.648     0.020     6.712
       132    13.692     0.164     0.000     0.292    -1.742     1.706    13.692  1024.042  7303.572    31.374    10.650     0.020     6.846
       133    13.966     0.167     0.000     0.298    -1.737     1.772    13.966  1024.037  7160.331    31.368    10.651     0.020     6.983
       134    14.245     0.171     0.000     0.305    -1.732     1.840    14.245  1024.032  7019.900    31.362    10.653     0.020     7.123
       135    14.530     0.174     0.000     0.312    -1.727     1.910    14.530  1024.027  6882.223    31.356    10.655     0.020     7.265
       136    14.821     0.177     0.000     0.319    -1.721     1.983    14.821  1024.023  6747.248    31.351    10.656     0.020     7.410
       137    15.117     0.180     0.000     0.326    -1.716     2.058    15.117  1024.018  6614.919    31.345    10.658     0.020     7.559
       138    15.420     0.184     0.000     0.333    -1.711     2.136    15.420  1024.014  6485.187    31.340    10.660     0.020     7.710
       139    15.728     0.187     0.000     0.340    -1.706     2.217    15.728  1024.009  6357.999    31.335    10.661     0.020     7.864
       140    16.043     0.191     0.000     0.347    -1.700     2.301    16.043  1024.005  6233.307    31.330    10.663     0.020     8.021
       141    16.364     0.195     0.000     0.355    -1.695     2.387    16.364  1024.001  6111.060    31.325    10.664     0.020     8.182
       142    16.691     0.198     0.000     0.363    -1.689     2.476    16.691  1023.997  5991.211    31.320    10.666     0.020     8.346
       143    17.025     0.202     0.000     0.370    -1.683     2.569    17.025  1023.993  5873.713    31.315    10.668     0.020     8.513
       144    17.366     0.206     0.000     0.378    -1.678     2.664    17.366  1023.989  5758.519    31.310    10.669     0.020     8.683
       145    17.713     0.210     0.000     0.386    -1.672     2.763    17.713  1023.985  5645.585    31.305    10.671     0.020     8.856
       146    18.067     0.214     0.000     0.395    -1.666     2.865    18.067  1023.981  5534.867    31.300    10.672     0.020     9.034
       147    18.429     0.218     0.000     0.403    -1.660     2.970    18.429  1023.977  5426.320    31.296    10.674     0.020     9.214
       148    18.797     0.222     0.000     0.412    -1.654     3.079    18.797  1023.973  5319.902    31.291    10.676     0.020     9.399
       149    19.173     0.226     0.000     0.420    -1.648     3.191    19.173  1023.970  5215.571    31.287    10.677     0.020     9.587
       150    19.557     0.230     0.000     0.429    -1.642     3.307    19.557  1023.966  5113.287    31.283    10.679     0.020     9.778
       151    19.948     0.235     0.000     0.438    -1.636     3.427    19.948  1023.962  5013.008    31.278    10.680     0.020     9.974
       152    20.347     0.239     0.000     0.447    -1.630     3.550    20.347  1023.959  4914.697    31.274    10.682     0.020    10.174
       153    20.754     0.244     0.000     0.457    -1.624     3.678    20.754  1023.955  4818.314    31.270    10.684     0.020    10.377
       154    21.169     0.248     0.000     0.466    -1.618     3.810    21.169  1023.952  4723.822    31.266    10.685     0.020    10.585
       155    21.593     0.253     0.000     0.476    -1.612     3.946    21.593  1023.949  4631.183    31.262    10.687     0.020    10.796
       156    22.025     0.258     0.000     0.486    -1.605     4.086    22.025  1023.945  4540.360    31.258    10.688     0.020    11.012
       157    22.465     0.262     0.000     0.496    -1.599     4.231    22.465  1023.942  4451.319    31.254    10.690     0.020    11.233
       158    22.915     0.267     0.000     0.506    -1.593     4.380    22.915  1023.939  4364.025    31.250    10.692     0.020    11.457
       159    23.373     0.272     0.000     0.516    -1.586     4.534    23.373  1023.936  4278.443    31.247    10.693     0.020    11.686
       160    23.841     0.277     0.000     0.527    -1.580     4.693    23.841  1023.932  4194.539    31.243    10.695     0.020    11.920
       161    24.317     0.283     0.000     0.537    -1.573     4.857    24.317  1023.929  4112.280    31.239    10.696     0.020    12.159
       162    24.804     0.288     0.000     0.548    -1.567     5.027    24.804  1023.926  4031.636    31.236    10.698     0.020    12.402
       163    25.300     0.293     0.000     0.559    -1.560     5.201    25.300  1023.923  3952.572    31.232    10.700     0.020    12.650
       164    25.806     0.299     0.000     0.571    -1.554     5.382    25.806  1023.920  3875.060    31.229    10.701     0.020    12.903
       165    26.322     0.304     0.000     0.582    -1.547     5.567    26.322  1023.917  3799.067    31.225    10.703     0.020    13.161
       166    26.849     0.310     0.000     0.594    -1.541     5.759    26.849  1023.915  3724.565    31.222    10.705     0.020    13.424
       167    27.386     0.316     0.000     0.606    -1.534     5.957    27.386  1023.912  3651.525    31.219    10.706     0.020    13.693
       168    27.934     0.321     0.000     0.618    -1.527     6.161    27.934  1023.909  3579.916    31.216    10.708     0.020    13.967
       169    28.492     0.327     0.000     0.630    -1.521     6.371    28.492  1023.906  3509.713    31.212    10.709     0.020    14.246
       170    29.062     0.333     0.000     0.643    -1.514     6.588    29.062  1023.903  3440.886    31.209    10.711     0.020    14.531
       171    29.644     0.339     0.000     0.655    -1.507     6.812    29.644  1023.901  3373.408    31.206    10.713     0.020    14.822
       172    30.237     0.346     0.000     0.668    -1.501     7.043    30.237  1023.898  3307.259    31.203    10.714     0.020    15.118
       173    30.827     0.352     0.000     0.681    -1.494     7.276    30.827  1023.896  3243.883    31.200    10.716     0.020    15.414
       174    31.418     0.358     0.000     0.694    -1.488     7.511    31.418  1023.893  3182.935    31.197    10.718     0.020    15.709
       175    32.005     0.364     0.000     0.707    -1.481     7.747    32.005  1023.891  3124.489    31.195    10.719     0.020    16.003
       176    32.591     0.370     0.000     0.720    -1.475     7.985    32.591  1023.889  3068.335    31.192    10.721     0.020    16.295
       177    33.174     0.376     0.000     0.733    -1.469     8.224    33.174  1023.886  3014.376    31.190    10.722     0.020    16.587
       178    33.756     0.382     0.000     0.745    -1.463     8.466    33.756  1023.884  2962.477    31.187    10.724     0.020    16.878
       179    34.334     0.388     0.000     0.758    -1.458     8.708    34.334  1023.882  2912.531    31.185    10.725     0.020    17.167
       180    34.911     0.394     0.000     0.770    -1.452     8.953    34.911  1023.880  2864.433    31.182    10.726     0.020    17.455
       181    35.485     0.400     0.000     0.783    -1.446     9.199    35.485  1023.878  2818.088    31.180    10.728     0.020    17.743
       182    36.057     0.406     0.000     0.796    -1.441     9.446    36.057  1023.876  2773.407    31.178    10.729     0.020    18.028
       183    36.626     0.412     0.000     0.808    -1.436     9.695    36.626  1023.874  2730.307    31.176    10.730     0.020    18.313
       184    37.193     0.418     0.000     0.820    -1.431     9.946    37.193  1023.873  2688.711    31.174    10.732     0.020    18.596
       185    37.757     0.423     0.000     0.833    -1.426    10.198    37.757  1023.871  2648.547    31.172    10.733     0.020    18.878
       186    38.318     0.429     0.000     0.845    -1.421    10.451    38.318  1023.869  2609.748    31.170    10.734     0.020    19.159
       187    38.876     0.435     0.000     0.857    -1.416    10.707    38.876  1023.868  2572.250    31.168    10.735     0.020    19.438
       188    39.432     0.440     0.000     0.870    -1.411    10.963    39.432  1023.866  2535.997    31.167    10.737     0.020    19.716
       189    39.985     0.446     0.000     0.882    -1.407    11.221    39.985  1023.864  2500.931    31.165    10.738     0.020    19.993
       190    40.535     0.451     0.000     0.894    -1.402    11.481    40.535  1023.863  2467.002    31.163    10.739     0.020    20.268
       191    41.082     0.457     0.000     0.906    -1.398    11.742    41.082  1023.861  2434.161    31.162    10.740     0.020    20.541
       192    41.626     0.462     0.000     0.919    -1.394    12.004    41.626  1023.860  2402.362    31.160    10.741     0.020    20.813
       193    42.166     0.467     0.000     0.931    -1.389    12.268    42.166  1023.859  2371.564    31.158    10.742     0.020    21.083
       194    42.704     0.473     0.000     0.943    -1.385    12.534    42.704  1023.857  2341.724    31.157    10.743     0.020    21.352
       195    43.238     0.478     0.000     0.955    -1.381    12.800    43.238  1023.856  2312.806    31.155    10.745     0.020    21.619
       196    43.768     0.483     0.000     0.967    -1.378    13.069    43.768  1023.855  2284.774    31.154    10.746     0.020    21.884
       197    44.295     0.488     0.000     0.979    -1.374    13.339    44.295  1023.853  2257.593    31.153    10.747     0.020    22.147
       198    44.818     0.493     0.000     0.991    -1.370    13.610    44.818  1023.852  2231.232    31.151    10.748     0.020    22.409
       199    45.338     0.498     0.000     1.003    -1.367    13.882    45.338  1023.851  2205.660    31.150    10.749     0.020    22.669
       200    45.854     0.503     0.000     1.015    -1.363    14.156    45.854  1023.850  2180.850    31.149    10.750     0.020    22.927
       201    46.366     0.508     0.000     1.028    -1.360    14.432    46.366  1023.849  2156.773    31.148    10.750     0.020    23.183
       202    46.873     0.513     0.000     1.040    -1.356    14.709    46.873  1023.848  2133.404    31.146    10.751     0.020    23.437
       203    47.377     0.517     0.000     1.052    -1.353    14.987    47.377  1023.847  2110.720    31.145    10.752     0.020    23.689
       204    47.877     0.522     0.000     1.064    -1.350    15.267    47.877  1023.846  2088.695    31.144    10.753     0.020    23.938
       205    48.372     0.527     0.000     1.076    -1.347    15.548    48.372  1023.845  2067.310    31.143    10.754     0.020    24.186
       206    48.863     0.531     0.000     1.088    -1.344    15.830    48.863  1023.844  2046.541    31.142    10.755     0.020    24.431
       207    49.349     0.536     0.000     1.100    -1.341    16.115    49.349  1023.843  2026.371    31.141    10.756     0.020    24.675
       208    49.831     0.540     0.000     1.112    -1.339    16.400    49.831  1023.842  2006.778    31.140    10.757     0.020    24.916
       209    50.308     0.545     0.000     1.124    -1.336    16.687    50.308  1023.841  1987.745    31.139    10.757     0.020    25.154
       210    50.781     0.549     0.000     1.136    -1.333    16.975    50.781  1023.840  1969.255    31.138    10.758     0.020    25.390
       211    51.248     0.553     0.000     1.148    -1.331    17.265    51.248  1023.839  1951.291    31.137    10.759     0.020    25.624
       212    51.711     0.558     0.000     1.160    -1.328    17.556    51.711  1023.838  1933.835    31.136    10.760     0.020    25.855
       213    52.168     0.562     0.000     1.172    -1.326    17.849    52.168  1023.837  1916.873    31.135    10.761     0.020    26.084
       214    52.621     0.566     0.000     1.184    -1.324    18.143    52.621  1023.837  1900.390    31.134    10.761     0.020    26.310
       215    53.068     0.570     0.000     1.196    -1.322    18.438    53.068  1023.836  1884.370    31.133    10.762     0.020    26.534
       216    53.510     0.574     0.000     1.208    -1.320    18.735    53.510  1023.835  1868.800    31.132    10.763     0.020    26.755
       217    53.947     0.578     0.000     1.220    -1.318    19.033    53.947  1023.834  1853.665    31.132    10.763     0.020    26.974
       218    54.379     0.582     0.000     1.232    -1.316    19.333    54.379  1023.833  1838.951    31.131    10.764     0.020    27.189
       219    54.805     0.585     0.000     1.244    -1.314    19.634    54.805  1023.833  1824.644    31.130    10.765     0.020    27.403
       220    55.226     0.589     0.000     1.256    -1.312    19.936    55.226  1023.832  1810.731    31.129    10.765     0.020    27.613
       221    55.642     0.593     0.000     1.268    -1.311    20.240    55.642  1023.831  1797.197    31.129    10.766     0.020    27.821
       222    56.053     0.596     0.000     1.280    -1.309    20.546    56.053  1023.831  1784.028    31.128    10.767     0.020    28.026
       223    56.459     0.600     0.000     1.292    -1.308    20.852    56.459  1023.830  1771.209    31.127    10.767     0.020    28.229
       224    56.859     0.603     0.000     1.304    -1.306    21.160    56.859  1023.829  1758.724    31.126    10.768     0.020    28.430
       225    57.256     0.607     0.000     1.317    -1.305    21.470    57.256  1023.829  1746.555    31.126    10.768     0.020    28.628
       226    57.647     0.610     0.000     1.329    -1.304    21.781    57.647  1023.828  1734.681    31.125    10.769     0.020    28.824
       227    58.036     0.613     0.000     1.341    -1.303    22.093    58.036  1023.828  1723.075    31.125    10.770     0.020    29.018
       228    58.422     0.617     0.000     1.353    -1.302    22.407    58.422  1023.827  1711.694    31.124    10.770     0.020    29.211
       229    58.806     0.620     0.000     1.365    -1.301    22.722    58.806  1023.827  1700.515    31.123    10.771     0.020    29.403
       230    59.188     0.623     0.000     1.377    -1.300    23.039    59.188  1023.826  1689.522    31.123    10.771     0.020    29.594
       231    59.570     0.626     0.000     1.390    -1.299    23.357    59.570  1023.825  1678.706    31.122    10.772     0.020    29.785
       232    59.950     0.629     0.000     1.402    -1.298    23.676    59.950  1023.825  1668.058    31.122    10.772     0.020    29.975
       233    60.329     0.632     0.000     1.414    -1.298    23.997    60.329  1023.824  1657.572    31.121    10.773     0.020    30.165
       234    60.708     0.635     0.000     1.427    -1.297    24.320    60.708  1023.824  1647.241    31.120    10.773     0.020    30.354
       235    61.085     0.639     0.000     1.439    -1.297    24.644    61.085  1023.823  1637.061    31.120    10.774     0.020    30.543
       236    61.462     0.642     0.000     1.451    -1.296    24.970    61.462  1023.823  1627.026    31.119    10.774     0.020    30.731
       237    61.838     0.644     0.000     1.464    -1.296    25.297    61.838  1023.822  1617.130    31.119    10.775     0.020    30.919
       238    62.213     0.647     0.000     1.476    -1.296    25.627    62.213  1023.822  1607.370    31.118    10.775     0.020    31.107
       239    62.588     0.650     0.000     1.488    -1.296    25.958    62.588  1023.821  1597.739    31.118    10.776     0.020    31.294
       240    62.963     0.653     0.000     1.501    -1.296    26.291    62.963  1023.821  1588.234    31.117    10.776     0.020    31.482
---------------------- Local maximum rise or fall --------------------
       241    63.337     0.656     0.000     1.513    -1.296    26.626    63.337  1023.820  1578.849    31.117    10.777     0.020    31.669
       242    63.711     0.659     0.000     1.526    -1.296    26.964    63.711  1023.820  1569.580    31.116    10.777     0.020    31.856
       243    64.085     0.662     0.000     1.539    -1.296    27.303    64.085  1023.819  1560.422    31.116    10.777     0.020    32.043
       244    64.459     0.665     0.000     1.551    -1.296    27.645    64.459  1023.819  1551.372    31.115    10.778     0.020    32.230
       245    64.833     0.667     0.000     1.564    -1.297    27.989    64.833  1023.818  1542.424    31.115    10.778     0.020    32.417
       246    65.207     0.670     0.000     1.577    -1.297    28.335    65.207  1023.818  1533.575    31.114    10.779     0.020    32.604
       247    65.582     0.673     0.000     1.590    -1.298    28.684    65.582  1023.818  1524.820    31.114    10.779     0.020    32.791
       248    65.956     0.675     0.000     1.602    -1.299    29.035    65.956  1023.817  1516.155    31.113    10.780     0.020    32.978
       249    66.332     0.678     0.000     1.615    -1.299    29.389    66.332  1023.817  1507.576    31.113    10.780     0.020    33.166
       250    66.708     0.681     0.000     1.628    -1.300    29.746    66.708  1023.816  1499.078    31.112    10.780     0.020    33.354
       251    67.084     0.683     0.000     1.642    -1.301    30.105    67.084  1023.816  1490.659    31.112    10.781     0.020    33.542
       252    67.462     0.686     0.000     1.655    -1.302    30.468    67.462  1023.815  1482.312    31.111    10.781     0.020    33.731
       253    67.841     0.689     0.000     1.668    -1.304    30.834    67.841  1023.815  1474.035    31.111    10.782     0.020    33.920
       254    68.222     0.691     0.000     1.681    -1.305    31.203    68.222  1023.815  1465.797    31.110    10.782     0.020    34.111
       255    68.608     0.694     0.000     1.695    -1.306    31.575    68.608  1023.814  1457.556    31.110    10.782     0.020    34.304
       256    69.000     0.697     0.000     1.708    -1.308    31.951    69.000  1023.814  1449.278    31.109    10.783     0.020    34.500
       257    69.399     0.699     0.000     1.722    -1.309    32.331    69.399  1023.813  1440.936    31.109    10.783     0.020    34.700
       258    69.808     0.702     0.000     1.736    -1.311    32.715    69.808  1023.813  1432.508    31.109    10.784     0.020    34.904
       259    70.226     0.705     0.000     1.749    -1.313    33.103    70.226  1023.812  1423.974    31.108    10.784     0.020    35.113
       260    70.655     0.707     0.000     1.763    -1.315    33.496    70.655  1023.812  1415.321    31.108    10.784     0.020    35.328
       261    71.097     0.710     0.000     1.777    -1.317    33.894    71.097  1023.812  1406.533    31.107    10.785     0.020    35.548
       262    71.551     0.713     0.000     1.792    -1.319    34.297    71.551  1023.811  1397.600    31.107    10.785     0.020    35.776
       263    72.020     0.716     0.000     1.806    -1.321    34.706    72.020  1023.811  1388.509    31.106    10.786     0.020    36.010
       264    72.503     0.719     0.000     1.821    -1.324    35.121    72.503  1023.810  1379.250    31.106    10.786     0.020    36.252
       265    73.003     0.722     0.000     1.836    -1.326    35.542    73.003  1023.810  1369.812    31.105    10.787     0.020    36.501
       266    73.519     0.725     0.000     1.850    -1.329    35.971    73.519  1023.809  1360.186    31.105    10.787     0.020    36.760
       267    74.054     0.729     0.000     1.866    -1.332    36.406    74.054  1023.809  1350.362    31.104    10.787     0.020    37.027
       268    74.609     0.732     0.000     1.881    -1.335    36.849    74.609  1023.808  1340.328    31.104    10.788     0.020    37.304
       269    75.184     0.736     0.000     1.897    -1.338    37.301    75.184  1023.808  1330.074    31.103    10.788     0.020    37.592
       270    75.781     0.739     0.000     1.913    -1.341    37.762    75.781  1023.807  1319.589    31.103    10.789     0.020    37.891
       271    76.402     0.743     0.000     1.929    -1.345    38.232    76.402  1023.807  1308.862    31.102    10.789     0.020    38.201
       272    77.049     0.747     0.000     1.945    -1.348    38.712    77.049  1023.806  1297.880    31.101    10.790     0.020    38.524
       273    77.722     0.751     0.000     1.962    -1.352    39.204    77.722  1023.806  1286.629    31.101    10.790     0.020    38.861
       274    78.425     0.755     0.000     1.979    -1.356    39.707    78.425  1023.805  1275.096    31.100    10.790     0.020    39.213
       275    79.160     0.759     0.000     1.997    -1.361    40.224    79.160  1023.805  1263.264    31.100    10.791     0.020    39.580
       276    79.929     0.764     0.000     2.015    -1.365    40.754    79.929  1023.804  1251.116    31.099    10.791     0.020    39.964
       277    80.734     0.768     0.000     2.033    -1.370    41.300    80.734  1023.804  1238.634    31.098    10.792     0.020    40.367
       278    81.580     0.773     0.000     2.052    -1.375    41.862    81.580  1023.803  1225.796    31.098    10.792     0.020    40.790
       279    82.469     0.779     0.000     2.071    -1.380    42.443    82.469  1023.802  1212.578    31.097    10.793     0.020    41.234
       280    83.406     0.784     0.000     2.091    -1.386    43.043    83.406  1023.802  1198.953    31.096    10.793     0.020    41.703
       281    84.396     0.790     0.000     2.112    -1.392    43.666    84.396  1023.801  1184.891    31.096    10.794     0.020    42.198
       282    85.444     0.796     0.000     2.133    -1.398    44.313    85.444  1023.801  1170.357    31.095    10.794     0.020    42.722
       283    86.557     0.802     0.000     2.155    -1.405    44.987    86.557  1023.800  1155.309    31.094    10.795     0.020    43.278
       284    87.742     0.809     0.000     2.178    -1.412    45.692    87.742  1023.799  1139.699    31.094    10.795     0.020    43.871
       285    89.010     0.816     0.000     2.202    -1.419    46.432    89.010  1023.799  1123.471    31.093    10.795     0.020    44.505
       286    90.371     0.823     0.000     2.227    -1.427    47.211    90.371  1023.798  1106.554    31.092    10.796     0.020    45.185
       287    91.839     0.832     0.000     2.253    -1.436    48.036    91.839  1023.797  1088.867    31.091    10.796     0.020    45.919
       288    93.432     0.840     0.000     2.281    -1.446    48.914    93.432  1023.797  1070.302    31.090    10.797     0.020    46.716
       289    95.172     0.850     0.000     2.311    -1.456    49.855    95.172  1023.796  1050.728    31.090    10.797     0.020    47.586
       290    97.076     0.860     0.000     2.342    -1.467    50.865    97.076  1023.795  1030.125    31.089    10.797     0.020    48.538
       291    99.017     0.871     0.000     2.374    -1.478    51.874    99.017  1023.794  1009.926    31.088    10.798     0.020    49.509
       292   100.998     0.882     0.000     2.405    -1.490    52.879   100.998  1023.794   990.123    31.087    10.798     0.020    50.499
       293   103.018     0.893     0.000     2.436    -1.501    53.883   103.018  1023.793   970.708    31.086    10.798     0.020    51.509
       294   105.078     0.904     0.000     2.466    -1.513    54.889   105.078  1023.793   951.674    31.086    10.798     0.020    52.539
       295   107.180     0.916     0.000     2.497    -1.524    55.897   107.180  1023.792   933.013    31.085    10.798     0.020    53.590
       296   109.323     0.927     0.000     2.527    -1.536    56.909   109.323  1023.791   914.718    31.084    10.798     0.020    54.662
       297   111.510     0.939     0.000     2.558    -1.548    57.925   111.510  1023.791   896.782    31.084    10.798     0.020    55.755
       298   113.740     0.951     0.000     2.588    -1.559    58.948   113.740  1023.791   879.198    31.083    10.798     0.020    56.870
       299   116.015     0.964     0.000     2.618    -1.571    59.977   116.015  1023.790   861.959    31.082    10.798     0.020    58.007
       300   118.335     0.976     0.000     2.649    -1.583    61.014   118.335  1023.790   845.057    31.082    10.797     0.020    59.168
       301   120.702     0.989     0.000     2.679    -1.595    62.060   120.702  1023.790   828.487    31.081    10.797     0.020    60.351
       302   123.116     1.002     0.000     2.710    -1.607    63.116   123.116  1023.789   812.242    31.081    10.797     0.020    61.558
       303   125.578     1.015     0.000     2.740    -1.619    64.182   125.578  1023.789   796.316    31.081    10.796     0.020    62.789
       304   128.090     1.028     0.000     2.771    -1.630    65.260   128.090  1023.789   780.701    31.080    10.796     0.020    64.045
       305   130.652     1.042     0.000     2.802    -1.642    66.351   130.652  1023.789   765.393    31.080    10.795     0.020    65.326
       306   133.265     1.056     0.000     2.833    -1.654    67.456   133.265  1023.788   750.385    31.079    10.795     0.020    66.632
       307   135.930     1.070     0.000     2.865    -1.666    68.576   135.930  1023.788   735.672    31.079    10.794     0.020    67.965
       308   138.649     1.084     0.000     2.897    -1.678    69.712   138.649  1023.788   721.247    31.079    10.793     0.020    69.324
       309   141.422     1.099     0.000     2.929    -1.690    70.865   141.422  1023.788   707.105    31.079    10.793     0.020    70.711
       310   144.250     1.113     0.000     2.961    -1.702    72.038   144.250  1023.788   693.240    31.078    10.792     0.020    72.125
       311   147.135     1.128     0.000     2.994    -1.714    73.231   147.135  1023.788   679.647    31.078    10.791     0.020    73.568
---------------------------- Plume traps -----------------------------
       312   150.078     1.144     0.000     3.027    -1.726    74.446   150.078  1023.788   666.321    31.078    10.790     0.020    75.039
       313   153.079     1.159     0.000     3.061    -1.738    75.685   153.079  1023.788   653.256    31.078    10.789     0.020    76.540
       314   156.141     1.175     0.000     3.095    -1.749    76.950   156.141  1023.788   640.447    31.078    10.788     0.020    78.071
       315   159.264     1.191     0.000     3.130    -1.761    78.243   159.264  1023.788   627.889    31.078    10.787     0.020    79.632
       316   162.449     1.207     0.000     3.165    -1.773    79.566   162.449  1023.789   615.578    31.078    10.786     0.020    81.225
       317   165.472     1.223     0.000     3.199    -1.783    80.829   165.472  1023.789   604.330    31.078    10.785     0.020    82.736
       318   168.344     1.238     0.000     3.230    -1.793    82.025   168.344  1023.789   594.023    31.078    10.784     0.020    84.172
       319   171.048     1.252     0.000     3.260    -1.802    83.154   171.048  1023.789   584.630    31.078    10.783     0.020    85.524
       320   173.617     1.265     0.000     3.289    -1.811    84.232   173.617  1023.789   575.981    31.078    10.782     0.020    86.808
       321   176.064     1.278     0.000     3.316    -1.818    85.268   176.064  1023.789   567.976    31.078    10.781     0.020    88.032
       322   178.407     1.290     0.000     3.342    -1.826    86.270   178.407  1023.790   560.517    31.078    10.781     0.020    89.203
       323   180.657     1.301     0.000     3.368    -1.833    87.244   180.657  1023.790   553.535    31.078    10.780     0.020    90.328
       324   182.823     1.312     0.000     3.392    -1.839    88.194   182.823  1023.790   546.976    31.078    10.779     0.020    91.412
       325   184.913     1.323     0.000     3.416    -1.845    89.123   184.913  1023.790   540.796    31.078    10.778     0.020    92.456
       326   186.930     1.333     0.000     3.440    -1.851    90.034   186.930  1023.790   534.958    31.078    10.777     0.020    93.465
       327   188.881     1.343     0.000     3.463    -1.857    90.928   188.881  1023.790   529.433    31.078    10.777     0.020    94.441
       328   190.768     1.352     0.000     3.486    -1.862    91.808   190.768  1023.791   524.196    31.078    10.776     0.020    95.384
       329   192.595     1.361     0.000     3.508    -1.867    92.674   192.595  1023.791   519.224    31.078    10.775     0.020    96.298
       330   194.364     1.370     0.000     3.530    -1.872    93.529   194.364  1023.791   514.499    31.078    10.775     0.020    97.182
       331   196.077     1.379     0.000     3.551    -1.876    94.373   196.077  1023.791   510.004    31.078    10.774     0.020    98.038
       332   197.736     1.387     0.000     3.573    -1.881    95.207   197.736  1023.791   505.725    31.078    10.773     0.020    98.868
       333   199.342     1.395     0.000     3.594    -1.885    96.033   199.342  1023.791   501.650    31.079    10.773     0.020    99.671
       334   200.897     1.403     0.000     3.615    -1.889    96.850   200.897  1023.792   497.767    31.079    10.772     0.020   100.449
       335   202.402     1.410     0.000     3.635    -1.893    97.660   202.402  1023.792   494.066    31.079    10.772     0.020   101.201
       336   203.858     1.417     0.000     3.656    -1.896    98.463   203.858  1023.792   490.539    31.079    10.771     0.020   101.929
       337   205.265     1.424     0.000     3.676    -1.900    99.260   205.265  1023.792   487.176    31.079    10.771     0.020   102.632
       338   206.624     1.431     0.000     3.696    -1.903   100.052   206.624  1023.792   483.970    31.079    10.770     0.020   103.312
       339   207.936     1.437     0.000     3.716    -1.906   100.838   207.936  1023.792   480.916    31.079    10.770     0.020   103.968
       340   209.202     1.443     0.000     3.736    -1.909   101.620   209.202  1023.792   478.007    31.079    10.769     0.020   104.601
       341   210.422     1.449     0.000     3.755    -1.911   102.397   210.422  1023.793   475.236    31.079    10.769     0.020   105.211
       342   211.595     1.455     0.000     3.775    -1.914   103.170   211.595  1023.793   472.600    31.079    10.768     0.020   105.798
       343   212.723     1.460     0.000     3.794    -1.916   103.940   212.723  1023.793   470.094    31.079    10.768     0.020   106.362
       344   213.806     1.465     0.000     3.813    -1.919   104.707   213.806  1023.793   467.713    31.079    10.768     0.020   106.903
       345   214.844     1.470     0.000     3.833    -1.921   105.471   214.844  1023.793   465.453    31.079    10.767     0.020   107.422
       346   215.838     1.475     0.000     3.852    -1.923   106.232   215.838  1023.793   463.311    31.079    10.767     0.020   107.919
       347   216.787     1.479     0.000     3.871    -1.925   106.991   216.787  1023.793   461.283    31.079    10.766     0.020   108.393
       348   217.692     1.484     0.000     3.890    -1.926   107.748   217.692  1023.793   459.365    31.080    10.766     0.020   108.846
       349   218.553     1.488     0.000     3.909    -1.928   108.503   218.553  1023.793   457.555    31.080    10.766     0.020   109.276
       350   219.370     1.491     0.000     3.927    -1.929   109.256   219.370  1023.794   455.851    31.080    10.766     0.020   109.685
       351   220.144     1.495     0.000     3.946    -1.931   110.009   220.144  1023.794   454.248    31.080    10.765     0.020   110.072
       352   220.876     1.498     0.000     3.965    -1.932   110.760   220.876  1023.794   452.743    31.080    10.765     0.020   110.438
       353   221.565     1.502     0.000     3.984    -1.933   111.510   221.565  1023.794   451.335    31.080    10.765     0.020   110.782
       354   222.212     1.504     0.000     4.002    -1.934   112.260   222.212  1023.794   450.020    31.080    10.765     0.020   111.106
       355   222.819     1.507     0.000     4.021    -1.934   113.010   222.819  1023.794   448.794    31.080    10.764     0.020   111.410
       356   223.387     1.510     0.000     4.040    -1.935   113.759   223.387  1023.794   447.653    31.080    10.764     0.020   111.694
       357   223.919     1.512     0.000     4.058    -1.935   114.508   223.919  1023.794   446.590    31.080    10.764     0.020   111.959
       358   224.419     1.514     0.000     4.077    -1.936   115.258   224.419  1023.794   445.595    31.080    10.764     0.020   112.210
       359   224.899     1.516     0.000     4.096    -1.936   116.008   224.899  1023.794   444.644    31.080    10.764     0.020   112.449
       360   225.363     1.518     0.000     4.114    -1.936   116.758   225.363  1023.794   443.728    31.080    10.763     0.020   112.682
---------------------- Local maximum rise or fall --------------------
       361   225.816     1.520     0.000     4.133    -1.936   117.510   225.816  1023.794   442.839    31.080    10.763     0.020   112.908
       362   226.258     1.522     0.000     4.152    -1.936   118.264   226.258  1023.794   441.974    31.080    10.763     0.020   113.129
       363   226.691     1.524     0.000     4.171    -1.935   119.020   226.691  1023.794   441.129    31.080    10.763     0.020   113.346
       364   227.117     1.525     0.000     4.189    -1.935   119.778   227.117  1023.794   440.303    31.080    10.763     0.020   113.558
       365   227.535     1.527     0.000     4.208    -1.934   120.539   227.535  1023.794   439.494    31.080    10.763     0.020   113.767
       366   227.952     1.529     0.000     4.227    -1.934   121.304   227.952  1023.794   438.688    31.080    10.762     0.020   113.976
       367   228.379     1.530     0.000     4.246    -1.933   122.074   228.379  1023.794   437.868    31.080    10.762     0.020   114.190
       368   228.823     1.532     0.000     4.266    -1.932   122.848   228.823  1023.795   437.020    31.080    10.762     0.020   114.411
       369   229.288     1.533     0.000     4.285    -1.931   123.629   229.288  1023.795   436.133    31.080    10.762     0.020   114.644
       370   229.780     1.535     0.000     4.305    -1.930   124.416   229.780  1023.795   435.200    31.080    10.762     0.020   114.890
       371   230.301     1.537     0.000     4.324    -1.928   125.211   230.301  1023.795   434.214    31.080    10.762     0.020   115.151
       372   230.856     1.538     0.000     4.344    -1.927   126.016   230.856  1023.795   433.171    31.080    10.761     0.020   115.428
       373   231.446     1.540     0.000     4.364    -1.925   126.830   231.446  1023.795   432.066    31.080    10.761     0.020   115.723
       374   232.075     1.542     0.000     4.385    -1.923   127.657   232.075  1023.795   430.895    31.080    10.761     0.020   116.038
       375   232.746     1.545     0.000     4.406    -1.921   128.496   232.746  1023.795   429.652    31.080    10.761     0.020   116.373
       376   233.463     1.547     0.000     4.427    -1.919   129.350   233.463  1023.795   428.334    31.080    10.761     0.020   116.731
       377   234.227     1.549     0.000     4.448    -1.916   130.220   234.227  1023.795   426.936    31.080    10.760     0.020   117.114
       378   235.045     1.552     0.000     4.470    -1.914   131.108   235.045  1023.795   425.451    31.081    10.760     0.020   117.522
       379   235.919     1.555     0.000     4.492    -1.911   132.017   235.919  1023.795   423.875    31.081    10.760     0.020   117.959
       380   236.854     1.558     0.000     4.515    -1.908   132.948   236.854  1023.795   422.200    31.081    10.760     0.020   118.427
       381   237.858     1.561     0.000     4.539    -1.904   133.905   237.858  1023.795   420.419    31.081    10.759     0.020   118.929
       382   238.936     1.564     0.000     4.563    -1.901   134.891   238.936  1023.795   418.523    31.081    10.759     0.020   119.468
       383   240.096     1.568     0.000     4.588    -1.897   135.911   240.096  1023.796   416.500    31.081    10.759     0.020   120.048
       384   241.348     1.572     0.000     4.614    -1.893   136.967   241.348  1023.796   414.340    31.081    10.758     0.020   120.674
       385   242.703     1.576     0.000     4.641    -1.888   138.067   242.703  1023.796   412.027    31.081    10.758     0.020   121.351
       386   244.175     1.581     0.000     4.669    -1.883   139.216   244.175  1023.796   409.543    31.081    10.758     0.020   122.087
       387   245.781     1.586     0.000     4.699    -1.878   140.423   245.781  1023.796   406.867    31.081    10.757     0.020   122.890
       388   247.543     1.592     0.000     4.730    -1.872   141.699   247.543  1023.796   403.970    31.081    10.757     0.020   123.772
       389   249.490     1.598     0.000     4.763    -1.865   143.057   249.490  1023.796   400.817    31.081    10.756     0.020   124.745
       390   251.660     1.605     0.000     4.799    -1.858   144.516   251.660  1023.796   397.362    31.081    10.756     0.020   125.830
       391   254.104     1.613     0.000     4.837    -1.850   146.102   254.104  1023.796   393.539    31.081    10.755     0.020   127.052
       392   256.898     1.622     0.000     4.880    -1.841   147.850   256.898  1023.797   389.259    31.081    10.755     0.020   128.449
       393   260.156     1.633     0.000     4.927    -1.830   149.817   260.156  1023.797   384.385    31.081    10.754     0.020   130.078
       394   264.065     1.646     0.000     4.983    -1.818   152.095   264.065  1023.797   378.695    31.081    10.754     0.020   132.032
       395   268.968     1.662     0.000     5.049    -1.802   154.854   268.968  1023.797   371.792    31.081    10.753     0.020   134.484
       396   274.347     1.680     0.000     5.119    -1.785   157.779   274.347  1023.797   364.502    31.081    10.752     0.020   137.174
       397   279.834     1.699     0.000     5.188    -1.769   160.655   279.834  1023.797   357.355    31.081    10.751     0.020   139.917
       398   285.431     1.719     0.000     5.256    -1.753   163.491   285.431  1023.797   350.348    31.081    10.751     0.020   142.715
       399   291.139     1.739     0.000     5.323    -1.737   166.309   291.139  1023.797   343.478    31.081    10.750     0.020   145.570
---------------------------- Plume traps -----------------------------
       400   296.962     1.760     0.000     5.389    -1.722   169.126   296.962  1023.797   336.743    31.081    10.750     0.020   148.481
-------------------- Starting Farfield Calculations --------------------
Note: Plumes not merged, Brooks method may be overly conservative
Farfield dispersion based on wastefield width of :      49.76 (m)
4/3 Power Law based Eddy Diffusivity is used:
  Dilution     Width  Distance      Time    Bckgrd     Conc.
        ()       (m)       (m)    (hrs.)    (mg/L)    (mg/L)
   296.962    49.773     5.389     0.000     0.000   336.743
   296.962    50.178     6.000     0.009     0.000   337.788
   296.962    50.843     7.000     0.023     0.000   337.788
   296.962    51.511     8.000     0.037     0.000   337.788
   296.962    52.182     9.000     0.050     0.000   337.788
   296.963    52.857    10.000     0.064     0.000   337.788
   296.966    53.534    11.000     0.078     0.000   337.787
   296.981    54.213    12.000     0.092     0.000   337.787
   297.022    54.896    13.000     0.106     0.000   337.787
   297.111    55.582    14.000     0.120     0.000   337.787
   297.270    56.270    15.000     0.134     0.000   337.787
   297.521    56.961    16.000     0.148     0.000   337.304
   297.880    57.655    17.000     0.162     0.000   337.304
   298.361    58.352    18.000     0.175     0.000   337.304
   298.971    59.051    19.000     0.189     0.000   337.304
   299.715    59.754    20.000     0.203     0.000   337.304
   300.594    60.459    21.000     0.217     0.000   334.128
   301.606    61.167    22.000     0.231     0.000   334.128
   302.749    61.877    23.000     0.245     0.000   334.128
   304.018    62.590    24.000     0.259     0.000   334.128
   305.408    63.307    25.000     0.273     0.000   334.128
   306.913    64.025    26.000     0.287     0.000   327.398
   308.526    64.747    27.000     0.300     0.000   327.398
   310.243    65.471    28.000     0.314     0.000   327.398
   312.058    66.198    29.000     0.328     0.000   327.398
   313.964    66.927    30.000     0.342     0.000   327.398
   315.956    67.659    31.000     0.356     0.000   318.030
   318.030    68.394    32.000     0.370     0.000   318.030
   320.180    69.132    33.000     0.384     0.000   318.030
   322.402    69.872    34.000     0.398     0.000   318.030
   324.692    70.614    35.000     0.412     0.000   318.030
   327.046    71.360    36.000     0.425     0.000   307.156
   329.460    72.107    37.000     0.439     0.000   307.156
   331.931    72.858    38.000     0.453     0.000   307.156
   334.455    73.611    39.000     0.467     0.000   307.156
   337.031    74.367    40.000     0.481     0.000   307.156
   339.655    75.125    41.000     0.495     0.000   295.614
   342.324    75.886    42.000     0.509     0.000   295.614
   345.037    76.649    43.000     0.523     0.000   295.614
   347.791    77.415    44.000     0.537     0.000   295.614
   350.585    78.183    45.000     0.550     0.000   295.614
   353.416    78.954    46.000     0.564     0.000   283.943
   356.282    79.728    47.000     0.578     0.000   283.943
   359.184    80.504    48.000     0.592     0.000   283.943
   362.117    81.282    49.000     0.606     0.000   283.943
   365.083    82.063    50.000     0.620     0.000   283.943
   368.078    82.847    51.000     0.634     0.000   272.468
   371.102    83.633    52.000     0.648     0.000   272.468
   374.154    84.421    53.000     0.662     0.000   272.468
   377.233    85.212    54.000     0.675     0.000   272.468
   380.338    86.005    55.000     0.689     0.000   272.468
   383.468    86.801    56.000     0.703     0.000   272.468
   386.622    87.599    57.000     0.717     0.000   261.372
   389.799    88.400    58.000     0.731     0.000   261.372
   392.999    89.203    59.000     0.745     0.000   261.372
   396.221    90.008    60.000     0.759     0.000   261.372
   399.465    90.816    61.000     0.773     0.000   261.372
   402.729    91.626    62.000     0.787     0.000   250.753
   406.013    92.439    63.000     0.800     0.000   250.753
   409.316    93.254    64.000     0.814     0.000   250.753
   412.639    94.072    65.000     0.828     0.000   250.753
   415.981    94.891    66.000     0.842     0.000   250.753
   419.340    95.714    67.000     0.856     0.000   240.656
   422.718    96.538    68.000     0.870     0.000   240.656
   426.112    97.365    69.000     0.884     0.000   240.656
   429.524    98.194    70.000     0.898     0.000   240.656
   432.952    99.026    71.000     0.912     0.000   240.656
   436.397    99.860    72.000     0.925     0.000   231.091
   439.857   100.696    73.000     0.939     0.000   231.091
   443.333   101.535    74.000     0.953     0.000   231.091
   446.825   102.376    75.000     0.967     0.000   231.091
   450.332   103.219    76.000     0.981     0.000   231.091
   453.853   104.064    77.000     0.995     0.000   222.052
   457.389   104.912    78.000     1.009     0.000   222.052
   460.940   105.762    79.000     1.023     0.000   222.052
   464.504   106.615    80.000     1.037     0.000   222.052
   468.083   107.469    81.000     1.050     0.000   222.052
   471.675   108.326    82.000     1.064     0.000   213.520
   475.281   109.185    83.000     1.078     0.000   213.520
   478.900   110.047    84.000     1.092     0.000   213.520
   482.532   110.910    85.000     1.106     0.000   213.520
   486.177   111.776    86.000     1.120     0.000   213.520
   489.835   112.645    87.000     1.134     0.000   205.472
   493.506   113.515    88.000     1.148     0.000   205.472
   497.189   114.388    89.000     1.162     0.000   205.472
   500.885   115.263    90.000     1.175     0.000   205.472
   504.593   116.140    91.000     1.189     0.000   205.472
   508.313   117.019    92.000     1.203     0.000   197.880
   512.045   117.901    93.000     1.217     0.000   197.880
   515.789   118.784    94.000     1.231     0.000   197.880
   519.545   119.670    95.000     1.245     0.000   197.880
   523.312   120.558    96.000     1.259     0.000   197.880
   527.091   121.449    97.000     1.273     0.000   190.716
   530.881   122.341    98.000     1.287     0.000   190.716
   534.683   123.236    99.000     1.300     0.000   190.716
   538.496   124.133   100.000     1.314     0.000   190.716
   542.320   125.032   101.000     1.328     0.000   190.716
   546.155   125.933   102.000     1.342     0.000   183.953
   550.002   126.836   103.000     1.356     0.000   183.953
   553.859   127.742   104.000     1.370     0.000   183.953
   557.727   128.649   105.000     1.384     0.000   183.953
   561.605   129.559   106.000     1.398     0.000   183.953
   565.495   130.471   107.000     1.412     0.000   177.564
   569.394   131.385   108.000     1.425     0.000   177.564
   573.305   132.301   109.000     1.439     0.000   177.564
   577.226   133.219   110.000     1.453     0.000   177.564
   581.157   134.139   111.000     1.467     0.000   177.564
   585.099   135.062   112.000     1.481     0.000   171.524
   589.050   135.987   113.000     1.495     0.000   171.524
   593.012   136.913   114.000     1.509     0.000   171.524
   596.985   137.842   115.000     1.523     0.000   171.524
   600.967   138.773   116.000     1.537     0.000   171.524
   604.959   139.706   117.000     1.550     0.000   165.809
   608.962   140.641   118.000     1.564     0.000   165.809
   612.974   141.578   119.000     1.578     0.000   165.809
   616.996   142.517   120.000     1.592     0.000   165.809
   621.028   143.458   121.000     1.606     0.000   165.809
   625.069   144.402   122.000     1.620     0.000   160.397
   629.121   145.347   123.000     1.634     0.000   160.397
   633.182   146.295   124.000     1.648     0.000   160.397
   637.253   147.244   125.000     1.662     0.000   160.397
   641.333   148.196   126.000     1.675     0.000   160.397
   645.423   149.149   127.000     1.689     0.000   155.266
   649.522   150.105   128.000     1.703     0.000   155.266
   653.631   151.062   129.000     1.717     0.000   155.266
   657.750   152.022   130.000     1.731     0.000   155.266
   661.877   152.984   131.000     1.745     0.000   155.266
   666.014   153.947   132.000     1.759     0.000   150.398
   670.161   154.913   133.000     1.773     0.000   150.398
   674.316   155.881   134.000     1.787     0.000   150.398
   678.481   156.851   135.000     1.800     0.000   150.398
   682.655   157.822   136.000     1.814     0.000   150.398
   686.839   158.796   137.000     1.828     0.000   150.398
   691.031   159.772   138.000     1.842     0.000   145.776
   695.232   160.749   139.000     1.856     0.000   145.776
   699.443   161.729   140.000     1.870     0.000   145.776
   703.663   162.711   141.000     1.884     0.000   145.776
   707.891   163.694   142.000     1.898     0.000   145.776
   712.129   164.680   143.000     1.912     0.000   141.382
   716.375   165.668   144.000     1.925     0.000   141.382
   720.631   166.657   145.000     1.939     0.000   141.382
   724.895   167.649   146.000     1.953     0.000   141.382
   729.169   168.642   147.000     1.967     0.000   141.382
   733.451   169.638   148.000     1.981     0.000   137.202
   737.742   170.635   149.000     1.995     0.000   137.202
   742.041   171.635   150.000     2.009     0.000   137.202
   746.350   172.636   151.000     2.023     0.000   137.202
   750.667   173.639   152.000     2.037     0.000   137.202
   754.993   174.644   153.000     2.050     0.000   133.222
   759.327   175.651   154.000     2.064     0.000   133.222
   763.670   176.660   155.000     2.078     0.000   133.222
   768.022   177.671   156.000     2.092     0.000   133.222
   772.383   178.684   157.000     2.106     0.000   133.222
   776.752   179.699   158.000     2.120     0.000   129.429
   781.129   180.716   159.000     2.134     0.000   129.429
   785.515   181.734   160.000     2.148     0.000   129.429
   789.910   182.755   161.000     2.162     0.000   129.429
   794.313   183.777   162.000     2.175     0.000   129.429
   798.725   184.802   163.000     2.189     0.000   125.811
   803.145   185.828   164.000     2.203     0.000   125.811
   807.573   186.856   165.000     2.217     0.000   125.811
   812.010   187.886   166.000     2.231     0.000   125.811
   816.455   188.918   167.000     2.245     0.000   125.811
   820.909   189.952   168.000     2.259     0.000   122.358
   825.370   190.987   169.000     2.273     0.000   122.358
   829.841   192.025   170.000     2.287     0.000   122.358
   834.319   193.064   171.000     2.300     0.000   122.358
   838.806   194.106   172.000     2.314     0.000   122.358
   843.301   195.149   173.000     2.328     0.000   119.058
   847.804   196.194   174.000     2.342     0.000   119.058
   852.316   197.240   175.000     2.356     0.000   119.058
   856.836   198.289   176.000     2.370     0.000   119.058
   861.363   199.340   177.000     2.384     0.000   119.058
   865.899   200.392   178.000     2.398     0.000   115.904
   870.444   201.446   179.000     2.412     0.000   115.904
   874.996   202.503   180.000     2.425     0.000   115.904
   879.556   203.560   181.000     2.439     0.000   115.904
   884.125   204.620   182.000     2.453     0.000   115.904
   888.702   205.682   183.000     2.467     0.000   112.886
   893.286   206.745   184.000     2.481     0.000   112.886
   897.879   207.811   185.000     2.495     0.000   112.886
   902.480   208.878   186.000     2.509     0.000   112.886
   907.088   209.947   187.000     2.523     0.000   112.886
   911.705   211.017   188.000     2.537     0.000   109.995
   916.330   212.090   189.000     2.550     0.000   109.995
   920.962   213.164   190.000     2.564     0.000   109.995
   925.603   214.240   191.000     2.578     0.000   109.995
   930.251   215.318   192.000     2.592     0.000   109.995
   934.908   216.398   193.000     2.606     0.000   107.226
   939.572   217.480   194.000     2.620     0.000   107.226
   944.244   218.563   195.000     2.634     0.000   107.226
   948.924   219.648   196.000     2.648     0.000   107.226
   953.612   220.735   197.000     2.662     0.000   107.226
   958.308   221.824   198.000     2.675     0.000   104.571
   963.011   222.914   199.000     2.689     0.000   104.571
   967.723   224.007   200.000     2.703     0.000   104.571
   972.442   225.101   201.000     2.717     0.000   104.571
   977.169   226.196   202.000     2.731     0.000   104.571
   981.903   227.294   203.000     2.745     0.000   102.023
   986.646   228.393   204.000     2.759     0.000   102.023
   991.396   229.495   205.000     2.773     0.000   102.023
   996.154   230.598   206.000     2.787     0.000   102.023
............................. Reached Chronic Mixing Zone ..........................
  1000.919   231.702   207.000     2.800     0.000   102.023
  1005.692   232.809   208.000     2.814     0.000    99.576
  1010.473   233.917   209.000     2.828     0.000    99.576
  1015.262   235.027   210.000     2.842     0.000    99.576
  1020.058   236.139   211.000     2.856     0.000    99.576
  1024.862   237.252   212.000     2.870     0.000    99.576
  1029.673   238.367   213.000     2.884     0.000    97.226
  1034.492   239.484   214.000     2.898     0.000    97.226
  1039.319   240.603   215.000     2.912     0.000    97.226
  1044.153   241.723   216.000     2.925     0.000    97.226
  1048.994   242.845   217.000     2.939     0.000    97.226
  1053.844   243.969   218.000     2.953     0.000    97.226
  1058.700   245.095   219.000     2.967     0.000    94.966
  1063.565   246.222   220.000     2.981     0.000    94.966
  1068.437   247.351   221.000     2.995     0.000    94.966
  1073.316   248.482   222.000     3.009     0.000    94.966
  1078.203   249.614   223.000     3.023     0.000    94.966
  1083.097   250.749   224.000     3.037     0.000    92.793
  1087.999   251.885   225.000     3.050     0.000    92.793
  1092.908   253.022   226.000     3.064     0.000    92.793
  1097.825   254.162   227.000     3.078     0.000    92.793
  1102.749   255.303   228.000     3.092     0.000    92.793
  1107.680   256.445   229.000     3.106     0.000    90.701
  1112.619   257.590   230.000     3.120     0.000    90.701
  1117.565   258.736   231.000     3.134     0.000    90.701
  1122.519   259.884   232.000     3.148     0.000    90.701
  1127.480   261.033   233.000     3.162     0.000    90.701
  1132.448   262.184   234.000     3.175     0.000    88.686
  1137.424   263.337   235.000     3.189     0.000    88.686
  1142.407   264.492   236.000     3.203     0.000    88.686
  1147.397   265.648   237.000     3.217     0.000    88.686
  1152.395   266.806   238.000     3.231     0.000    88.686
  1157.399   267.966   239.000     3.245     0.000    86.745
  1162.412   269.127   240.000     3.259     0.000    86.745
  1167.431   270.290   241.000     3.273     0.000    86.745
  1172.458   271.455   242.000     3.287     0.000    86.745
  1177.492   272.621   243.000     3.300     0.000    86.745
  1182.533   273.789   244.000     3.314     0.000    84.873
  1187.581   274.959   245.000     3.328     0.000    84.873
  1192.637   276.130   246.000     3.342     0.000    84.873
  1197.700   277.303   247.000     3.356     0.000    84.873
  1202.770   278.478   248.000     3.370     0.000    84.873
  1207.847   279.654   249.000     3.384     0.000    83.068
  1212.931   280.832   250.000     3.398     0.000    83.068
  1218.023   282.011   251.000     3.412     0.000    83.068
  1223.122   283.193   252.000     3.425     0.000    83.068
  1228.227   284.375   253.000     3.439     0.000    83.068
  1233.340   285.560   254.000     3.453     0.000    81.325
  1238.460   286.746   255.000     3.467     0.000    81.325
  1243.588   287.934   256.000     3.481     0.000    81.325
  1248.722   289.123   257.000     3.495     0.000    81.325
  1253.863   290.314   258.000     3.509     0.000    81.325
  1259.012   291.507   259.000     3.523     0.000    79.643
  1264.167   292.701   260.000     3.537     0.000    79.643
  1269.330   293.897   261.000     3.550     0.000    79.643
  1274.499   295.095   262.000     3.564     0.000    79.643
  1279.676   296.294   263.000     3.578     0.000    79.643
  1284.859   297.495   264.000     3.592     0.000    78.018
  1290.050   298.697   265.000     3.606     0.000    78.018
  1295.248   299.901   266.000     3.620     0.000    78.018
  1300.453   301.107   267.000     3.634     0.000    78.018
  1305.664   302.314   268.000     3.648     0.000    78.018
  1310.883   303.523   269.000     3.662     0.000    76.447
  1316.108   304.734   270.000     3.675     0.000    76.447
  1321.341   305.946   271.000     3.689     0.000    76.447
  1326.580   307.159   272.000     3.703     0.000    76.447
  1331.827   308.375   273.000     3.717     0.000    76.447
  1337.080   309.591   274.000     3.731     0.000    74.928
  1342.341   310.810   275.000     3.745     0.000    74.928
  1347.608   312.030   276.000     3.759     0.000    74.928
  1352.882   313.252   277.000     3.773     0.000    74.928
  1358.163   314.475   278.000     3.787     0.000    74.928
  1363.451   315.700   279.000     3.800     0.000    73.459
  1368.745   316.926   280.000     3.814     0.000    73.459
  1374.047   318.154   281.000     3.828     0.000    73.459
  1379.355   319.384   282.000     3.842     0.000    73.459
  1384.671   320.615   283.000     3.856     0.000    73.459
  1389.993   321.848   284.000     3.870     0.000    72.037
  1395.322   323.082   285.000     3.884     0.000    72.037
  1400.658   324.318   286.000     3.898     0.000    72.037
  1406.000   325.556   287.000     3.912     0.000    72.037
  1411.350   326.795   288.000     3.925     0.000    72.037
  1416.706   328.035   289.000     3.939     0.000    70.661
  1422.069   329.277   290.000     3.953     0.000    70.661
  1427.438   330.521   291.000     3.967     0.000    70.661
  1432.815   331.766   292.000     3.981     0.000    70.661
  1438.198   333.013   293.000     3.995     0.000    70.661
  1443.588   334.262   294.000     4.009     0.000    69.328
  1448.985   335.512   295.000     4.023     0.000    69.328
  1454.388   336.763   296.000     4.037     0.000    69.328
  1459.798   338.016   297.000     4.050     0.000    69.328
  1465.215   339.271   298.000     4.064     0.000    69.328
  1470.639   340.527   299.000     4.078     0.000    69.328
  1476.069   341.785   300.000     4.092     0.000    68.036
  1481.506   343.044   301.000     4.106     0.000    68.036
  1486.950   344.305   302.000     4.120     0.000    68.036
  1492.400   345.567   303.000     4.134     0.000    68.036
  1497.857   346.831   304.000     4.148     0.000    68.036
  1503.321   348.097   305.000     4.162     0.000    66.784
  1508.791   349.364   306.000     4.175     0.000    66.784
  1514.268   350.632   307.000     4.189     0.000    66.784
  1519.752   351.902   308.000     4.203     0.000    66.784
  1525.242   353.174   309.000     4.217     0.000    66.784
  1530.738   354.447   310.000     4.231     0.000    65.569
  1536.242   355.722   311.000     4.245     0.000    65.569
  1541.752   356.998   312.000     4.259     0.000    65.569
  1547.268   358.275   313.000     4.273     0.000    65.569
  1552.792   359.555   314.000     4.287     0.000    65.569
  1558.321   360.835   315.000     4.300     0.000    64.391
  1563.857   362.118   316.000     4.314     0.000    64.391
  1569.400   363.401   317.000     4.328     0.000    64.391
  1574.950   364.687   318.000     4.342     0.000    64.391
  1580.506   365.973   319.000     4.356     0.000    64.391
  1586.068   367.262   320.000     4.370     0.000    63.248
  1591.637   368.551   321.000     4.384     0.000    63.248
  1597.213   369.843   322.000     4.398     0.000    63.248
  1602.795   371.135   323.000     4.412     0.000    63.248
  1608.383   372.430   324.000     4.425     0.000    63.248
  1613.978   373.726   325.000     4.439     0.000    62.138
  1619.579   375.023   326.000     4.453     0.000    62.138
  1625.187   376.322   327.000     4.467     0.000    62.138
  1630.802   377.622   328.000     4.481     0.000    62.138
  1636.423   378.924   329.000     4.495     0.000    62.138
  1642.050   380.227   330.000     4.509     0.000    61.061
  1647.684   381.532   331.000     4.523     0.000    61.061
  1653.324   382.838   332.000     4.537     0.000    61.061
  1658.971   384.146   333.000     4.550     0.000    61.061
  1664.624   385.455   334.000     4.564     0.000    61.061
  1670.283   386.766   335.000     4.578     0.000    60.014
  1675.949   388.078   336.000     4.592     0.000    60.014
  1681.622   389.392   337.000     4.606     0.000    60.014
  1687.300   390.707   338.000     4.620     0.000    60.014
  1692.985   392.023   339.000     4.634     0.000    60.014
  1698.677   393.342   340.000     4.648     0.000    58.997
  1704.375   394.661   341.000     4.662     0.000    58.997
  1710.079   395.982   342.000     4.675     0.000    58.997
  1715.789   397.305   343.000     4.689     0.000    58.997
  1721.506   398.629   344.000     4.703     0.000    58.997
  1727.230   399.954   345.000     4.717     0.000    58.008
  1732.959   401.281   346.000     4.731     0.000    58.008
  1738.695   402.610   347.000     4.745     0.000    58.008
  1744.438   403.939   348.000     4.759     0.000    58.008
  1750.186   405.271   349.000     4.773     0.000    58.008
  1755.941   406.604   350.000     4.787     0.000    57.046
  1761.702   407.938   351.000     4.800     0.000    57.046
  1767.470   409.273   352.000     4.814     0.000    57.046
  1773.243   410.611   353.000     4.828     0.000    57.046
  1779.024   411.949   354.000     4.842     0.000    57.046
  1784.810   413.289   355.000     4.856     0.000    56.111
  1790.602   414.631   356.000     4.870     0.000    56.111
  1796.401   415.974   357.000     4.884     0.000    56.111
  1802.206   417.318   358.000     4.898     0.000    56.111
  1808.018   418.664   359.000     4.912     0.000    56.111
  1813.835   420.011   360.000     4.925     0.000    55.201
  1819.659   421.360   361.000     4.939     0.000    55.201
  1825.489   422.710   362.000     4.953     0.000    55.201
  1831.326   424.062   363.000     4.967     0.000    55.201
  1837.168   425.415   364.000     4.981     0.000    55.201
  1843.017   426.769   365.000     4.995     0.000    54.315
  1848.872   428.125   366.000     5.009     0.000    54.315
  1854.733   429.483   367.000     5.023     0.000    54.315
  1860.600   430.841   368.000     5.037     0.000    54.315
  1866.474   432.202   369.000     5.050     0.000    54.315
  1872.353   433.563   370.000     5.064     0.000    53.453
  1878.239   434.926   371.000     5.078     0.000    53.453
  1884.131   436.291   372.000     5.092     0.000    53.453
  1890.029   437.657   373.000     5.106     0.000    53.453
  1895.934   439.024   374.000     5.120     0.000    53.453
  1901.844   440.393   375.000     5.134     0.000    52.613
  1907.760   441.763   376.000     5.148     0.000    52.613
  1913.683   443.135   377.000     5.162     0.000    52.613
  1919.612   444.508   378.000     5.175     0.000    52.613
  1925.547   445.882   379.000     5.189     0.000    52.613
  1931.488   447.258   380.000     5.203     0.000    52.613
  1937.435   448.635   381.000     5.217     0.000    51.795
  1943.388   450.014   382.000     5.231     0.000    51.795
  1949.348   451.394   383.000     5.245     0.000    51.795
  1955.313   452.775   384.000     5.259     0.000    51.795
  1961.285   454.158   385.000     5.273     0.000    51.795
  1967.262   455.543   386.000     5.287     0.000    50.998
  1973.246   456.928   387.000     5.300     0.000    50.998
  1979.235   458.315   388.000     5.314     0.000    50.998
  1985.231   459.704   389.000     5.328     0.000    50.998
  1991.233   461.094   390.000     5.342     0.000    50.998
  1997.241   462.485   391.000     5.356     0.000    50.222
  2003.255   463.878   392.000     5.370     0.000    50.222
  2009.274   465.272   393.000     5.384     0.000    50.222
  2015.300   466.667   394.000     5.398     0.000    50.222
  2021.332   468.064   395.000     5.412     0.000    50.222
  2027.370   469.462   396.000     5.425     0.000    49.464
  2033.414   470.862   397.000     5.439     0.000    49.464
  2039.464   472.263   398.000     5.453     0.000    49.464
  2045.520   473.666   399.000     5.467     0.000    49.464
  2051.582   475.069   400.000     5.481     0.000    49.464
  2057.650   476.475   401.000     5.495     0.000    48.726
  2063.724   477.881   402.000     5.509     0.000    48.726
  2069.804   479.289   403.000     5.523     0.000    48.726
  2075.889   480.698   404.000     5.537     0.000    48.726
  2081.981   482.109   405.000     5.550     0.000    48.726
  2088.079   483.521   406.000     5.564     0.000    48.006
  2094.183   484.935   407.000     5.578     0.000    48.006
  2100.292   486.350   408.000     5.592     0.000    48.006
  2106.408   487.766   409.000     5.606     0.000    48.006
  2112.529   489.183   410.000     5.620     0.000    48.006
  2118.657   490.602   411.000     5.634     0.000    47.303
  2124.790   492.023   412.000     5.648     0.000    47.303
  2130.929   493.444   413.000     5.662     0.000    47.303
  2137.074   494.868   414.000     5.675     0.000    47.303
  2143.225   496.292   415.000     5.689     0.000    47.303
  2149.382   497.718   416.000     5.703     0.000    46.618
  2155.545   499.145   417.000     5.717     0.000    46.618
  2161.714   500.573   418.000     5.731     0.000    46.618
  2167.888   502.003   419.000     5.745     0.000    46.618
  2174.069   503.435   420.000     5.759     0.000    46.618
  2180.255   504.867   421.000     5.773     0.000    45.948
  2186.447   506.301   422.000     5.787     0.000    45.948
  2192.645   507.736   423.000     5.800     0.000    45.948
  2198.849   509.173   424.000     5.814     0.000    45.948
  2205.059   510.611   425.000     5.828     0.000    45.948
  2211.274   512.051   426.000     5.842     0.000    45.295
  2217.496   513.491   427.000     5.856     0.000    45.295
  2223.723   514.933   428.000     5.870     0.000    45.295
  2229.956   516.377   429.000     5.884     0.000    45.295
  2236.195   517.822   430.000     5.898     0.000    45.295
  2242.439   519.268   431.000     5.912     0.000    44.657
  2248.690   520.715   432.000     5.925     0.000    44.657
  2254.946   522.164   433.000     5.939     0.000    44.657
  2261.208   523.614   434.000     5.953     0.000    44.657
  2267.476   525.065   435.000     5.967     0.000    44.657
  2273.749   526.518   436.000     5.981     0.000    44.034
  2280.029   527.972   437.000     5.995     0.000    44.034
  2286.314   529.428   438.000     6.009     0.000    44.034
  2292.605   530.885   439.000     6.023     0.000    44.034
  2298.902   532.343   440.000     6.037     0.000    44.034
  2305.204   533.802   441.000     6.050     0.000    43.425
  2311.512   535.263   442.000     6.064     0.000    43.425
  2317.826   536.725   443.000     6.078     0.000    43.425
  2324.146   538.189   444.000     6.092     0.000    43.425
  2330.471   539.654   445.000     6.106     0.000    43.425
  2336.803   541.120   446.000     6.120     0.000    42.830
  2343.139   542.587   447.000     6.134     0.000    42.830
  2349.482   544.056   448.000     6.148     0.000    42.830
  2355.830   545.526   449.000     6.162     0.000    42.830
  2362.184   546.998   450.000     6.175     0.000    42.830
  2368.544   548.470   451.000     6.189     0.000    42.249
  2374.910   549.944   452.000     6.203     0.000    42.249
  2381.281   551.420   453.000     6.217     0.000    42.249
  2387.657   552.897   454.000     6.231     0.000    42.249
  2394.040   554.375   455.000     6.245     0.000    42.249
  2400.428   555.854   456.000     6.259     0.000    41.680
  2406.822   557.335   457.000     6.273     0.000    41.680
  2413.222   558.816   458.000     6.287     0.000    41.680
  2419.627   560.300   459.000     6.300     0.000    41.680
  2426.038   561.784   460.000     6.314     0.000    41.680
  2432.454   563.270   461.000     6.328     0.000    41.680
  2438.876   564.757   462.000     6.342     0.000    41.124
  2445.304   566.246   463.000     6.356     0.000    41.124
  2451.737   567.736   464.000     6.370     0.000    41.124
  2458.177   569.227   465.000     6.384     0.000    41.124
  2464.621   570.719   466.000     6.398     0.000    41.124
  2471.072   572.213   467.000     6.412     0.000    40.581
  2477.527   573.708   468.000     6.425     0.000    40.581
  2483.989   575.204   469.000     6.439     0.000    40.581
  2490.456   576.702   470.000     6.453     0.000    40.581
  2496.929   578.201   471.000     6.467     0.000    40.581
  2503.407   579.701   472.000     6.481     0.000    40.049
  2509.891   581.203   473.000     6.495     0.000    40.049
  2516.381   582.705   474.000     6.509     0.000    40.049
  2522.876   584.209   475.000     6.523     0.000    40.049
  2529.377   585.715   476.000     6.537     0.000    40.049
  2535.883   587.222   477.000     6.550     0.000    39.529
  2542.395   588.730   478.000     6.564     0.000    39.529
  2548.912   590.239   479.000     6.578     0.000    39.529
  2555.435   591.749   480.000     6.592     0.000    39.529
  2561.964   593.261   481.000     6.606     0.000    39.529
  2568.498   594.774   482.000     6.620     0.000    39.020
  2575.038   596.289   483.000     6.634     0.000    39.020
  2581.583   597.804   484.000     6.648     0.000    39.020
  2588.134   599.321   485.000     6.662     0.000    39.020
  2594.690   600.840   486.000     6.675     0.000    39.020
  2601.252   602.359   487.000     6.689     0.000    38.522
  2607.819   603.880   488.000     6.703     0.000    38.522
  2614.392   605.402   489.000     6.717     0.000    38.522
  2620.970   606.925   490.000     6.731     0.000    38.522
  2627.554   608.450   491.000     6.745     0.000    38.522
  2634.143   609.976   492.000     6.759     0.000    38.034
  2640.738   611.503   493.000     6.773     0.000    38.034
  2647.338   613.032   494.000     6.787     0.000    38.034
  2653.944   614.561   495.000     6.800     0.000    38.034
  2660.556   616.092   496.000     6.814     0.000    38.034
  2667.172   617.625   497.000     6.828     0.000    37.556
  2673.795   619.158   498.000     6.842     0.000    37.556
  2680.423   620.693   499.000     6.856     0.000    37.556
  2687.056   622.229   500.000     6.870     0.000    37.556
  2693.694   623.766   501.000     6.884     0.000    37.556
  2697.141   624.564   501.519     6.891     0.000    37.089
