****************************************************************************************************
----------------------------------------------------------------------------------------------------
Ambient Table:
     Depth   Amb-cur   Amb-dir   Amb-sal   Amb-tem   Amb-pol     Decay   Far-spd   Far-dir   Disprsn
       (m)     (m/s)     (deg)     (psu)       (C)    (mg/L)   (1/day)     (m/s)     (deg)(m0.67/s2)
     0.000     0.090     0.000    32.000    14.000     0.000     0.000     0.050     0.000   0.00030
     2.000     0.085     0.000    32.000    12.000     0.000     0.000     0.050     0.000   0.00030
     4.000     0.070     0.000    32.000     8.000     0.000     0.000     0.050     0.000   0.00030
     6.000     0.065     0.000    32.000     8.000     0.000     0.000     0.050     0.000   0.00030
     8.000     0.060     0.000    32.000     8.000     0.000     0.000     0.050     0.000   0.00030
    10.000     0.055     0.000    32.000     8.000     0.000     0.000     0.050     0.000   0.00030
    12.000     0.050     0.000    32.000     8.000     0.000     0.000     0.050     0.000   0.00030
----------------------------------------------------------------------------------------------------
Diffuser Table:
     P-dia    P-elev   V-angle   H-angle     Ports   Spacing   AcuteMZ   ChrncMZ   P-depth   Ttl-flo   Eff-sal      Temp   Polutnt
       (m)       (m)     (deg)     (deg)       ( )       (m)       (m)       (m)       (m)     (MGD)     (psu)       (C)    (mg/L)
      0.08      0.31     45.00     30.00     18.00      6.10     10.20    102.00     11.00      8.00      0.00      2.63    100.00
----------------------------------------------------------------------------------------------------
Simulation Results:
              Dilutn     P-dia    x-posn    y-posn     Depth        DO
      Step (FluxAvg)       (m)       (m)       (m)       (m)    (mg/L)
         1     1.019     0.077     0.002     0.001   -10.997     1.961
         2     1.039     0.078     0.004     0.003   -10.995     2.079
         3     1.060     0.080     0.007     0.004   -10.992     2.195
         4     1.080     0.081     0.009     0.005   -10.990     2.309
         5     1.101     0.083     0.011     0.007   -10.987     2.421
         6     1.123     0.085     0.014     0.008   -10.984     2.530
         7     1.145     0.086     0.016     0.009   -10.981     2.637
         8     1.167     0.088     0.019     0.011   -10.978     2.742
         9     1.190     0.090     0.022     0.012   -10.975     2.846
        10     1.213     0.091     0.024     0.014   -10.972     2.947
        11     1.237     0.093     0.027     0.015   -10.969     3.046
        12     1.261     0.095     0.030     0.017   -10.966     3.143
        13     1.286     0.097     0.032     0.019   -10.963     3.238
        14     1.311     0.099     0.035     0.020   -10.959     3.331
        15     1.337     0.101     0.038     0.022   -10.956     3.423
        16     1.363     0.103     0.041     0.024   -10.953     3.513
        17     1.390     0.105     0.044     0.025   -10.949     3.601
        18     1.417     0.107     0.047     0.027   -10.946     3.687
        19     1.445     0.109     0.050     0.029   -10.942     3.772
        20     1.474     0.111     0.054     0.031   -10.938     3.854
        21     1.503     0.113     0.057     0.033   -10.935     3.936
        22     1.532     0.116     0.060     0.035   -10.931     4.015
        23     1.562     0.118     0.064     0.036   -10.927     4.094
        24     1.593     0.120     0.067     0.038   -10.923     4.170
        25     1.624     0.122     0.071     0.040   -10.919     4.245
        26     1.656     0.125     0.074     0.043   -10.915     4.319
        27     1.689     0.127     0.078     0.045   -10.911     4.391
        28     1.722     0.130     0.082     0.047   -10.906     4.462
        29     1.756     0.132     0.085     0.049   -10.902     4.531
        30     1.791     0.135     0.089     0.051   -10.898     4.599
        31     1.826     0.138     0.093     0.053   -10.893     4.666
        32     1.862     0.140     0.097     0.056   -10.888     4.731
        33     1.899     0.143     0.101     0.058   -10.884     4.795
        34     1.937     0.146     0.106     0.060   -10.879     4.858
        35     1.975     0.149     0.110     0.063   -10.874     4.920
        36     2.014     0.152     0.114     0.065   -10.869     4.980
        37     2.054     0.155     0.119     0.068   -10.864     5.039
        38     2.094     0.158     0.123     0.070   -10.859     5.097
        39     2.136     0.161     0.128     0.073   -10.854     5.154
        40     2.178     0.164     0.133     0.076   -10.848     5.210
        41     2.221     0.167     0.138     0.078   -10.843     5.265
        42     2.265     0.171     0.142     0.081   -10.837     5.319
        43     2.310     0.174     0.148     0.084   -10.831     5.371
        44     2.355     0.177     0.153     0.087   -10.826     5.423
        45     2.402     0.181     0.158     0.090   -10.820     5.473
        46     2.450     0.184     0.163     0.093   -10.814     5.523
        47     2.498     0.188     0.169     0.096   -10.808     5.571
        48     2.548     0.192     0.174     0.099   -10.801     5.619
        49     2.598     0.195     0.180     0.102   -10.795     5.666
        50     2.650     0.199     0.185     0.105   -10.789     5.711
        51     2.702     0.203     0.191     0.109   -10.782     5.756
        52     2.756     0.207     0.197     0.112   -10.775     5.800
        53     2.810     0.211     0.203     0.115   -10.768     5.843
        54     2.866     0.215     0.209     0.119   -10.761     5.886
        55     2.923     0.220     0.216     0.122   -10.754     5.927
        56     2.981     0.224     0.222     0.126   -10.747     5.968
        57     3.040     0.228     0.229     0.129   -10.740     6.008
        58     3.100     0.233     0.235     0.133   -10.732     6.047
        59     3.162     0.237     0.242     0.137   -10.725     6.085
        60     3.225     0.242     0.249     0.141   -10.717     6.123
        61     3.289     0.247     0.256     0.145   -10.709     6.159
        62     3.354     0.251     0.263     0.148   -10.701     6.195
        63     3.421     0.256     0.271     0.153   -10.693     6.231
        64     3.489     0.261     0.278     0.157   -10.684     6.266
        65     3.558     0.266     0.286     0.161   -10.676     6.300
        66     3.629     0.272     0.294     0.165   -10.667     6.333
        67     3.701     0.277     0.302     0.169   -10.658     6.366
        68     3.774     0.282     0.310     0.174   -10.649     6.398
        69     3.849     0.288     0.318     0.178   -10.640     6.429
        70     3.926     0.293     0.326     0.183   -10.631     6.460
        71     4.004     0.299     0.335     0.187   -10.621     6.490
        72     4.083     0.305     0.343     0.192   -10.612     6.520
        73     4.164     0.311     0.352     0.197   -10.602     6.549
        74     4.247     0.317     0.361     0.202   -10.592     6.577
        75     4.332     0.323     0.370     0.207   -10.582     6.605
        76     4.418     0.329     0.380     0.212   -10.571     6.632
        77     4.506     0.335     0.389     0.217   -10.561     6.659
        78     4.595     0.342     0.399     0.222   -10.550     6.685
        79     4.687     0.349     0.409     0.227   -10.539     6.711
        80     4.780     0.355     0.419     0.233   -10.528     6.737
        81     4.875     0.362     0.429     0.238   -10.517     6.761
        82     4.972     0.369     0.440     0.244   -10.505     6.786
        83     5.071     0.376     0.450     0.249   -10.493     6.809
        84     5.172     0.383     0.461     0.255   -10.481     6.833
        85     5.275     0.391     0.472     0.261   -10.469     6.856
        86     5.380     0.398     0.483     0.267   -10.457     6.878
        87     5.487     0.406     0.495     0.273   -10.444     6.900
        88     5.597     0.414     0.506     0.279   -10.431     6.922
        89     5.708     0.422     0.518     0.285   -10.418     6.943
        90     5.822     0.430     0.530     0.292   -10.405     6.964
        91     5.938     0.438     0.542     0.298   -10.392     6.984
        92     6.056     0.446     0.555     0.305   -10.378     7.004
        93     6.177     0.455     0.567     0.311   -10.364     7.023
        94     6.300     0.463     0.580     0.318   -10.350     7.042
        95     6.425     0.472     0.594     0.325   -10.335     7.061
        96     6.553     0.481     0.607     0.332   -10.320     7.080
        97     6.684     0.490     0.620     0.339   -10.305     7.098
        98     6.817     0.499     0.634     0.346   -10.290     7.115
        99     6.953     0.509     0.648     0.353   -10.275     7.133
       100     7.092     0.518     0.663     0.360   -10.259     7.150
       101     7.233     0.528     0.677     0.368   -10.243     7.166
       102     7.377     0.538     0.692     0.375   -10.226     7.183
       103     7.524     0.548     0.707     0.383   -10.210     7.199
       104     7.674     0.558     0.723     0.391   -10.193     7.214
       105     7.827     0.569     0.738     0.399   -10.176     7.230
       106     7.983     0.579     0.754     0.407   -10.158     7.245
       107     8.143     0.590     0.770     0.415   -10.140     7.260
       108     8.305     0.601     0.787     0.423   -10.122     7.274
       109     8.471     0.612     0.803     0.432   -10.104     7.289
       110     8.640     0.624     0.820     0.440   -10.085     7.302
       111     8.812     0.635     0.838     0.449   -10.066     7.316
       112     8.988     0.647     0.855     0.457   -10.047     7.330
       113     9.167     0.659     0.873     0.466   -10.027     7.343
       114     9.350     0.671     0.891     0.475   -10.007     7.356
       115     9.536     0.683     0.910     0.484    -9.987     7.368
       116     9.727     0.696     0.928     0.493    -9.966     7.381
       117     9.921     0.708     0.948     0.502    -9.945     7.393
       118    10.119     0.721     0.967     0.512    -9.923     7.405
       119    10.321     0.734     0.987     0.521    -9.902     7.416
       120    10.527     0.747     1.007     0.531    -9.879     7.428
       121    10.737     0.761     1.027     0.541    -9.857     7.439
       122    10.951     0.775     1.047     0.550    -9.834     7.450
       123    11.169     0.789     1.068     0.560    -9.811     7.461
       124    11.392     0.803     1.090     0.571    -9.787     7.471
       125    11.620     0.817     1.111     0.581    -9.763     7.482
       126    11.852     0.832     1.133     0.591    -9.738     7.492
       127    12.088     0.846     1.156     0.601    -9.713     7.502
       128    12.330     0.861     1.178     0.612    -9.688     7.512
       129    12.576     0.877     1.201     0.623    -9.662     7.521
       130    12.827     0.892     1.225     0.633    -9.636     7.531
       131    13.083     0.908     1.248     0.644    -9.609     7.540
       132    13.344     0.923     1.272     0.655    -9.582     7.549
       133    13.610     0.940     1.297     0.666    -9.555     7.558
       134    13.882     0.956     1.321     0.678    -9.527     7.566
       135    14.159     0.972     1.346     0.689    -9.499     7.575
       136    14.442     0.989     1.372     0.700    -9.470     7.583
       137    14.730     1.006     1.397     0.712    -9.441     7.591
       138    15.025     1.024     1.423     0.723    -9.411     7.599
       139    15.325     1.041     1.450     0.735    -9.381     7.607
       140    15.631     1.059     1.476     0.747    -9.351     7.615
       141    15.943     1.077     1.503     0.758    -9.320     7.622
       142    16.261     1.095     1.530     0.770    -9.289     7.630
       143    16.586     1.114     1.558     0.782    -9.257     7.637
       144    16.917     1.132     1.586     0.794    -9.225     7.644
       145    17.255     1.151     1.614     0.806    -9.192     7.651
       146    17.600     1.170     1.642     0.818    -9.160     7.658
       147    17.951     1.190     1.671     0.830    -9.126     7.665
       148    18.310     1.210     1.700     0.843    -9.092     7.671
       149    18.676     1.230     1.729     0.855    -9.058     7.678
       150    19.049     1.250     1.758     0.867    -9.024     7.684
       151    19.429     1.270     1.788     0.880    -8.989     7.690
       152    19.817     1.291     1.818     0.892    -8.953     7.696
       153    20.213     1.312     1.849     0.904    -8.917     7.702
       154    20.617     1.334     1.879     0.917    -8.881     7.708
       155    21.029     1.355     1.910     0.929    -8.844     7.714
       156    21.449     1.377     1.942     0.942    -8.807     7.719
       157    21.877     1.399     1.973     0.954    -8.769     7.725
       158    22.315     1.422     2.005     0.967    -8.731     7.730
       159    22.760     1.444     2.037     0.979    -8.693     7.736
       160    23.215     1.467     2.069     0.992    -8.654     7.741
       161    23.679     1.490     2.102     1.005    -8.615     7.746
       162    24.152     1.514     2.135     1.017    -8.575     7.751
       163    24.635     1.538     2.168     1.030    -8.535     7.756
       164    25.127     1.562     2.201     1.042    -8.494     7.761
       165    25.629     1.586     2.235     1.055    -8.453     7.765
       166    26.141     1.611     2.269     1.068    -8.411     7.770
       167    26.663     1.636     2.303     1.080    -8.369     7.774
       168    27.196     1.661     2.337     1.093    -8.327     7.779
       169    27.740     1.687     2.372     1.106    -8.284     7.783
       170    28.294     1.713     2.407     1.118    -8.241     7.787
       171    28.859     1.739     2.442     1.131    -8.197     7.792
       172    29.436     1.765     2.478     1.144    -8.153     7.796
       173    30.024     1.792     2.513     1.156    -8.108     7.800
       174    30.624     1.819     2.549     1.169    -8.063     7.804
       175    31.236     1.847     2.586     1.181    -8.017     7.807
       176    31.861     1.874     2.622     1.194    -7.971     7.811
       177    32.497     1.902     2.659     1.206    -7.925     7.815
       178    33.147     1.931     2.696     1.219    -7.878     7.819
       179    33.809     1.959     2.733     1.231    -7.830     7.822
       180    34.485     1.988     2.771     1.244    -7.782     7.826
       181    35.174     2.018     2.809     1.256    -7.734     7.829
       182    35.877     2.048     2.847     1.269    -7.685     7.832
       183    36.594     2.078     2.885     1.281    -7.636     7.836
       184    37.326     2.108     2.924     1.294    -7.586     7.839
       185    38.072     2.139     2.963     1.306    -7.536     7.842
       186    38.833     2.170     3.002     1.318    -7.485     7.845
       187    39.609     2.201     3.042     1.330    -7.434     7.848
       188    40.401     2.233     3.082     1.343    -7.383     7.851
       189    41.208     2.265     3.122     1.355    -7.330     7.854
       190    42.032     2.298     3.162     1.367    -7.278     7.857
       191    42.872     2.331     3.203     1.379    -7.225     7.860
       192    43.729     2.364     3.244     1.391    -7.171     7.862
       193    44.603     2.398     3.285     1.403    -7.117     7.865
       194    45.495     2.432     3.327     1.415    -7.063     7.868
       195    46.404     2.466     3.369     1.427    -7.008     7.870
       196    47.332     2.501     3.411     1.439    -6.953     7.873
       197    48.278     2.536     3.453     1.451    -6.897     7.875
       198    49.243     2.572     3.496     1.462    -6.840     7.878
       199    50.228     2.607     3.539     1.474    -6.783     7.880
       200    51.232     2.644     3.583     1.486    -6.726     7.883
       201    52.256     2.681     3.626     1.498    -6.668     7.885
       202    53.301     2.718     3.670     1.509    -6.610     7.887
       203    54.366     2.755     3.715     1.521    -6.551     7.889
       204    55.453     2.794     3.759     1.532    -6.492     7.892
       205    56.562     2.832     3.805     1.544    -6.432     7.894
       206    57.692     2.871     3.850     1.555    -6.372     7.896
       207    58.846     2.910     3.896     1.566    -6.311     7.898
       208    60.022     2.950     3.942     1.578    -6.250     7.900
       209    61.222     2.990     3.988     1.589    -6.188     7.902
       210    62.446     3.031     4.035     1.600    -6.126     7.904
       211    63.695     3.072     4.082     1.611    -6.063     7.906
       212    64.968     3.114     4.130     1.622    -6.000     7.907
       213    66.267     3.156     4.178     1.633    -5.936     7.909
       214    67.592     3.198     4.226     1.644    -5.872     7.911
       215    68.943     3.241     4.275     1.655    -5.807     7.913
       216    70.322     3.285     4.324     1.666    -5.742     7.915
       217    71.728     3.329     4.374     1.676    -5.676     7.916
       218    73.162     3.373     4.423     1.687    -5.610     7.918
       219    74.625     3.418     4.474     1.698    -5.543     7.919
       220    76.117     3.463     4.525     1.708    -5.475     7.921
       221    77.638     3.509     4.576     1.719    -5.408     7.923
       222    79.191     3.556     4.627     1.729    -5.339     7.924
       223    80.774     3.603     4.679     1.740    -5.271     7.926
       224    82.389     3.650     4.732     1.750    -5.201     7.927
       225    84.036     3.698     4.785     1.760    -5.132     7.928
       226    85.717     3.747     4.838     1.770    -5.061     7.930
       227    87.431     3.796     4.892     1.781    -4.990     7.931
       228    89.179     3.846     4.947     1.791    -4.919     7.933
       229    90.962     3.896     5.001     1.801    -4.847     7.934
       230    92.781     3.947     5.057     1.811    -4.775     7.935
       231    94.636     3.998     5.113     1.821    -4.702     7.936
       232    96.528     4.050     5.169     1.830    -4.629     7.938
       233    98.458     4.102     5.226     1.840    -4.555     7.939
       234   100.427     4.155     5.283     1.850    -4.480     7.940
       235   102.435     4.209     5.341     1.860    -4.406     7.941
       236   104.483     4.263     5.399     1.869    -4.330     7.942
       237   106.572     4.318     5.458     1.879    -4.254     7.944
       238   108.703     4.373     5.518     1.888    -4.178     7.945
       239   110.877     4.429     5.578     1.898    -4.101     7.946
       240   113.094     4.486     5.639     1.907    -4.024     7.947
       241   115.355     4.543     5.700     1.916    -3.946     7.948
       242   117.662     4.601     5.762     1.925    -3.867     7.949
       243   120.015     4.660     5.824     1.934    -3.789     7.950
       244   122.415     4.720     5.886     1.943    -3.710     7.951
       245   124.863     4.784     5.949     1.952    -3.632     7.952
       246   127.360     4.850     6.012     1.961    -3.555     7.953
       247   129.907     4.920     6.074     1.970    -3.479     7.954
       248   132.505     4.993     6.137     1.978    -3.404     7.955
       249   135.155     5.069     6.199     1.986    -3.330     7.956
       250   137.648     5.144     6.256     1.994    -3.263     7.956
---------------------------- Plume traps -----------------------------
       251   139.931     5.216     6.307     2.000    -3.205     7.957
       252   142.017     5.283     6.352     2.006    -3.154     7.958
       253   143.952     5.346     6.393     2.011    -3.108     7.958
       254   145.770     5.405     6.431     2.016    -3.067     7.959
       255   147.499     5.462     6.466     2.020    -3.029     7.959
       256   149.157     5.517     6.500     2.024    -2.993     7.960
       257   150.757     5.571     6.532     2.028    -2.960     7.960
------------------------- merging happened ---------------------------
       258   152.306     5.623     6.562     2.031    -2.928     7.961
       259   153.668     5.672     6.591     2.035    -2.899     7.961
       260   155.017     5.722     6.621     2.038    -2.869     7.961
       261   156.331     5.774     6.651     2.042    -2.839     7.962
       262   157.626     5.828     6.680     2.045    -2.811     7.962
       263   158.845     5.881     6.708     2.048    -2.784     7.962
       264   160.015     5.935     6.736     2.051    -2.758     7.962
       265   161.123     5.987     6.763     2.055    -2.732     7.963
       266   162.186     6.039     6.790     2.058    -2.707     7.963
       267   163.197     6.091     6.816     2.060    -2.683     7.963
       268   164.164     6.142     6.843     2.063    -2.659     7.963
       269   165.084     6.193     6.869     2.066    -2.637     7.964
       270   165.961     6.243     6.894     2.069    -2.614     7.964
       271   166.796     6.292     6.920     2.072    -2.593     7.964
       272   167.592     6.340     6.945     2.074    -2.571     7.964
       273   168.349     6.388     6.969     2.077    -2.551     7.964
       274   169.069     6.435     6.993     2.080    -2.531     7.964
---------------------------- Plume surfaces --------------------------
       275   169.754     6.481     7.017     2.082    -2.512     7.965
       276   170.407     6.527     7.041     2.085    -2.493     7.965
       277   171.027     6.572     7.064     2.087    -2.475     7.965
       278   171.618     6.616     7.087     2.090    -2.457     7.965
       279   172.180     6.660     7.109     2.092    -2.440     7.965
       280   172.716     6.702     7.131     2.094    -2.423     7.965
       281   173.226     6.744     7.153     2.097    -2.407     7.965
       282   173.712     6.786     7.174     2.099    -2.392     7.965
       283   174.175     6.826     7.195     2.101    -2.377     7.965
       284   174.617     6.866     7.216     2.103    -2.362     7.966
       285   175.038     6.906     7.237     2.105    -2.348     7.966
       286   175.441     6.945     7.257     2.107    -2.334     7.966
       287   175.825     6.983     7.276     2.109    -2.320     7.966
       288   176.192     7.020     7.296     2.111    -2.307     7.966
       289   176.542     7.057     7.315     2.113    -2.295     7.966
       290   176.878     7.094     7.334     2.115    -2.282     7.966
       291   177.199     7.129     7.353     2.117    -2.271     7.966
       292   177.506     7.165     7.371     2.119    -2.259     7.966
       293   177.800     7.199     7.389     2.121    -2.248     7.966
       294   178.082     7.233     7.407     2.123    -2.237     7.966
       295   178.352     7.267     7.425     2.124    -2.226     7.966
       296   178.611     7.300     7.443     2.126    -2.216     7.966
       297   178.860     7.332     7.460     2.128    -2.206     7.966
       298   179.099     7.364     7.477     2.130    -2.197     7.966
       299   179.328     7.396     7.493     2.131    -2.187     7.966
       300   179.548     7.427     7.510     2.133    -2.178     7.967
       301   179.760     7.457     7.526     2.135    -2.169     7.967
       302   179.964     7.487     7.543     2.136    -2.161     7.967
       303   180.160     7.517     7.559     2.138    -2.152     7.967
       304   180.349     7.546     7.574     2.140    -2.144     7.967
       305   180.530     7.575     7.590     2.141    -2.136     7.967
       306   180.705     7.603     7.605     2.143    -2.129     7.967
       307   180.874     7.631     7.621     2.144    -2.121     7.967
       308   181.036     7.658     7.636     2.146    -2.114     7.967
       309   181.193     7.685     7.651     2.147    -2.107     7.967
       310   181.344     7.711     7.665     2.149    -2.100     7.967
       311   181.489     7.737     7.680     2.150    -2.094     7.967
       312   181.630     7.762     7.694     2.152    -2.087     7.967
       313   181.765     7.787     7.709     2.153    -2.081     7.967
       314   181.896     7.812     7.723     2.154    -2.075     7.967
       315   182.023     7.836     7.737     2.156    -2.069     7.967
       316   182.145     7.860     7.751     2.157    -2.063     7.967
       317   182.262     7.883     7.765     2.159    -2.058     7.967
       318   182.376     7.906     7.778     2.160    -2.053     7.967
       319   182.486     7.928     7.792     2.161    -2.047     7.967
       320   182.592     7.950     7.805     2.163    -2.042     7.967
       321   182.695     7.972     7.819     2.164    -2.037     7.967
       322   182.794     7.993     7.832     2.165    -2.033     7.967
       323   182.890     8.014     7.845     2.166    -2.028     7.967
       324   182.982     8.034     7.858     2.168    -2.023     7.967
       325   183.072     8.054     7.871     2.169    -2.019     7.967
       326   183.158     8.073     7.884     2.170    -2.015     7.967
       327   183.242     8.092     7.897     2.172    -2.011     7.967
       328   183.322     8.111     7.909     2.173    -2.007     7.967
       329   183.400     8.129     7.922     2.174    -2.003     7.967
       330   183.475     8.147     7.935     2.175    -1.999     7.967
       331   183.548     8.164     7.947     2.177    -1.996     7.967
       332   183.618     8.181     7.959     2.178    -1.992     7.967
       333   183.686     8.198     7.972     2.179    -1.989     7.967
       334   183.751     8.214     7.984     2.180    -1.985     7.967
       335   183.815     8.230     7.996     2.181    -1.982     7.967
       336   183.876     8.245     8.008     2.183    -1.979     7.967
       337   183.935     8.260     8.020     2.184    -1.976     7.967
       338   183.992     8.274     8.032     2.185    -1.973     7.967
       339   184.047     8.288     8.044     2.186    -1.971     7.967
       340   184.100     8.302     8.056     2.187    -1.968     7.967
       341   184.151     8.315     8.068     2.188    -1.965     7.967
       342   184.201     8.328     8.080     2.190    -1.963     7.967
       343   184.248     8.341     8.092     2.191    -1.961     7.967
       344   184.294     8.353     8.103     2.192    -1.958     7.967
       345   184.337     8.364     8.115     2.193    -1.956     7.967
       346   184.379     8.376     8.127     2.194    -1.954     7.967
       347   184.420     8.386     8.138     2.195    -1.952     7.967
       348   184.458     8.397     8.150     2.196    -1.950     7.967
       349   184.495     8.407     8.162     2.198    -1.948     7.967
       350   184.531     8.416     8.173     2.199    -1.947     7.967
       351   184.564     8.426     8.185     2.200    -1.945     7.967
       352   184.597     8.434     8.196     2.201    -1.943     7.967
       353   184.627     8.443     8.208     2.202    -1.942     7.967
       354   184.656     8.451     8.219     2.203    -1.941     7.967
       355   184.684     8.458     8.231     2.204    -1.939     7.967
       356   184.710     8.466     8.242     2.205    -1.938     7.967
       357   184.734     8.472     8.254     2.207    -1.937     7.967
       358   184.757     8.479     8.265     2.208    -1.936     7.967
       359   184.779     8.485     8.276     2.209    -1.935     7.967
       360   184.799     8.490     8.288     2.210    -1.934     7.967
       361   184.817     8.495     8.299     2.211    -1.933     7.967
       362   184.834     8.500     8.310     2.212    -1.932     7.967
       363   184.850     8.504     8.322     2.213    -1.932     7.967
       364   184.865     8.508     8.333     2.214    -1.931     7.967
       365   184.878     8.512     8.344     2.215    -1.931     7.967
       366   184.889     8.515     8.355     2.217    -1.930     7.967
       367   184.899     8.517     8.367     2.218    -1.930     7.967
       368   184.908     8.520     8.378     2.219    -1.930     7.967
       369   184.915     8.522     8.389     2.220    -1.930     7.967
       370   184.921     8.523     8.401     2.221    -1.930     7.967
       371   184.926     8.524     8.412     2.222    -1.930     7.967
---------------------- Local maximum rise or fall --------------------
       372   184.929     8.525     8.423     2.223    -1.930     7.967
       373   184.932     8.525     8.434     2.224    -1.930     7.967
       374   184.934     8.525     8.446     2.225    -1.930     7.967
       375   184.935     8.524     8.457     2.226    -1.930     7.967
       376   184.937     8.523     8.468     2.228    -1.931     7.967
       377   184.940     8.522     8.479     2.229    -1.931     7.967
       378   184.942     8.521     8.491     2.230    -1.932     7.967
       379   184.945     8.519     8.502     2.231    -1.932     7.967
       380   184.949     8.516     8.513     2.232    -1.933     7.967
       381   184.953     8.514     8.525     2.233    -1.934     7.967
       382   184.957     8.511     8.536     2.234    -1.935     7.967
       383   184.961     8.508     8.547     2.235    -1.936     7.967
       384   184.966     8.504     8.559     2.236    -1.937     7.967
       385   184.972     8.500     8.570     2.238    -1.938     7.967
       386   184.977     8.496     8.581     2.239    -1.939     7.968
       387   184.984     8.491     8.593     2.240    -1.940     7.968
       388   184.990     8.486     8.604     2.241    -1.942     7.968
       389   184.997     8.481     8.616     2.242    -1.943     7.968
       390   185.005     8.475     8.627     2.243    -1.945     7.968
       391   185.012     8.469     8.639     2.244    -1.946     7.968
       392   185.021     8.463     8.650     2.245    -1.948     7.968
       393   185.029     8.457     8.662     2.247    -1.950     7.968
       394   185.038     8.450     8.673     2.248    -1.952     7.968
       395   185.048     8.442     8.685     2.249    -1.954     7.968
       396   185.058     8.435     8.697     2.250    -1.956     7.968
       397   185.069     8.427     8.708     2.251    -1.958     7.968
       398   185.080     8.419     8.720     2.252    -1.960     7.968
       399   185.092     8.410     8.732     2.253    -1.962     7.968
       400   185.104     8.401     8.744     2.255    -1.965     7.968
       401   185.117     8.392     8.756     2.256    -1.967     7.968
       402   185.130     8.382     8.768     2.257    -1.970     7.968
       403   185.144     8.373     8.780     2.258    -1.973     7.968
       404   185.159     8.362     8.792     2.259    -1.976     7.968
       405   185.174     8.352     8.804     2.260    -1.978     7.968
       406   185.190     8.341     8.816     2.262    -1.981     7.968
       407   185.207     8.330     8.828     2.263    -1.985     7.968
       408   185.224     8.319     8.840     2.264    -1.988     7.968
       409   185.242     8.307     8.853     2.265    -1.991     7.968
       410   185.261     8.295     8.865     2.266    -1.995     7.968
       411   185.281     8.283     8.878     2.268    -1.998     7.968
       412   185.302     8.270     8.890     2.269    -2.002     7.968
       413   185.323     8.257     8.903     2.270    -2.006     7.968
       414   185.345     8.244     8.916     2.271    -2.010     7.968
       415   185.369     8.230     8.928     2.273    -2.014     7.968
       416   185.393     8.216     8.941     2.274    -2.018     7.968
       417   185.418     8.202     8.954     2.275    -2.022     7.968
       418   185.445     8.188     8.967     2.276    -2.027     7.968
       419   185.473     8.173     8.981     2.278    -2.031     7.968
       420   185.502     8.158     8.994     2.279    -2.036     7.968
       421   185.533     8.143     9.007     2.280    -2.041     7.968
       422   185.564     8.128     9.021     2.282    -2.046     7.968
       423   185.598     8.112     9.035     2.283    -2.051     7.968
       424   185.633     8.096     9.049     2.284    -2.057     7.968
       425   185.669     8.080     9.063     2.286    -2.062     7.968
       426   185.708     8.063     9.077     2.287    -2.068     7.968
       427   185.748     8.046     9.091     2.288    -2.074     7.968
       428   185.790     8.029     9.106     2.290    -2.080     7.968
       429   185.835     8.012     9.120     2.291    -2.086     7.968
       430   185.881     7.995     9.135     2.293    -2.093     7.968
       431   185.930     7.977     9.150     2.294    -2.100     7.968
       432   185.981     7.959     9.166     2.296    -2.107     7.968
       433   186.035     7.941     9.181     2.297    -2.114     7.968
       434   186.092     7.923     9.197     2.299    -2.121     7.968
       435   186.152     7.904     9.213     2.300    -2.129     7.968
       436   186.216     7.885     9.229     2.302    -2.137     7.968
       437   186.282     7.866     9.245     2.303    -2.145     7.968
       438   186.353     7.847     9.262     2.305    -2.153     7.968
       439   186.427     7.828     9.279     2.307    -2.162     7.968
       440   186.506     7.809     9.296     2.308    -2.171     7.968
       441   186.589     7.789     9.313     2.310    -2.180     7.968
       442   186.678     7.769     9.331     2.312    -2.190     7.968
       443   186.772     7.750     9.349     2.313    -2.200     7.968
       444   186.872     7.730     9.368     2.315    -2.210     7.968
       445   186.978     7.710     9.387     2.317    -2.221     7.968
       446   187.091     7.690     9.406     2.319    -2.232     7.968
       447   187.213     7.670     9.426     2.321    -2.243     7.968
       448   187.342     7.650     9.446     2.323    -2.255     7.968
       449   187.481     7.630     9.466     2.325    -2.268     7.968
       450   187.630     7.610     9.487     2.327    -2.280     7.968
       451   187.790     7.590     9.509     2.329    -2.294     7.968
       452   187.963     7.570     9.531     2.331    -2.308     7.968
       453   188.150     7.550     9.554     2.333    -2.323     7.968
       454   188.352     7.531     9.578     2.335    -2.338     7.968
       455   188.573     7.512     9.602     2.338    -2.354     7.968
       456   188.814     7.493     9.627     2.340    -2.371     7.968
       457   189.078     7.474     9.653     2.343    -2.389     7.968
       458   189.369     7.457     9.681     2.345    -2.407     7.968
       459   189.692     7.439     9.709     2.348    -2.427     7.968
       460   190.051     7.423     9.738     2.351    -2.448     7.968
       461   190.454     7.408     9.769     2.354    -2.470     7.968
       462   190.911     7.394     9.802     2.357    -2.494     7.969
       463   191.435     7.382     9.836     2.360    -2.520     7.969
       464   192.043     7.372     9.873     2.364    -2.547     7.969
       465   192.761     7.365     9.913     2.367    -2.578     7.969
       466   193.583     7.361     9.956     2.371    -2.611     7.969
       467   194.489     7.359    10.003     2.376    -2.648     7.969
       468   195.489     7.360    10.055     2.380    -2.688     7.969
       469   196.619     7.365    10.112     2.386    -2.734     7.969
       470   197.947     7.374    10.176     2.392    -2.786     7.970
       471   199.567     7.392    10.251     2.398    -2.848     7.970
       472   201.641     7.422    10.343     2.407    -2.924     7.970
       473   204.504     7.472    10.465     2.417    -3.026     7.971
       474   208.594     7.556    10.633     2.432    -3.167     7.971
       475   212.766     7.662    10.800     2.446    -3.307     7.972
---------------------------- Plume traps -----------------------------
       476   217.021     7.796    10.965     2.460    -3.441     7.972
-------------------- Starting Farfield Calculations --------------------
Farfield dispersion based on wastefield width of :      97.60 (m)
4/3 Power Law based Eddy Diffusivity is used:
  Dilution     Width  Distance      Time        DO
        ()       (m)       (m)    (hrs.)    (mg/L)
   217.021    99.622    12.000     0.034     7.948
   217.021    99.961    13.000     0.039     7.948
   217.021   100.300    14.000     0.045     7.948
   217.021   100.640    15.000     0.051     7.948
   217.021   100.980    16.000     0.056     7.948
   217.021   101.321    17.000     0.062     7.948
   217.021   101.661    18.000     0.068     7.948
   217.021   102.001    19.000     0.073     7.924
   217.021   102.340    20.000     0.079     7.924
   217.021   102.679    21.000     0.084     7.924
   217.021   103.018    22.000     0.090     7.924
   217.022   103.358    23.000     0.096     7.924
   217.022   103.699    24.000     0.101     7.924
   217.022   104.039    25.000     0.107     7.924
   217.022   104.380    26.000     0.112     7.899
   217.023   104.720    27.000     0.118     7.899
   217.024   105.061    28.000     0.123     7.899
   217.026   105.402    29.000     0.129     7.899
   217.028   105.744    30.000     0.135     7.899
   217.032   106.086    31.000     0.140     7.899
   217.036   106.428    32.000     0.146     7.899
   217.042   106.770    33.000     0.151     7.899
   217.049   107.113    34.000     0.157     7.875
   217.058   107.456    35.000     0.162     7.875
   217.069   107.799    36.000     0.168     7.875
   217.083   108.142    37.000     0.174     7.875
   217.099   108.486    38.000     0.179     7.875
   217.118   108.831    39.000     0.185     7.875
   217.141   109.175    40.000     0.190     7.875
   217.166   109.520    41.000     0.196     7.851
   217.196   109.865    42.000     0.201     7.851
   217.229   110.210    43.000     0.207     7.851
   217.267   110.556    44.000     0.213     7.851
   217.309   110.902    45.000     0.218     7.851
   217.357   111.248    46.000     0.224     7.851
   217.408   111.595    47.000     0.229     7.851
   217.466   111.942    48.000     0.235     7.827
   217.528   112.289    49.000     0.240     7.827
   217.596   112.637    50.000     0.246     7.827
   217.669   112.985    51.000     0.251     7.827
   217.748   113.333    52.000     0.257     7.827
   217.833   113.682    53.000     0.263     7.827
   217.924   114.030    54.000     0.268     7.827
   218.021   114.380    55.000     0.274     7.827
   218.124   114.729    56.000     0.279     7.804
   218.234   115.079    57.000     0.285     7.804
   218.349   115.429    58.000     0.290     7.804
   218.471   115.779    59.000     0.296     7.804
   218.600   116.130    60.000     0.301     7.804
   218.735   116.481    61.000     0.307     7.804
   218.876   116.832    62.000     0.313     7.804
   219.023   117.184    63.000     0.318     7.781
   219.177   117.535    64.000     0.324     7.781
   219.337   117.888    65.000     0.329     7.781
   219.504   118.240    66.000     0.335     7.781
   219.677   118.593    67.000     0.340     7.781
   219.856   118.946    68.000     0.346     7.781
   220.042   119.300    69.000     0.351     7.781
   220.234   119.653    70.000     0.357     7.759
   220.432   120.007    71.000     0.362     7.759
   220.636   120.362    72.000     0.368     7.759
   220.847   120.716    73.000     0.373     7.759
   221.063   121.071    74.000     0.379     7.759
   221.285   121.426    75.000     0.385     7.759
   221.514   121.782    76.000     0.390     7.759
   221.748   122.138    77.000     0.396     7.759
   221.988   122.494    78.000     0.401     7.737
   222.234   122.851    79.000     0.407     7.737
   222.485   123.207    80.000     0.412     7.737
   222.742   123.564    81.000     0.418     7.737
   223.004   123.922    82.000     0.423     7.737
   223.272   124.280    83.000     0.429     7.737
   223.546   124.638    84.000     0.434     7.737
   223.825   124.996    85.000     0.440     7.716
   224.108   125.355    86.000     0.445     7.716
   224.397   125.714    87.000     0.451     7.716
   224.692   126.073    88.000     0.457     7.716
   224.991   126.433    89.000     0.462     7.716
   225.295   126.793    90.000     0.468     7.716
   225.604   127.153    91.000     0.473     7.716
   225.918   127.514    92.000     0.479     7.696
   226.237   127.874    93.000     0.484     7.696
   226.560   128.235    94.000     0.490     7.696
   226.888   128.597    95.000     0.495     7.696
   227.220   128.959    96.000     0.501     7.696
   227.557   129.321    97.000     0.506     7.696
   227.899   129.683    98.000     0.512     7.696
   228.244   130.046    99.000     0.517     7.696
   228.594   130.409   100.000     0.523     7.677
   228.948   130.773   101.000     0.528     7.677
............................. Reached Chronic Mixing Zone ..........................
   229.306   131.136   102.000     0.534     7.677
   229.669   131.500   103.000     0.539     7.677
   230.035   131.864   104.000     0.545     7.677
   230.405   132.229   105.000     0.550     7.677
   230.780   132.594   106.000     0.556     7.677
   231.158   132.959   107.000     0.562     7.658
   231.539   133.325   108.000     0.567     7.658
   231.925   133.691   109.000     0.573     7.658
   232.314   134.057   110.000     0.578     7.658
   232.706   134.424   111.000     0.584     7.658
   233.103   134.790   112.000     0.589     7.658
   233.502   135.158   113.000     0.595     7.658
   233.906   135.525   114.000     0.600     7.641
   234.312   135.893   115.000     0.606     7.641
   234.722   136.261   116.000     0.611     7.641
   235.135   136.629   117.000     0.617     7.641
   235.551   136.998   118.000     0.622     7.641
   235.971   137.367   119.000     0.628     7.641
   236.393   137.736   120.000     0.633     7.641
   236.819   138.106   121.000     0.639     7.641
   237.248   138.476   122.000     0.644     7.623
   237.680   138.846   123.000     0.650     7.623
   238.114   139.217   124.000     0.655     7.623
   238.552   139.588   125.000     0.661     7.623
   238.992   139.959   126.000     0.666     7.623
   239.436   140.331   127.000     0.672     7.623
   239.882   140.703   128.000     0.677     7.623
   240.331   141.075   129.000     0.683     7.607
   240.782   141.447   130.000     0.689     7.607
   241.236   141.820   131.000     0.694     7.607
   241.693   142.193   132.000     0.700     7.607
   242.152   142.567   133.000     0.705     7.607
   242.614   142.941   134.000     0.711     7.607
   243.079   143.315   135.000     0.716     7.607
   243.546   143.689   136.000     0.722     7.607
   244.015   144.064   137.000     0.727     7.591
   244.487   144.439   138.000     0.733     7.591
   244.961   144.814   139.000     0.738     7.591
   245.437   145.190   140.000     0.744     7.591
   245.916   145.566   141.000     0.749     7.591
   246.397   145.942   142.000     0.755     7.591
   246.880   146.319   143.000     0.760     7.591
   247.366   146.696   144.000     0.766     7.576
   247.853   147.073   145.000     0.771     7.576
   248.343   147.451   146.000     0.777     7.576
   248.835   147.829   147.000     0.782     7.576
   249.329   148.207   148.000     0.788     7.576
   249.825   148.585   149.000     0.793     7.576
   250.324   148.964   150.000     0.799     7.576
   250.824   149.343   151.000     0.804     7.562
   251.326   149.723   152.000     0.810     7.562
   251.830   150.103   153.000     0.815     7.562
   252.336   150.483   154.000     0.821     7.562
   252.844   150.863   155.000     0.826     7.562
   253.354   151.244   156.000     0.832     7.562
   253.866   151.625   157.000     0.837     7.562
   254.380   152.006   158.000     0.843     7.562
   254.895   152.388   159.000     0.849     7.548
   255.413   152.770   160.000     0.854     7.548
   255.932   153.152   161.000     0.860     7.548
   256.453   153.535   162.000     0.865     7.548
   256.975   153.918   163.000     0.871     7.548
   257.499   154.301   164.000     0.876     7.548
   258.026   154.684   165.000     0.882     7.548
   258.553   155.068   166.000     0.887     7.535
   259.083   155.452   167.000     0.893     7.535
   259.614   155.837   168.000     0.898     7.535
   260.146   156.222   169.000     0.904     7.535
   260.681   156.607   170.000     0.909     7.535
   261.216   156.992   171.000     0.915     7.535
   261.754   157.378   172.000     0.920     7.535
   262.293   157.764   173.000     0.926     7.522
   262.833   158.150   174.000     0.931     7.522
   263.375   158.537   175.000     0.937     7.522
   263.919   158.924   176.000     0.942     7.522
   264.464   159.311   177.000     0.948     7.522
   265.011   159.699   178.000     0.953     7.522
   265.559   160.087   179.000     0.959     7.522
   266.108   160.475   180.000     0.964     7.522
   266.659   160.864   181.000     0.970     7.510
   267.211   161.253   182.000     0.975     7.510
   267.765   161.642   183.000     0.981     7.510
   268.320   162.031   184.000     0.986     7.510
   268.876   162.421   185.000     0.992     7.510
   269.434   162.811   186.000     0.997     7.510
   269.993   163.202   187.000     1.003     7.510
   270.554   163.592   188.000     1.008     7.498
   271.115   163.983   189.000     1.014     7.498
   271.678   164.375   190.000     1.019     7.498
   272.243   164.766   191.000     1.025     7.498
   272.809   165.158   192.000     1.031     7.498
   273.375   165.551   193.000     1.036     7.498
   273.944   165.943   194.000     1.042     7.498
   274.513   166.336   195.000     1.047     7.498
   275.084   166.729   196.000     1.053     7.487
   275.656   167.123   197.000     1.058     7.487
   276.229   167.517   198.000     1.064     7.487
   276.803   167.911   199.000     1.069     7.487
   277.379   168.305   200.000     1.075     7.487
   277.955   168.700   201.000     1.080     7.487
   278.533   169.095   202.000     1.086     7.487
   279.112   169.490   203.000     1.091     7.476
   279.692   169.886   204.000     1.097     7.476
   280.274   170.282   205.000     1.102     7.476
   280.856   170.678   206.000     1.108     7.476
   281.440   171.075   207.000     1.113     7.476
   282.025   171.472   208.000     1.119     7.476
   282.610   171.869   209.000     1.124     7.476
   283.197   172.266   210.000     1.130     7.466
   283.785   172.664   211.000     1.135     7.466
   284.374   173.062   212.000     1.141     7.466
   284.964   173.461   213.000     1.146     7.466
   285.556   173.859   214.000     1.152     7.466
   286.148   174.258   215.000     1.157     7.466
   286.741   174.658   216.000     1.163     7.466
   287.335   175.057   217.000     1.168     7.466
   287.931   175.457   218.000     1.174     7.456
   288.527   175.858   219.000     1.179     7.456
   289.125   176.258   220.000     1.185     7.456
   289.723   176.659   221.000     1.190     7.456
   290.322   177.060   222.000     1.196     7.456
   290.923   177.462   223.000     1.201     7.456
   291.524   177.863   224.000     1.207     7.456
   292.126   178.265   225.000     1.212     7.447
   292.730   178.668   226.000     1.218     7.447
   293.334   179.071   227.000     1.224     7.447
   293.939   179.474   228.000     1.229     7.447
   294.545   179.877   229.000     1.235     7.447
   295.153   180.280   230.000     1.240     7.447
   295.761   180.684   231.000     1.246     7.447
   296.370   181.089   232.000     1.251     7.447
   296.980   181.493   233.000     1.257     7.438
   297.590   181.898   234.000     1.262     7.438
   298.202   182.303   235.000     1.268     7.438
   298.815   182.708   236.000     1.273     7.438
   299.428   183.114   237.000     1.279     7.438
   300.043   183.520   238.000     1.284     7.438
   300.658   183.926   239.000     1.290     7.438
   301.274   184.333   240.000     1.295     7.429
   301.892   184.740   241.000     1.301     7.429
   302.510   185.147   242.000     1.306     7.429
   303.128   185.555   243.000     1.312     7.429
   303.748   185.962   244.000     1.317     7.429
   304.369   186.371   245.000     1.323     7.429
   304.990   186.779   246.000     1.328     7.429
   305.612   187.188   247.000     1.334     7.420
   306.236   187.597   248.000     1.339     7.420
   306.859   188.006   249.000     1.345     7.420
   307.484   188.416   250.000     1.350     7.420
   308.110   188.826   251.000     1.356     7.420
   308.736   189.236   252.000     1.361     7.420
   309.364   189.646   253.000     1.367     7.420
   309.992   190.057   254.000     1.372     7.420
   310.620   190.468   255.000     1.378     7.412
   311.250   190.880   256.000     1.383     7.412
   311.881   191.291   257.000     1.389     7.412
   312.512   191.703   258.000     1.394     7.412
   313.144   192.116   259.000     1.400     7.412
   313.777   192.528   260.000     1.406     7.412
   314.411   192.941   261.000     1.411     7.412
   315.045   193.354   262.000     1.417     7.405
   315.680   193.768   263.000     1.422     7.405
   316.316   194.181   264.000     1.428     7.405
   316.953   194.596   265.000     1.433     7.405
   317.590   195.010   266.000     1.439     7.405
   318.229   195.425   267.000     1.444     7.405
   318.868   195.840   268.000     1.450     7.405
   319.507   196.255   269.000     1.455     7.397
   320.148   196.670   270.000     1.461     7.397
   320.789   197.086   271.000     1.466     7.397
   321.431   197.502   272.000     1.472     7.397
   322.074   197.919   273.000     1.477     7.397
   322.717   198.336   274.000     1.483     7.397
   323.362   198.753   275.000     1.488     7.397
   324.007   199.170   276.000     1.494     7.397
   324.652   199.588   277.000     1.499     7.390
   325.299   200.005   278.000     1.505     7.390
   325.946   200.424   279.000     1.510     7.390
   326.594   200.842   280.000     1.516     7.390
   327.242   201.261   281.000     1.521     7.390
   327.891   201.680   282.000     1.527     7.390
   328.541   202.099   283.000     1.532     7.390
   329.192   202.519   284.000     1.538     7.383
   329.843   202.939   285.000     1.543     7.383
   330.495   203.359   286.000     1.549     7.383
   331.148   203.780   287.000     1.554     7.383
   331.802   204.201   288.000     1.560     7.383
   332.456   204.622   289.000     1.565     7.383
   333.111   205.043   290.000     1.571     7.383
   333.766   205.465   291.000     1.577     7.383
   334.422   205.887   292.000     1.582     7.377
   335.079   206.309   293.000     1.588     7.377
   335.737   206.732   294.000     1.593     7.377
   336.395   207.155   295.000     1.599     7.377
   337.054   207.578   296.000     1.604     7.377
   337.713   208.001   297.000     1.610     7.377
   338.373   208.425   298.000     1.615     7.377
   339.034   208.849   299.000     1.621     7.370
   339.696   209.273   300.000     1.626     7.370
   340.358   209.698   301.000     1.632     7.370
   341.021   210.123   302.000     1.637     7.370
   341.684   210.548   303.000     1.643     7.370
   342.348   210.974   304.000     1.648     7.370
   343.013   211.399   305.000     1.654     7.370
   343.679   211.825   306.000     1.659     7.364
   344.345   212.252   307.000     1.665     7.364
   345.011   212.678   308.000     1.670     7.364
   345.679   213.105   309.000     1.676     7.364
   346.347   213.533   310.000     1.681     7.364
   347.015   213.960   311.000     1.687     7.364
   347.685   214.388   312.000     1.692     7.364
   348.355   214.816   313.000     1.698     7.364
   349.025   215.244   314.000     1.703     7.358
   349.696   215.673   315.000     1.709     7.358
   350.368   216.102   316.000     1.714     7.358
   351.040   216.531   317.000     1.720     7.358
   351.713   216.961   318.000     1.725     7.358
   352.387   217.391   319.000     1.731     7.358
   353.061   217.821   320.000     1.736     7.358
   353.736   218.251   321.000     1.742     7.353
   354.412   218.682   322.000     1.748     7.353
   355.088   219.113   323.000     1.753     7.353
   355.764   219.544   324.000     1.759     7.353
   356.442   219.975   325.000     1.764     7.353
   357.119   220.407   326.000     1.770     7.353
   357.798   220.839   327.000     1.775     7.353
   358.477   221.272   328.000     1.781     7.353
   359.157   221.704   329.000     1.786     7.347
   359.837   222.137   330.000     1.792     7.347
   360.518   222.570   331.000     1.797     7.347
   361.199   223.004   332.000     1.803     7.347
   361.881   223.438   333.000     1.808     7.347
   362.564   223.872   334.000     1.814     7.347
   363.247   224.306   335.000     1.819     7.347
   363.931   224.741   336.000     1.825     7.342
   364.616   225.176   337.000     1.830     7.342
   365.301   225.611   338.000     1.836     7.342
   365.986   226.046   339.000     1.841     7.342
   366.672   226.482   340.000     1.847     7.342
   367.359   226.918   341.000     1.852     7.342
   368.046   227.355   342.000     1.858     7.342
   368.734   227.791   343.000     1.863     7.337
   369.423   228.228   344.000     1.869     7.337
   370.112   228.665   345.000     1.874     7.337
   370.801   229.103   346.000     1.880     7.337
   371.492   229.541   347.000     1.885     7.337
   372.182   229.979   348.000     1.891     7.337
   372.874   230.417   349.000     1.897     7.337
   373.566   230.855   350.000     1.902     7.337
   374.258   231.294   351.000     1.908     7.332
   374.951   231.734   352.000     1.913     7.332
   375.645   232.173   353.000     1.919     7.332
   376.339   232.613   354.000     1.924     7.332
   377.033   233.053   355.000     1.930     7.332
   377.729   233.493   356.000     1.935     7.332
   378.425   233.933   357.000     1.941     7.332
   379.121   234.374   358.000     1.946     7.328
   379.818   234.815   359.000     1.952     7.328
   380.515   235.257   360.000     1.957     7.328
   381.213   235.699   361.000     1.963     7.328
   381.912   236.140   362.000     1.968     7.328
   382.611   236.583   363.000     1.974     7.328
   383.311   237.025   364.000     1.979     7.328
   384.011   237.468   365.000     1.985     7.323
   384.712   237.911   366.000     1.990     7.323
   385.413   238.354   367.000     1.996     7.323
   386.115   238.798   368.000     2.001     7.323
   386.817   239.242   369.000     2.007     7.323
   387.520   239.686   370.000     2.012     7.323
   388.224   240.131   371.000     2.018     7.323
   388.927   240.575   372.000     2.023     7.323
   389.632   241.020   373.000     2.029     7.319
   390.337   241.466   374.000     2.034     7.319
   391.043   241.911   375.000     2.040     7.319
   391.749   242.357   376.000     2.046     7.319
   392.456   242.803   377.000     2.051     7.319
   393.163   243.250   378.000     2.057     7.319
   393.870   243.696   379.000     2.062     7.319
   394.579   244.143   380.000     2.068     7.315
   395.287   244.590   381.000     2.073     7.315
   395.997   245.038   382.000     2.079     7.315
   396.707   245.486   383.000     2.084     7.315
   397.417   245.934   384.000     2.090     7.315
   398.128   246.382   385.000     2.095     7.315
   398.839   246.831   386.000     2.101     7.315
   399.551   247.279   387.000     2.106     7.315
   400.264   247.729   388.000     2.112     7.311
   400.977   248.178   389.000     2.117     7.311
   401.690   248.628   390.000     2.123     7.311
   402.404   249.078   391.000     2.128     7.311
   403.119   249.528   392.000     2.134     7.311
   403.834   249.978   393.000     2.139     7.311
   404.549   250.429   394.000     2.145     7.311
   405.265   250.880   395.000     2.150     7.307
   405.982   251.332   396.000     2.156     7.307
   406.699   251.783   397.000     2.161     7.307
   407.417   252.235   398.000     2.167     7.307
   408.135   252.687   399.000     2.172     7.307
   408.853   253.140   400.000     2.178     7.307
   409.572   253.592   401.000     2.184     7.307
   410.292   254.045   402.000     2.189     7.303
   411.012   254.499   403.000     2.195     7.303
   411.733   254.952   404.000     2.200     7.303
   412.454   255.406   405.000     2.206     7.303
   413.176   255.860   406.000     2.211     7.303
   413.898   256.314   407.000     2.217     7.303
   414.620   256.769   408.000     2.222     7.303
   415.344   257.224   409.000     2.228     7.303
   416.067   257.679   410.000     2.233     7.300
   416.791   258.134   411.000     2.239     7.300
   417.516   258.590   412.000     2.244     7.300
   418.241   259.046   413.000     2.250     7.300
   418.967   259.502   414.000     2.255     7.300
   419.693   259.959   415.000     2.261     7.300
   420.420   260.416   416.000     2.266     7.300
   421.147   260.873   417.000     2.272     7.296
   421.874   261.330   418.000     2.277     7.296
   422.602   261.788   419.000     2.283     7.296
   423.331   262.245   420.000     2.288     7.296
   424.060   262.704   421.000     2.294     7.296
   424.790   263.162   422.000     2.299     7.296
   425.520   263.621   423.000     2.305     7.296
   426.250   264.080   424.000     2.310     7.293
   426.982   264.539   425.000     2.316     7.293
   427.713   264.998   426.000     2.322     7.293
   428.445   265.458   427.000     2.327     7.293
   429.178   265.918   428.000     2.333     7.293
   429.911   266.378   429.000     2.338     7.293
   430.644   266.839   430.000     2.344     7.293
   431.378   267.300   431.000     2.349     7.293
   432.113   267.761   432.000     2.355     7.290
   432.848   268.222   433.000     2.360     7.290
   433.583   268.684   434.000     2.366     7.290
   434.319   269.146   435.000     2.371     7.290
   435.055   269.608   436.000     2.377     7.290
   435.792   270.070   437.000     2.382     7.290
   436.530   270.533   438.000     2.388     7.290
   437.267   270.996   439.000     2.393     7.287
   438.006   271.459   440.000     2.399     7.287
   438.745   271.922   441.000     2.404     7.287
   439.484   272.386   442.000     2.410     7.287
   440.224   272.850   443.000     2.415     7.287
   440.964   273.314   444.000     2.421     7.287
   441.704   273.779   445.000     2.426     7.287
   442.446   274.244   446.000     2.432     7.287
   443.187   274.709   447.000     2.437     7.284
   443.929   275.174   448.000     2.443     7.284
   444.672   275.640   449.000     2.449     7.284
   445.415   276.106   450.000     2.454     7.284
   446.159   276.572   451.000     2.460     7.284
   446.903   277.038   452.000     2.465     7.284
   447.647   277.505   453.000     2.471     7.284
   448.392   277.972   454.000     2.476     7.281
   449.137   278.439   455.000     2.482     7.281
   449.883   278.907   456.000     2.487     7.281
   450.630   279.374   457.000     2.493     7.281
   451.376   279.842   458.000     2.498     7.281
   452.124   280.311   459.000     2.504     7.281
   452.871   280.779   460.000     2.509     7.281
   453.620   281.248   461.000     2.515     7.279
   454.368   281.717   462.000     2.520     7.279
   455.117   282.186   463.000     2.526     7.279
   455.867   282.656   464.000     2.531     7.279
   456.617   283.126   465.000     2.537     7.279
   457.368   283.596   466.000     2.542     7.279
   458.119   284.066   467.000     2.548     7.279
   458.870   284.537   468.000     2.553     7.279
   459.622   285.008   469.000     2.559     7.276
   460.374   285.479   470.000     2.565     7.276
   461.127   285.950   471.000     2.570     7.276
   461.880   286.422   472.000     2.576     7.276
   462.634   286.894   473.000     2.581     7.276
   463.388   287.366   474.000     2.587     7.276
   464.143   287.838   475.000     2.592     7.276
   464.898   288.311   476.000     2.598     7.274
   465.654   288.784   477.000     2.603     7.274
   466.410   289.257   478.000     2.609     7.274
   467.166   289.731   479.000     2.614     7.274
   467.923   290.205   480.000     2.620     7.274
   468.681   290.679   481.000     2.625     7.274
   469.438   291.153   482.000     2.631     7.274
   470.197   291.627   483.000     2.636     7.271
   470.956   292.102   484.000     2.642     7.271
   471.715   292.577   485.000     2.647     7.271
   472.474   293.053   486.000     2.653     7.271
   473.235   293.528   487.000     2.658     7.271
   473.995   294.004   488.000     2.664     7.271
   474.756   294.480   489.000     2.669     7.271
   475.518   294.956   490.000     2.675     7.271
   476.280   295.433   491.000     2.680     7.269
   477.042   295.910   492.000     2.686     7.269
   477.805   296.387   493.000     2.692     7.269
   478.568   296.865   494.000     2.697     7.269
   479.332   297.342   495.000     2.703     7.269
   480.096   297.820   496.000     2.708     7.269
   480.860   298.298   497.000     2.714     7.269
   481.625   298.777   498.000     2.719     7.267
   482.391   299.255   499.000     2.725     7.267
   483.157   299.734   500.000     2.730     7.267
   483.923   300.214   501.000     2.736     7.267
   484.690   300.693   502.000     2.741     7.267
   485.457   301.173   503.000     2.747     7.267
   486.225   301.653   504.000     2.752     7.267
   486.993   302.133   505.000     2.758     7.267
   487.088   302.192   505.123     2.758     7.267
