****************************************************************************************************
----------------------------------------------------------------------------------------------------
Ambient Table:
     Depth   Amb-cur   Amb-dir   Amb-sal   Amb-tem   Amb-pol     Decay   Far-spd   Far-dir   Disprsn
       (m)     (m/s)     (deg)     (psu)       (C)    (mg/L)   (1/day)     (m/s)     (deg)(m0.67/s2)
     0.000     0.090     0.000    32.000    14.000     0.000     0.000     0.050     0.000   0.00030
     2.000     0.085     0.000    32.000    12.000     0.000     0.000     0.050     0.000   0.00030
     4.000     0.070     0.000    32.000     8.000     0.000     0.000     0.050     0.000   0.00030
     6.000     0.065     0.000    32.000     8.000     0.000     0.000     0.050     0.000   0.00030
     8.000     0.060     0.000    32.000     8.000     0.000     0.000     0.050     0.000   0.00030
    10.000     0.055     0.000    32.000     8.000     0.000     0.000     0.050     0.000   0.00030
    12.000     0.050     0.000    32.000     8.000     0.000     0.000     0.050     0.000   0.00030
----------------------------------------------------------------------------------------------------
Diffuser Table:
     P-dia    P-elev   V-angle   H-angle     Ports   Spacing   AcuteMZ   ChrncMZ   P-depth   Ttl-flo   Eff-sal      Temp   Polutnt
       (m)       (m)     (deg)     (deg)       ( )       (m)       (m)       (m)       (m)     (MGD)     (psu)       (C)    (mg/L)
      0.08      0.31     45.00     30.00     18.00      6.10     10.20    102.00     11.00      8.00      0.00      2.63    100.00
----------------------------------------------------------------------------------------------------
Simulation Results:
              Dilutn     P-dia    x-posn    y-posn     Depth        DO
      Step (FluxAvg)       (m)       (m)       (m)       (m)    (mg/L)
         1     1.019     0.077     0.002     0.001   -10.997     1.961
         2     1.039     0.078     0.004     0.003   -10.995     2.123
         3     1.060     0.080     0.007     0.004   -10.992     2.283
         4     1.080     0.081     0.009     0.005   -10.990     2.439
         5     1.101     0.083     0.011     0.007   -10.987     2.592
         6     1.123     0.085     0.014     0.008   -10.984     2.742
         7     1.145     0.086     0.016     0.009   -10.981     2.889
         8     1.167     0.088     0.019     0.011   -10.978     3.033
         9     1.190     0.090     0.022     0.012   -10.975     3.175
        10     1.213     0.091     0.024     0.014   -10.972     3.314
        11     1.237     0.093     0.027     0.015   -10.969     3.449
        12     1.261     0.095     0.030     0.017   -10.966     3.583
        13     1.286     0.097     0.032     0.019   -10.963     3.713
        14     1.311     0.099     0.035     0.020   -10.959     3.841
        15     1.337     0.101     0.038     0.022   -10.956     3.967
        16     1.363     0.103     0.041     0.024   -10.953     4.090
        17     1.390     0.105     0.044     0.025   -10.949     4.210
        18     1.417     0.107     0.047     0.027   -10.946     4.328
        19     1.445     0.109     0.050     0.029   -10.942     4.444
        20     1.474     0.111     0.054     0.031   -10.938     4.558
        21     1.503     0.113     0.057     0.033   -10.935     4.669
        22     1.532     0.116     0.060     0.035   -10.931     4.778
        23     1.562     0.118     0.064     0.036   -10.927     4.885
        24     1.593     0.120     0.067     0.038   -10.923     4.990
        25     1.624     0.122     0.071     0.040   -10.919     5.093
        26     1.656     0.125     0.074     0.043   -10.915     5.194
        27     1.689     0.127     0.078     0.045   -10.911     5.292
        28     1.722     0.130     0.082     0.047   -10.906     5.389
        29     1.756     0.132     0.085     0.049   -10.902     5.484
        30     1.791     0.135     0.089     0.051   -10.898     5.577
        31     1.826     0.138     0.093     0.053   -10.893     5.668
        32     1.862     0.140     0.097     0.056   -10.888     5.758
        33     1.899     0.143     0.101     0.058   -10.884     5.845
        34     1.937     0.146     0.106     0.060   -10.879     5.931
        35     1.975     0.149     0.110     0.063   -10.874     6.015
        36     2.014     0.152     0.114     0.065   -10.869     6.097
        37     2.054     0.155     0.119     0.068   -10.864     6.178
        38     2.094     0.158     0.123     0.070   -10.859     6.257
        39     2.136     0.161     0.128     0.073   -10.854     6.335
        40     2.178     0.164     0.133     0.076   -10.848     6.411
        41     2.221     0.167     0.138     0.078   -10.843     6.486
        42     2.265     0.171     0.142     0.081   -10.837     6.559
        43     2.310     0.174     0.148     0.084   -10.831     6.630
        44     2.355     0.177     0.153     0.087   -10.826     6.701
        45     2.402     0.181     0.158     0.090   -10.820     6.769
        46     2.450     0.184     0.163     0.093   -10.814     6.837
        47     2.498     0.188     0.169     0.096   -10.808     6.903
        48     2.548     0.192     0.174     0.099   -10.801     6.968
        49     2.598     0.195     0.180     0.102   -10.795     7.031
        50     2.650     0.199     0.185     0.105   -10.789     7.093
        51     2.702     0.203     0.191     0.109   -10.782     7.154
        52     2.756     0.207     0.197     0.112   -10.775     7.214
        53     2.810     0.211     0.203     0.115   -10.768     7.272
        54     2.866     0.215     0.209     0.119   -10.761     7.329
        55     2.923     0.220     0.216     0.122   -10.754     7.386
        56     2.981     0.224     0.222     0.126   -10.747     7.441
        57     3.040     0.228     0.229     0.129   -10.740     7.494
        58     3.100     0.233     0.235     0.133   -10.732     7.547
        59     3.162     0.237     0.242     0.137   -10.725     7.599
        60     3.225     0.242     0.249     0.141   -10.717     7.650
        61     3.289     0.247     0.256     0.145   -10.709     7.699
        62     3.354     0.251     0.263     0.148   -10.701     7.748
        63     3.421     0.256     0.271     0.153   -10.693     7.795
        64     3.489     0.261     0.278     0.157   -10.684     7.842
        65     3.558     0.266     0.286     0.161   -10.676     7.888
        66     3.629     0.272     0.294     0.165   -10.667     7.933
        67     3.701     0.277     0.302     0.169   -10.658     7.976
        68     3.774     0.282     0.310     0.174   -10.649     8.019
        69     3.849     0.288     0.318     0.178   -10.640     8.061
        70     3.926     0.293     0.326     0.183   -10.631     8.103
        71     4.004     0.299     0.335     0.187   -10.621     8.143
        72     4.083     0.305     0.343     0.192   -10.612     8.183
        73     4.164     0.311     0.352     0.197   -10.602     8.221
        74     4.247     0.317     0.361     0.202   -10.592     8.259
        75     4.332     0.323     0.370     0.207   -10.582     8.296
        76     4.418     0.329     0.380     0.212   -10.571     8.332
        77     4.506     0.335     0.389     0.217   -10.561     8.368
        78     4.595     0.342     0.399     0.222   -10.550     8.403
        79     4.687     0.349     0.409     0.227   -10.539     8.437
        80     4.780     0.355     0.419     0.233   -10.528     8.470
        81     4.875     0.362     0.429     0.238   -10.517     8.503
        82     4.972     0.369     0.440     0.244   -10.505     8.535
        83     5.071     0.376     0.450     0.249   -10.493     8.566
        84     5.172     0.383     0.461     0.255   -10.481     8.597
        85     5.275     0.391     0.472     0.261   -10.469     8.627
        86     5.380     0.398     0.483     0.267   -10.457     8.656
        87     5.487     0.406     0.495     0.273   -10.444     8.685
        88     5.597     0.414     0.506     0.279   -10.431     8.713
        89     5.708     0.422     0.518     0.285   -10.418     8.740
        90     5.822     0.430     0.530     0.292   -10.405     8.767
        91     5.938     0.438     0.542     0.298   -10.392     8.793
        92     6.056     0.446     0.555     0.305   -10.378     8.819
        93     6.177     0.455     0.567     0.311   -10.364     8.844
        94     6.300     0.463     0.580     0.318   -10.350     8.868
        95     6.425     0.472     0.594     0.325   -10.335     8.892
        96     6.553     0.481     0.607     0.332   -10.320     8.916
        97     6.684     0.490     0.620     0.339   -10.305     8.939
        98     6.817     0.499     0.634     0.346   -10.290     8.961
        99     6.953     0.509     0.648     0.353   -10.275     8.983
       100     7.092     0.518     0.663     0.360   -10.259     9.004
       101     7.233     0.528     0.677     0.368   -10.243     9.025
       102     7.377     0.538     0.692     0.375   -10.226     9.045
       103     7.524     0.548     0.707     0.383   -10.210     9.065
       104     7.674     0.558     0.723     0.391   -10.193     9.085
       105     7.827     0.569     0.738     0.399   -10.176     9.104
       106     7.983     0.579     0.754     0.407   -10.158     9.122
       107     8.143     0.590     0.770     0.415   -10.140     9.140
       108     8.305     0.601     0.787     0.423   -10.122     9.158
       109     8.471     0.612     0.803     0.432   -10.104     9.175
       110     8.640     0.624     0.820     0.440   -10.085     9.192
       111     8.812     0.635     0.838     0.449   -10.066     9.208
       112     8.988     0.647     0.855     0.457   -10.047     9.224
       113     9.167     0.659     0.873     0.466   -10.027     9.240
       114     9.350     0.671     0.891     0.475   -10.007     9.255
       115     9.536     0.683     0.910     0.484    -9.987     9.270
       116     9.727     0.696     0.928     0.493    -9.966     9.284
       117     9.921     0.708     0.948     0.502    -9.945     9.298
       118    10.119     0.721     0.967     0.512    -9.923     9.312
       119    10.321     0.734     0.987     0.521    -9.902     9.325
       120    10.527     0.747     1.007     0.531    -9.879     9.339
       121    10.737     0.761     1.027     0.541    -9.857     9.352
       122    10.951     0.775     1.047     0.550    -9.834     9.364
       123    11.169     0.789     1.068     0.560    -9.811     9.377
       124    11.392     0.803     1.090     0.571    -9.787     9.389
       125    11.620     0.817     1.111     0.581    -9.763     9.401
       126    11.852     0.832     1.133     0.591    -9.738     9.413
       127    12.088     0.846     1.156     0.601    -9.713     9.424
       128    12.330     0.861     1.178     0.612    -9.688     9.435
       129    12.576     0.877     1.201     0.623    -9.662     9.447
       130    12.827     0.892     1.225     0.633    -9.636     9.457
       131    13.083     0.908     1.248     0.644    -9.609     9.468
       132    13.344     0.923     1.272     0.655    -9.582     9.478
       133    13.610     0.940     1.297     0.666    -9.555     9.489
       134    13.882     0.956     1.321     0.678    -9.527     9.499
       135    14.159     0.972     1.346     0.689    -9.499     9.509
       136    14.442     0.989     1.372     0.700    -9.470     9.518
       137    14.730     1.006     1.397     0.712    -9.441     9.528
       138    15.025     1.024     1.423     0.723    -9.411     9.537
       139    15.325     1.041     1.450     0.735    -9.381     9.546
       140    15.631     1.059     1.476     0.747    -9.351     9.555
       141    15.943     1.077     1.503     0.758    -9.320     9.564
       142    16.261     1.095     1.530     0.770    -9.289     9.572
       143    16.586     1.114     1.558     0.782    -9.257     9.581
       144    16.917     1.132     1.586     0.794    -9.225     9.589
       145    17.255     1.151     1.614     0.806    -9.192     9.597
       146    17.600     1.170     1.642     0.818    -9.160     9.605
       147    17.951     1.190     1.671     0.830    -9.126     9.612
       148    18.310     1.210     1.700     0.843    -9.092     9.620
       149    18.676     1.230     1.729     0.855    -9.058     9.628
       150    19.049     1.250     1.758     0.867    -9.024     9.635
       151    19.429     1.270     1.788     0.880    -8.989     9.642
       152    19.817     1.291     1.818     0.892    -8.953     9.649
       153    20.213     1.312     1.849     0.904    -8.917     9.656
       154    20.617     1.334     1.879     0.917    -8.881     9.663
       155    21.029     1.355     1.910     0.929    -8.844     9.669
       156    21.449     1.377     1.942     0.942    -8.807     9.676
       157    21.877     1.399     1.973     0.954    -8.769     9.682
       158    22.315     1.422     2.005     0.967    -8.731     9.688
       159    22.760     1.444     2.037     0.979    -8.693     9.694
       160    23.215     1.467     2.069     0.992    -8.654     9.700
       161    23.679     1.490     2.102     1.005    -8.615     9.706
       162    24.152     1.514     2.135     1.017    -8.575     9.712
       163    24.635     1.538     2.168     1.030    -8.535     9.718
       164    25.127     1.562     2.201     1.042    -8.494     9.723
       165    25.629     1.586     2.235     1.055    -8.453     9.729
       166    26.141     1.611     2.269     1.068    -8.411     9.734
       167    26.663     1.636     2.303     1.080    -8.369     9.739
       168    27.196     1.661     2.337     1.093    -8.327     9.744
       169    27.740     1.687     2.372     1.106    -8.284     9.749
       170    28.294     1.713     2.407     1.118    -8.241     9.754
       171    28.859     1.739     2.442     1.131    -8.197     9.759
       172    29.436     1.765     2.478     1.144    -8.153     9.764
       173    30.024     1.792     2.513     1.156    -8.108     9.768
       174    30.624     1.819     2.549     1.169    -8.063     9.773
       175    31.236     1.847     2.586     1.181    -8.017     9.777
       176    31.861     1.874     2.622     1.194    -7.971     9.782
       177    32.497     1.902     2.659     1.206    -7.925     9.786
       178    33.147     1.931     2.696     1.219    -7.878     9.790
       179    33.809     1.959     2.733     1.231    -7.830     9.794
       180    34.485     1.988     2.771     1.244    -7.782     9.797
       181    35.174     2.018     2.809     1.256    -7.734     9.800
       182    35.877     2.048     2.847     1.269    -7.685     9.803
       183    36.594     2.078     2.885     1.281    -7.636     9.806
       184    37.326     2.108     2.924     1.294    -7.586     9.808
       185    38.072     2.139     2.963     1.306    -7.536     9.810
       186    38.833     2.170     3.002     1.318    -7.485     9.812
       187    39.609     2.201     3.042     1.330    -7.434     9.813
       188    40.401     2.233     3.082     1.343    -7.383     9.814
       189    41.208     2.265     3.122     1.355    -7.330     9.815
       190    42.032     2.298     3.162     1.367    -7.278     9.816
       191    42.872     2.331     3.203     1.379    -7.225     9.816
       192    43.729     2.364     3.244     1.391    -7.171     9.816
       193    44.603     2.398     3.285     1.403    -7.117     9.816
       194    45.495     2.432     3.327     1.415    -7.063     9.816
       195    46.404     2.466     3.369     1.427    -7.008     9.815
       196    47.332     2.501     3.411     1.439    -6.953     9.814
       197    48.278     2.536     3.453     1.451    -6.897     9.813
       198    49.243     2.572     3.496     1.462    -6.840     9.811
       199    50.228     2.607     3.539     1.474    -6.783     9.809
       200    51.232     2.644     3.583     1.486    -6.726     9.808
       201    52.256     2.681     3.626     1.498    -6.668     9.805
       202    53.301     2.718     3.670     1.509    -6.610     9.803
       203    54.366     2.755     3.715     1.521    -6.551     9.800
       204    55.453     2.794     3.759     1.532    -6.492     9.797
       205    56.562     2.832     3.805     1.544    -6.432     9.794
       206    57.692     2.871     3.850     1.555    -6.372     9.791
       207    58.846     2.910     3.896     1.566    -6.311     9.787
       208    60.022     2.950     3.942     1.578    -6.250     9.783
       209    61.222     2.990     3.988     1.589    -6.188     9.779
       210    62.446     3.031     4.035     1.600    -6.126     9.775
       211    63.695     3.072     4.082     1.611    -6.063     9.771
       212    64.968     3.114     4.130     1.622    -6.000     9.766
       213    66.267     3.156     4.178     1.633    -5.936     9.761
       214    67.592     3.198     4.226     1.644    -5.872     9.756
       215    68.943     3.241     4.275     1.655    -5.807     9.751
       216    70.322     3.285     4.324     1.666    -5.742     9.745
       217    71.728     3.329     4.374     1.676    -5.676     9.739
       218    73.162     3.373     4.423     1.687    -5.610     9.733
       219    74.625     3.418     4.474     1.698    -5.543     9.727
       220    76.117     3.463     4.525     1.708    -5.475     9.721
       221    77.638     3.509     4.576     1.719    -5.408     9.714
       222    79.191     3.556     4.627     1.729    -5.339     9.708
       223    80.774     3.603     4.679     1.740    -5.271     9.701
       224    82.389     3.650     4.732     1.750    -5.201     9.693
       225    84.036     3.698     4.785     1.760    -5.132     9.686
       226    85.717     3.747     4.838     1.770    -5.061     9.678
       227    87.431     3.796     4.892     1.781    -4.990     9.671
       228    89.179     3.846     4.947     1.791    -4.919     9.663
       229    90.962     3.896     5.001     1.801    -4.847     9.655
       230    92.781     3.947     5.057     1.811    -4.775     9.646
       231    94.636     3.998     5.113     1.821    -4.702     9.638
       232    96.528     4.050     5.169     1.830    -4.629     9.629
       233    98.458     4.102     5.226     1.840    -4.555     9.620
       234   100.427     4.155     5.283     1.850    -4.480     9.611
       235   102.435     4.209     5.341     1.860    -4.406     9.602
       236   104.483     4.263     5.399     1.869    -4.330     9.592
       237   106.572     4.318     5.458     1.879    -4.254     9.583
       238   108.703     4.373     5.518     1.888    -4.178     9.573
       239   110.877     4.429     5.578     1.898    -4.101     9.563
       240   113.094     4.486     5.639     1.907    -4.024     9.553
       241   115.355     4.543     5.700     1.916    -3.946     9.542
       242   117.662     4.601     5.762     1.925    -3.867     9.532
       243   120.015     4.660     5.824     1.934    -3.789     9.521
       244   122.415     4.720     5.886     1.943    -3.710     9.509
       245   124.863     4.784     5.949     1.952    -3.632     9.497
       246   127.360     4.850     6.012     1.961    -3.555     9.485
       247   129.907     4.920     6.074     1.970    -3.479     9.472
       248   132.505     4.993     6.137     1.978    -3.404     9.458
       249   135.155     5.069     6.199     1.986    -3.330     9.444
       250   137.648     5.144     6.256     1.994    -3.263     9.431
---------------------------- Plume traps -----------------------------
       251   139.931     5.216     6.307     2.000    -3.205     9.418
       252   142.017     5.283     6.352     2.006    -3.154     9.406
       253   143.952     5.346     6.393     2.011    -3.108     9.396
       254   145.770     5.405     6.431     2.016    -3.067     9.385
       255   147.499     5.462     6.466     2.020    -3.029     9.376
       256   149.157     5.517     6.500     2.024    -2.993     9.366
       257   150.757     5.571     6.532     2.028    -2.960     9.357
------------------------- merging happened ---------------------------
       258   152.306     5.623     6.562     2.031    -2.928     9.349
       259   153.668     5.672     6.591     2.035    -2.899     9.341
       260   155.017     5.722     6.621     2.038    -2.869     9.333
       261   156.331     5.774     6.651     2.042    -2.839     9.326
       262   157.626     5.828     6.680     2.045    -2.811     9.318
       263   158.845     5.881     6.708     2.048    -2.784     9.312
       264   160.015     5.935     6.736     2.051    -2.758     9.305
       265   161.123     5.987     6.763     2.055    -2.732     9.299
       266   162.186     6.039     6.790     2.058    -2.707     9.293
       267   163.197     6.091     6.816     2.060    -2.683     9.287
       268   164.164     6.142     6.843     2.063    -2.659     9.281
       269   165.084     6.193     6.869     2.066    -2.637     9.276
       270   165.961     6.243     6.894     2.069    -2.614     9.271
       271   166.796     6.292     6.920     2.072    -2.593     9.266
       272   167.592     6.340     6.945     2.074    -2.571     9.262
       273   168.349     6.388     6.969     2.077    -2.551     9.258
       274   169.069     6.435     6.993     2.080    -2.531     9.253
---------------------------- Plume surfaces --------------------------
       275   169.754     6.481     7.017     2.082    -2.512     9.249
       276   170.407     6.527     7.041     2.085    -2.493     9.246
       277   171.027     6.572     7.064     2.087    -2.475     9.242
       278   171.618     6.616     7.087     2.090    -2.457     9.239
       279   172.180     6.660     7.109     2.092    -2.440     9.235
       280   172.716     6.702     7.131     2.094    -2.423     9.232
       281   173.226     6.744     7.153     2.097    -2.407     9.229
       282   173.712     6.786     7.174     2.099    -2.392     9.226
       283   174.175     6.826     7.195     2.101    -2.377     9.224
       284   174.617     6.866     7.216     2.103    -2.362     9.221
       285   175.038     6.906     7.237     2.105    -2.348     9.219
       286   175.441     6.945     7.257     2.107    -2.334     9.216
       287   175.825     6.983     7.276     2.109    -2.320     9.214
       288   176.192     7.020     7.296     2.111    -2.307     9.212
       289   176.542     7.057     7.315     2.113    -2.295     9.210
       290   176.878     7.094     7.334     2.115    -2.282     9.208
       291   177.199     7.129     7.353     2.117    -2.271     9.206
       292   177.506     7.165     7.371     2.119    -2.259     9.204
       293   177.800     7.199     7.389     2.121    -2.248     9.202
       294   178.082     7.233     7.407     2.123    -2.237     9.200
       295   178.352     7.267     7.425     2.124    -2.226     9.199
       296   178.611     7.300     7.443     2.126    -2.216     9.197
       297   178.860     7.332     7.460     2.128    -2.206     9.196
       298   179.099     7.364     7.477     2.130    -2.197     9.194
       299   179.328     7.396     7.493     2.131    -2.187     9.193
       300   179.548     7.427     7.510     2.133    -2.178     9.192
       301   179.760     7.457     7.526     2.135    -2.169     9.190
       302   179.964     7.487     7.543     2.136    -2.161     9.189
       303   180.160     7.517     7.559     2.138    -2.152     9.188
       304   180.349     7.546     7.574     2.140    -2.144     9.187
       305   180.530     7.575     7.590     2.141    -2.136     9.186
       306   180.705     7.603     7.605     2.143    -2.129     9.184
       307   180.874     7.631     7.621     2.144    -2.121     9.183
       308   181.036     7.658     7.636     2.146    -2.114     9.182
       309   181.193     7.685     7.651     2.147    -2.107     9.181
       310   181.344     7.711     7.665     2.149    -2.100     9.181
       311   181.489     7.737     7.680     2.150    -2.094     9.180
       312   181.630     7.762     7.694     2.152    -2.087     9.179
       313   181.765     7.787     7.709     2.153    -2.081     9.178
       314   181.896     7.812     7.723     2.154    -2.075     9.177
       315   182.023     7.836     7.737     2.156    -2.069     9.176
       316   182.145     7.860     7.751     2.157    -2.063     9.176
       317   182.262     7.883     7.765     2.159    -2.058     9.175
       318   182.376     7.906     7.778     2.160    -2.053     9.174
       319   182.486     7.928     7.792     2.161    -2.047     9.173
       320   182.592     7.950     7.805     2.163    -2.042     9.173
       321   182.695     7.972     7.819     2.164    -2.037     9.172
       322   182.794     7.993     7.832     2.165    -2.033     9.171
       323   182.890     8.014     7.845     2.166    -2.028     9.171
       324   182.982     8.034     7.858     2.168    -2.023     9.170
       325   183.072     8.054     7.871     2.169    -2.019     9.170
       326   183.158     8.073     7.884     2.170    -2.015     9.169
       327   183.242     8.092     7.897     2.172    -2.011     9.169
       328   183.322     8.111     7.909     2.173    -2.007     9.168
       329   183.400     8.129     7.922     2.174    -2.003     9.168
       330   183.475     8.147     7.935     2.175    -1.999     9.167
       331   183.548     8.164     7.947     2.177    -1.996     9.167
       332   183.618     8.181     7.959     2.178    -1.992     9.166
       333   183.686     8.198     7.972     2.179    -1.989     9.166
       334   183.751     8.214     7.984     2.180    -1.985     9.165
       335   183.815     8.230     7.996     2.181    -1.982     9.165
       336   183.876     8.245     8.008     2.183    -1.979     9.165
       337   183.935     8.260     8.020     2.184    -1.976     9.164
       338   183.992     8.274     8.032     2.185    -1.973     9.164
       339   184.047     8.288     8.044     2.186    -1.971     9.164
       340   184.100     8.302     8.056     2.187    -1.968     9.163
       341   184.151     8.315     8.068     2.188    -1.965     9.163
       342   184.201     8.328     8.080     2.190    -1.963     9.163
       343   184.248     8.341     8.092     2.191    -1.961     9.162
       344   184.294     8.353     8.103     2.192    -1.958     9.162
       345   184.337     8.364     8.115     2.193    -1.956     9.162
       346   184.379     8.376     8.127     2.194    -1.954     9.161
       347   184.420     8.386     8.138     2.195    -1.952     9.161
       348   184.458     8.397     8.150     2.196    -1.950     9.161
       349   184.495     8.407     8.162     2.198    -1.948     9.161
       350   184.531     8.416     8.173     2.199    -1.947     9.160
       351   184.564     8.426     8.185     2.200    -1.945     9.160
       352   184.597     8.434     8.196     2.201    -1.943     9.160
       353   184.627     8.443     8.208     2.202    -1.942     9.160
       354   184.656     8.451     8.219     2.203    -1.941     9.160
       355   184.684     8.458     8.231     2.204    -1.939     9.159
       356   184.710     8.466     8.242     2.205    -1.938     9.159
       357   184.734     8.472     8.254     2.207    -1.937     9.159
       358   184.757     8.479     8.265     2.208    -1.936     9.159
       359   184.779     8.485     8.276     2.209    -1.935     9.159
       360   184.799     8.490     8.288     2.210    -1.934     9.159
       361   184.817     8.495     8.299     2.211    -1.933     9.159
       362   184.834     8.500     8.310     2.212    -1.932     9.158
       363   184.850     8.504     8.322     2.213    -1.932     9.158
       364   184.865     8.508     8.333     2.214    -1.931     9.158
       365   184.878     8.512     8.344     2.215    -1.931     9.158
       366   184.889     8.515     8.355     2.217    -1.930     9.158
       367   184.899     8.517     8.367     2.218    -1.930     9.158
       368   184.908     8.520     8.378     2.219    -1.930     9.158
       369   184.915     8.522     8.389     2.220    -1.930     9.158
       370   184.921     8.523     8.401     2.221    -1.930     9.158
       371   184.926     8.524     8.412     2.222    -1.930     9.158
---------------------- Local maximum rise or fall --------------------
       372   184.929     8.525     8.423     2.223    -1.930     9.158
       373   184.932     8.525     8.434     2.224    -1.930     9.158
       374   184.934     8.525     8.446     2.225    -1.930     9.158
       375   184.935     8.524     8.457     2.226    -1.930     9.158
       376   184.937     8.523     8.468     2.228    -1.931     9.158
       377   184.940     8.522     8.479     2.229    -1.931     9.158
       378   184.942     8.521     8.491     2.230    -1.932     9.158
       379   184.945     8.519     8.502     2.231    -1.932     9.158
       380   184.949     8.516     8.513     2.232    -1.933     9.158
       381   184.953     8.514     8.525     2.233    -1.934     9.158
       382   184.957     8.511     8.536     2.234    -1.935     9.158
       383   184.961     8.508     8.547     2.235    -1.936     9.158
       384   184.966     8.504     8.559     2.236    -1.937     9.158
       385   184.972     8.500     8.570     2.238    -1.938     9.158
       386   184.977     8.496     8.581     2.239    -1.939     9.158
       387   184.984     8.491     8.593     2.240    -1.940     9.158
       388   184.990     8.486     8.604     2.241    -1.942     9.157
       389   184.997     8.481     8.616     2.242    -1.943     9.157
       390   185.005     8.475     8.627     2.243    -1.945     9.157
       391   185.012     8.469     8.639     2.244    -1.946     9.157
       392   185.021     8.463     8.650     2.245    -1.948     9.157
       393   185.029     8.457     8.662     2.247    -1.950     9.157
       394   185.038     8.450     8.673     2.248    -1.952     9.157
       395   185.048     8.442     8.685     2.249    -1.954     9.157
       396   185.058     8.435     8.697     2.250    -1.956     9.157
       397   185.069     8.427     8.708     2.251    -1.958     9.157
       398   185.080     8.419     8.720     2.252    -1.960     9.157
       399   185.092     8.410     8.732     2.253    -1.962     9.157
       400   185.104     8.401     8.744     2.255    -1.965     9.157
       401   185.117     8.392     8.756     2.256    -1.967     9.157
       402   185.130     8.382     8.768     2.257    -1.970     9.157
       403   185.144     8.373     8.780     2.258    -1.973     9.157
       404   185.159     8.362     8.792     2.259    -1.976     9.156
       405   185.174     8.352     8.804     2.260    -1.978     9.156
       406   185.190     8.341     8.816     2.262    -1.981     9.156
       407   185.207     8.330     8.828     2.263    -1.985     9.156
       408   185.224     8.319     8.840     2.264    -1.988     9.156
       409   185.242     8.307     8.853     2.265    -1.991     9.156
       410   185.261     8.295     8.865     2.266    -1.995     9.156
       411   185.281     8.283     8.878     2.268    -1.998     9.156
       412   185.302     8.270     8.890     2.269    -2.002     9.156
       413   185.323     8.257     8.903     2.270    -2.006     9.155
       414   185.345     8.244     8.916     2.271    -2.010     9.155
       415   185.369     8.230     8.928     2.273    -2.014     9.155
       416   185.393     8.216     8.941     2.274    -2.018     9.155
       417   185.418     8.202     8.954     2.275    -2.022     9.155
       418   185.445     8.188     8.967     2.276    -2.027     9.155
       419   185.473     8.173     8.981     2.278    -2.031     9.154
       420   185.502     8.158     8.994     2.279    -2.036     9.154
       421   185.533     8.143     9.007     2.280    -2.041     9.154
       422   185.564     8.128     9.021     2.282    -2.046     9.154
       423   185.598     8.112     9.035     2.283    -2.051     9.154
       424   185.633     8.096     9.049     2.284    -2.057     9.153
       425   185.669     8.080     9.063     2.286    -2.062     9.153
       426   185.708     8.063     9.077     2.287    -2.068     9.153
       427   185.748     8.046     9.091     2.288    -2.074     9.153
       428   185.790     8.029     9.106     2.290    -2.080     9.153
       429   185.835     8.012     9.120     2.291    -2.086     9.152
       430   185.881     7.995     9.135     2.293    -2.093     9.152
       431   185.930     7.977     9.150     2.294    -2.100     9.152
       432   185.981     7.959     9.166     2.296    -2.107     9.151
       433   186.035     7.941     9.181     2.297    -2.114     9.151
       434   186.092     7.923     9.197     2.299    -2.121     9.151
       435   186.152     7.904     9.213     2.300    -2.129     9.150
       436   186.216     7.885     9.229     2.302    -2.137     9.150
       437   186.282     7.866     9.245     2.303    -2.145     9.150
       438   186.353     7.847     9.262     2.305    -2.153     9.149
       439   186.427     7.828     9.279     2.307    -2.162     9.149
       440   186.506     7.809     9.296     2.308    -2.171     9.148
       441   186.589     7.789     9.313     2.310    -2.180     9.148
       442   186.678     7.769     9.331     2.312    -2.190     9.147
       443   186.772     7.750     9.349     2.313    -2.200     9.147
       444   186.872     7.730     9.368     2.315    -2.210     9.146
       445   186.978     7.710     9.387     2.317    -2.221     9.146
       446   187.091     7.690     9.406     2.319    -2.232     9.145
       447   187.213     7.670     9.426     2.321    -2.243     9.144
       448   187.342     7.650     9.446     2.323    -2.255     9.144
       449   187.481     7.630     9.466     2.325    -2.268     9.143
       450   187.630     7.610     9.487     2.327    -2.280     9.142
       451   187.790     7.590     9.509     2.329    -2.294     9.141
       452   187.963     7.570     9.531     2.331    -2.308     9.140
       453   188.150     7.550     9.554     2.333    -2.323     9.139
       454   188.352     7.531     9.578     2.335    -2.338     9.138
       455   188.573     7.512     9.602     2.338    -2.354     9.137
       456   188.814     7.493     9.627     2.340    -2.371     9.136
       457   189.078     7.474     9.653     2.343    -2.389     9.135
       458   189.369     7.457     9.681     2.345    -2.407     9.133
       459   189.692     7.439     9.709     2.348    -2.427     9.131
       460   190.051     7.423     9.738     2.351    -2.448     9.130
       461   190.454     7.408     9.769     2.354    -2.470     9.128
       462   190.911     7.394     9.802     2.357    -2.494     9.126
       463   191.435     7.382     9.836     2.360    -2.520     9.123
       464   192.043     7.372     9.873     2.364    -2.547     9.120
       465   192.761     7.365     9.913     2.367    -2.578     9.117
       466   193.583     7.361     9.956     2.371    -2.611     9.114
       467   194.489     7.359    10.003     2.376    -2.648     9.110
       468   195.489     7.360    10.055     2.380    -2.688     9.106
       469   196.619     7.365    10.112     2.386    -2.734     9.101
       470   197.947     7.374    10.176     2.392    -2.786     9.096
       471   199.567     7.392    10.251     2.398    -2.848     9.090
       472   201.641     7.422    10.343     2.407    -2.924     9.083
       473   204.504     7.472    10.465     2.417    -3.026     9.074
       474   208.594     7.556    10.633     2.432    -3.167     9.062
       475   212.766     7.662    10.800     2.446    -3.307     9.051
---------------------------- Plume traps -----------------------------
       476   217.021     7.796    10.965     2.460    -3.441     9.042
       477   220.337     7.946    11.089     2.470    -3.541     9.036
       478   222.520     8.090    11.162     2.476    -3.598     9.033
       479   224.345     8.219    11.214     2.480    -3.638     9.031
       480   225.757     8.330    11.254     2.484    -3.668     9.029
       481   226.991     8.426    11.291     2.487    -3.696     9.028
       482   228.063     8.512    11.326     2.489    -3.722     9.027
       483   229.040     8.591    11.361     2.492    -3.747     9.027
       484   229.925     8.666    11.395     2.495    -3.771     9.026
       485   230.739     8.737    11.429     2.498    -3.795     9.025
       486   231.487     8.806    11.462     2.500    -3.818     9.025
       487   232.180     8.872    11.494     2.503    -3.839     9.025
       488   232.821     8.936    11.525     2.505    -3.860     9.024
       489   233.416     8.999    11.555     2.508    -3.880     9.024
       490   233.970     9.059    11.585     2.510    -3.900     9.024
       491   234.486     9.118    11.614     2.512    -3.918     9.024
       492   234.968     9.175    11.642     2.514    -3.936     9.023
       493   235.419     9.231    11.670     2.516    -3.953     9.023
       494   235.841     9.285    11.697     2.519    -3.969     9.023
       495   236.239     9.338    11.723     2.521    -3.985     9.023
       496   236.612     9.390    11.749     2.523    -4.001     9.023
       497   236.964     9.441    11.774     2.525    -4.015     9.023
       498   237.296     9.490    11.799     2.527    -4.029     9.023
       499   237.611     9.538    11.823     2.528    -4.043     9.023
       500   237.918     9.586    11.847     2.530    -4.056     9.023
       501   238.215     9.632    11.872     2.532    -4.069     9.023
       502   238.503     9.678    11.896     2.534    -4.082     9.023
       503   238.783     9.723    11.920     2.536    -4.095     9.023
       504   239.055     9.767    11.943     2.538    -4.107     9.023
       505   239.319     9.811    11.967     2.539    -4.119     9.023
       506   239.576     9.854    11.991     2.541    -4.131     9.023
       507   239.826     9.896    12.014     2.543    -4.142     9.023
       508   240.069     9.938    12.038     2.545    -4.154     9.023
       509   240.305     9.979    12.061     2.547    -4.165     9.023
       510   240.534    10.019    12.084     2.548    -4.176     9.023
       511   240.758    10.059    12.108     2.550    -4.186     9.023
       512   240.975    10.098    12.131     2.552    -4.196     9.023
       513   241.186    10.137    12.154     2.554    -4.207     9.023
       514   241.391    10.175    12.177     2.555    -4.216     9.023
       515   241.591    10.212    12.199     2.557    -4.226     9.023
       516   241.785    10.249    12.222     2.559    -4.235     9.023
       517   241.973    10.285    12.245     2.561    -4.245     9.023
       518   242.157    10.321    12.267     2.562    -4.254     9.023
       519   242.335    10.355    12.290     2.564    -4.262     9.023
       520   242.508    10.390    12.312     2.566    -4.271     9.023
       521   242.676    10.423    12.334     2.567    -4.279     9.023
       522   242.840    10.456    12.357     2.569    -4.287     9.023
       523   242.999    10.488    12.379     2.571    -4.295     9.023
       524   243.153    10.520    12.401     2.572    -4.303     9.023
       525   243.303    10.551    12.423     2.574    -4.310     9.023
       526   243.448    10.582    12.445     2.576    -4.318     9.023
       527   243.589    10.611    12.467     2.577    -4.325     9.023
       528   243.726    10.641    12.489     2.579    -4.332     9.023
       529   243.859    10.669    12.510     2.581    -4.338     9.023
       530   243.988    10.697    12.532     2.582    -4.345     9.023
       531   244.114    10.724    12.554     2.584    -4.351     9.023
       532   244.235    10.751    12.575     2.586    -4.358     9.024
       533   244.353    10.777    12.597     2.587    -4.364     9.024
       534   244.466    10.802    12.618     2.589    -4.369     9.024
       535   244.577    10.827    12.640     2.590    -4.375     9.024
       536   244.684    10.851    12.661     2.592    -4.381     9.024
       537   244.787    10.875    12.682     2.594    -4.386     9.024
       538   244.887    10.898    12.703     2.595    -4.391     9.024
       539   244.984    10.920    12.724     2.597    -4.396     9.024
       540   245.077    10.942    12.746     2.598    -4.401     9.024
       541   245.168    10.963    12.767     2.600    -4.405     9.024
       542   245.255    10.983    12.788     2.602    -4.410     9.024
       543   245.339    11.003    12.809     2.603    -4.414     9.024
       544   245.420    11.022    12.830     2.605    -4.418     9.024
       545   245.498    11.041    12.850     2.606    -4.422     9.024
       546   245.573    11.058    12.871     2.608    -4.426     9.024
       547   245.645    11.076    12.892     2.609    -4.430     9.024
       548   245.715    11.092    12.913     2.611    -4.433     9.024
       549   245.781    11.108    12.934     2.613    -4.436     9.024
       550   245.845    11.124    12.954     2.614    -4.440     9.024
       551   245.906    11.138    12.975     2.616    -4.443     9.024
       552   245.964    11.153    12.995     2.617    -4.446     9.024
       553   246.020    11.166    13.016     2.619    -4.448     9.024
       554   246.073    11.179    13.037     2.620    -4.451     9.024
       555   246.123    11.191    13.057     2.622    -4.453     9.024
       556   246.171    11.203    13.078     2.623    -4.456     9.024
       557   246.216    11.214    13.098     2.625    -4.458     9.024
       558   246.259    11.224    13.119     2.626    -4.460     9.024
       559   246.299    11.234    13.139     2.628    -4.462     9.024
       560   246.337    11.243    13.159     2.629    -4.463     9.024
       561   246.372    11.252    13.180     2.631    -4.465     9.024
       562   246.405    11.260    13.200     2.632    -4.466     9.024
       563   246.436    11.267    13.221     2.634    -4.467     9.024
       564   246.464    11.273    13.241     2.636    -4.469     9.024
       565   246.489    11.279    13.261     2.637    -4.469     9.024
       566   246.513    11.285    13.282     2.639    -4.470     9.024
       567   246.534    11.290    13.302     2.640    -4.471     9.024
       568   246.553    11.294    13.322     2.642    -4.472     9.024
       569   246.569    11.297    13.343     2.643    -4.472     9.024
       570   246.584    11.300    13.363     2.645    -4.472     9.024
       571   246.596    11.302    13.383     2.646    -4.472     9.024
---------------------- Local maximum rise or fall --------------------
       572   246.607    11.304    13.403     2.648    -4.472     9.024
-------------------- Starting Farfield Calculations --------------------
Farfield dispersion based on wastefield width of :     101.11 (m)
4/3 Power Law based Eddy Diffusivity is used:
  Dilution     Width  Distance      Time        DO
        ()       (m)       (m)    (hrs.)    (mg/L)
   246.607   103.518    14.000     0.040     8.995
   246.607   103.860    15.000     0.045     8.995
   246.607   104.203    16.000     0.051     8.995
   246.607   104.546    17.000     0.057     8.995
   246.607   104.889    18.000     0.062     8.995
   246.607   105.233    19.000     0.068     8.995
   246.607   105.577    20.000     0.073     8.995
   246.607   105.921    21.000     0.079     8.995
   246.607   106.266    22.000     0.085     8.995
   246.607   106.610    23.000     0.090     8.967
   246.607   106.953    24.000     0.096     8.967
   246.607   107.297    25.000     0.101     8.967
   246.607   107.641    26.000     0.107     8.967
   246.608   107.985    27.000     0.113     8.967
   246.609   108.330    28.000     0.118     8.967
   246.610   108.675    29.000     0.124     8.967
   246.611   109.021    30.000     0.129     8.967
   246.613   109.367    31.000     0.135     8.938
   246.617   109.712    32.000     0.141     8.938
   246.621   110.058    33.000     0.146     8.938
   246.626   110.404    34.000     0.152     8.938
   246.633   110.751    35.000     0.157     8.938
   246.642   111.098    36.000     0.163     8.938
   246.653   111.445    37.000     0.168     8.938
   246.666   111.792    38.000     0.174     8.938
   246.682   112.140    39.000     0.180     8.938
   246.701   112.489    40.000     0.185     8.909
   246.723   112.837    41.000     0.191     8.909
   246.749   113.185    42.000     0.196     8.909
   246.778   113.534    43.000     0.202     8.909
   246.812   113.884    44.000     0.207     8.909
   246.850   114.233    45.000     0.213     8.909
   246.893   114.583    46.000     0.218     8.909
   246.941   114.934    47.000     0.224     8.909
   246.994   115.284    48.000     0.230     8.909
   247.052   115.635    49.000     0.235     8.881
   247.115   115.986    50.000     0.241     8.881
   247.185   116.338    51.000     0.246     8.881
   247.260   116.689    52.000     0.252     8.881
   247.342   117.041    53.000     0.257     8.881
   247.429   117.394    54.000     0.263     8.881
   247.524   117.747    55.000     0.268     8.881
   247.624   118.100    56.000     0.274     8.881
   247.731   118.453    57.000     0.280     8.854
   247.845   118.807    58.000     0.285     8.854
   247.965   119.161    59.000     0.291     8.854
   248.093   119.515    60.000     0.296     8.854
   248.227   119.869    61.000     0.302     8.854
   248.368   120.224    62.000     0.307     8.854
   248.516   120.579    63.000     0.313     8.854
   248.671   120.935    64.000     0.318     8.854
   248.833   121.291    65.000     0.324     8.854
   249.002   121.647    66.000     0.330     8.827
   249.177   122.003    67.000     0.335     8.827
   249.360   122.360    68.000     0.341     8.827
   249.549   122.717    69.000     0.346     8.827
   249.746   123.074    70.000     0.352     8.827
   249.949   123.432    71.000     0.357     8.827
   250.159   123.790    72.000     0.363     8.827
   250.376   124.148    73.000     0.368     8.827
   250.599   124.507    74.000     0.374     8.827
   250.830   124.866    75.000     0.379     8.802
   251.066   125.225    76.000     0.385     8.802
   251.310   125.584    77.000     0.391     8.802
   251.559   125.944    78.000     0.396     8.802
   251.815   126.304    79.000     0.402     8.802
   252.078   126.665    80.000     0.407     8.802
   252.347   127.025    81.000     0.413     8.802
   252.622   127.387    82.000     0.418     8.802
   252.903   127.748    83.000     0.424     8.802
   253.190   128.110    84.000     0.429     8.777
   253.483   128.471    85.000     0.435     8.777
   253.782   128.834    86.000     0.440     8.777
   254.087   129.196    87.000     0.446     8.777
   254.398   129.559    88.000     0.451     8.777
   254.715   129.922    89.000     0.457     8.777
   255.037   130.286    90.000     0.463     8.777
   255.364   130.650    91.000     0.468     8.777
   255.697   131.014    92.000     0.474     8.754
   256.035   131.379    93.000     0.479     8.754
   256.379   131.743    94.000     0.485     8.754
   256.728   132.108    95.000     0.490     8.754
   257.082   132.474    96.000     0.496     8.754
   257.441   132.839    97.000     0.501     8.754
   257.805   133.205    98.000     0.507     8.754
   258.174   133.572    99.000     0.512     8.754
   258.548   133.939   100.000     0.518     8.754
   258.927   134.306   101.000     0.523     8.732
............................. Reached Chronic Mixing Zone ..........................
   259.310   134.673   102.000     0.529     8.732
   259.698   135.040   103.000     0.534     8.732
   260.090   135.408   104.000     0.540     8.732
   260.488   135.776   105.000     0.546     8.732
   260.889   136.145   106.000     0.551     8.732
   261.295   136.514   107.000     0.557     8.732
   261.705   136.883   108.000     0.562     8.732
   262.120   137.253   109.000     0.568     8.732
   262.538   137.622   110.000     0.573     8.711
   262.961   137.992   111.000     0.579     8.711
   263.388   138.363   112.000     0.584     8.711
   263.818   138.734   113.000     0.590     8.711
   264.253   139.105   114.000     0.595     8.711
   264.692   139.476   115.000     0.601     8.711
   265.134   139.848   116.000     0.606     8.711
   265.580   140.220   117.000     0.612     8.711
   266.030   140.592   118.000     0.617     8.690
   266.483   140.965   119.000     0.623     8.690
   266.940   141.338   120.000     0.628     8.690
   267.401   141.711   121.000     0.634     8.690
   267.865   142.084   122.000     0.640     8.690
   268.332   142.458   123.000     0.645     8.690
   268.803   142.832   124.000     0.651     8.690
   269.278   143.207   125.000     0.656     8.690
   269.755   143.582   126.000     0.662     8.690
   270.236   143.957   127.000     0.667     8.671
   270.720   144.332   128.000     0.673     8.671
   271.207   144.708   129.000     0.678     8.671
   271.697   145.084   130.000     0.684     8.671
   272.190   145.461   131.000     0.689     8.671
   272.686   145.837   132.000     0.695     8.671
   273.185   146.214   133.000     0.700     8.671
   273.687   146.592   134.000     0.706     8.671
   274.192   146.969   135.000     0.711     8.671
   274.700   147.347   136.000     0.717     8.653
   275.211   147.726   137.000     0.722     8.653
   275.724   148.104   138.000     0.728     8.653
   276.240   148.483   139.000     0.733     8.653
   276.759   148.862   140.000     0.739     8.653
   277.280   149.242   141.000     0.744     8.653
   277.804   149.622   142.000     0.750     8.653
   278.331   150.002   143.000     0.756     8.653
   278.860   150.382   144.000     0.761     8.653
   279.392   150.763   145.000     0.767     8.636
   279.926   151.144   146.000     0.772     8.636
   280.463   151.526   147.000     0.778     8.636
   281.002   151.907   148.000     0.783     8.636
   281.543   152.289   149.000     0.789     8.636
   282.087   152.672   150.000     0.794     8.636
   282.633   153.055   151.000     0.800     8.636
   283.181   153.438   152.000     0.805     8.636
   283.732   153.821   153.000     0.811     8.620
   284.285   154.204   154.000     0.816     8.620
   284.840   154.588   155.000     0.822     8.620
   285.397   154.973   156.000     0.827     8.620
   285.956   155.357   157.000     0.833     8.620
   286.518   155.742   158.000     0.838     8.620
   287.081   156.127   159.000     0.844     8.620
   287.647   156.513   160.000     0.849     8.620
   288.215   156.898   161.000     0.855     8.620
   288.785   157.285   162.000     0.860     8.604
   289.356   157.671   163.000     0.866     8.604
   289.930   158.058   164.000     0.871     8.604
   290.506   158.445   165.000     0.877     8.604
   291.083   158.832   166.000     0.883     8.604
   291.663   159.220   167.000     0.888     8.604
   292.244   159.608   168.000     0.894     8.604
   292.828   159.996   169.000     0.899     8.604
   293.413   160.385   170.000     0.905     8.604
   294.000   160.774   171.000     0.910     8.589
   294.588   161.163   172.000     0.916     8.589
   295.179   161.552   173.000     0.921     8.589
   295.771   161.942   174.000     0.927     8.589
   296.365   162.332   175.000     0.932     8.589
   296.961   162.723   176.000     0.938     8.589
   297.559   163.114   177.000     0.943     8.589
   298.158   163.505   178.000     0.949     8.589
   298.759   163.896   179.000     0.954     8.589
   299.361   164.288   180.000     0.960     8.575
   299.965   164.680   181.000     0.965     8.575
   300.571   165.072   182.000     0.971     8.575
   301.178   165.465   183.000     0.976     8.575
   301.787   165.858   184.000     0.982     8.575
   302.397   166.251   185.000     0.987     8.575
   303.010   166.644   186.000     0.993     8.575
   303.623   167.038   187.000     0.998     8.575
   304.238   167.432   188.000     1.004     8.562
   304.855   167.827   189.000     1.010     8.562
   305.473   168.222   190.000     1.015     8.562
   306.092   168.617   191.000     1.021     8.562
   306.713   169.012   192.000     1.026     8.562
   307.336   169.408   193.000     1.032     8.562
   307.960   169.804   194.000     1.037     8.562
   308.585   170.200   195.000     1.043     8.562
   309.212   170.597   196.000     1.048     8.562
   309.840   170.994   197.000     1.054     8.549
   310.470   171.391   198.000     1.059     8.549
   311.100   171.789   199.000     1.065     8.549
   311.733   172.186   200.000     1.070     8.549
   312.366   172.585   201.000     1.076     8.549
   313.001   172.983   202.000     1.081     8.549
   313.638   173.382   203.000     1.087     8.549
   314.275   173.781   204.000     1.092     8.549
   314.914   174.180   205.000     1.098     8.549
   315.554   174.580   206.000     1.103     8.537
   316.196   174.980   207.000     1.109     8.537
   316.838   175.380   208.000     1.114     8.537
   317.482   175.781   209.000     1.120     8.537
   318.127   176.182   210.000     1.125     8.537
   318.774   176.583   211.000     1.131     8.537
   319.422   176.985   212.000     1.136     8.537
   320.070   177.386   213.000     1.142     8.537
   320.721   177.788   214.000     1.148     8.537
   321.372   178.191   215.000     1.153     8.526
   322.024   178.594   216.000     1.159     8.526
   322.678   178.997   217.000     1.164     8.526
   323.333   179.400   218.000     1.170     8.526
   323.989   179.804   219.000     1.175     8.526
   324.646   180.208   220.000     1.181     8.526
   325.304   180.612   221.000     1.186     8.526
   325.964   181.016   222.000     1.192     8.526
   326.624   181.421   223.000     1.197     8.515
   327.286   181.826   224.000     1.203     8.515
   327.948   182.232   225.000     1.208     8.515
   328.612   182.638   226.000     1.214     8.515
   329.277   183.044   227.000     1.219     8.515
   329.943   183.450   228.000     1.225     8.515
   330.610   183.857   229.000     1.230     8.515
   331.279   184.264   230.000     1.236     8.515
   331.948   184.671   231.000     1.241     8.515
   332.618   185.078   232.000     1.247     8.505
   333.289   185.486   233.000     1.252     8.505
   333.962   185.894   234.000     1.258     8.505
   334.635   186.303   235.000     1.263     8.505
   335.310   186.712   236.000     1.269     8.505
   335.985   187.121   237.000     1.274     8.505
   336.661   187.530   238.000     1.280     8.505
   337.339   187.940   239.000     1.286     8.505
   338.017   188.350   240.000     1.291     8.505
   338.697   188.760   241.000     1.297     8.495
   339.377   189.170   242.000     1.302     8.495
   340.059   189.581   243.000     1.308     8.495
   340.741   189.992   244.000     1.313     8.495
   341.424   190.404   245.000     1.319     8.495
   342.109   190.816   246.000     1.324     8.495
   342.794   191.228   247.000     1.330     8.495
   343.480   191.640   248.000     1.335     8.495
   344.167   192.053   249.000     1.341     8.495
   344.856   192.466   250.000     1.346     8.485
   345.545   192.879   251.000     1.352     8.485
   346.235   193.292   252.000     1.357     8.485
   346.926   193.706   253.000     1.363     8.485
   347.617   194.120   254.000     1.368     8.485
   348.310   194.535   255.000     1.374     8.485
   349.004   194.949   256.000     1.379     8.485
   349.698   195.364   257.000     1.385     8.485
   350.394   195.780   258.000     1.390     8.477
   351.090   196.195   259.000     1.396     8.477
   351.787   196.611   260.000     1.401     8.477
   352.485   197.027   261.000     1.407     8.477
   353.184   197.444   262.000     1.412     8.477
   353.884   197.861   263.000     1.418     8.477
   354.585   198.278   264.000     1.424     8.477
   355.286   198.695   265.000     1.429     8.477
   355.989   199.113   266.000     1.435     8.477
   356.692   199.531   267.000     1.440     8.468
   357.396   199.949   268.000     1.446     8.468
   358.101   200.368   269.000     1.451     8.468
   358.807   200.786   270.000     1.457     8.468
   359.514   201.206   271.000     1.462     8.468
   360.221   201.625   272.000     1.468     8.468
   360.930   202.045   273.000     1.473     8.468
   361.639   202.465   274.000     1.479     8.468
   362.349   202.885   275.000     1.484     8.468
   363.059   203.306   276.000     1.490     8.460
   363.771   203.727   277.000     1.495     8.460
   364.483   204.148   278.000     1.501     8.460
   365.197   204.569   279.000     1.506     8.460
   365.911   204.991   280.000     1.512     8.460
   366.625   205.413   281.000     1.517     8.460
   367.341   205.835   282.000     1.523     8.460
   368.057   206.258   283.000     1.528     8.460
   368.775   206.681   284.000     1.534     8.452
   369.493   207.104   285.000     1.539     8.452
   370.211   207.528   286.000     1.545     8.452
   370.931   207.951   287.000     1.551     8.452
   371.651   208.375   288.000     1.556     8.452
   372.372   208.800   289.000     1.562     8.452
   373.094   209.225   290.000     1.567     8.452
   373.817   209.649   291.000     1.573     8.452
   374.540   210.075   292.000     1.578     8.452
   375.264   210.500   293.000     1.584     8.445
   375.989   210.926   294.000     1.589     8.445
   376.715   211.352   295.000     1.595     8.445
   377.441   211.779   296.000     1.600     8.445
   378.168   212.205   297.000     1.606     8.445
   378.896   212.632   298.000     1.611     8.445
   379.625   213.060   299.000     1.617     8.445
   380.354   213.487   300.000     1.622     8.445
   381.084   213.915   301.000     1.628     8.445
   381.815   214.343   302.000     1.633     8.438
   382.547   214.772   303.000     1.639     8.438
   383.279   215.200   304.000     1.644     8.438
   384.012   215.629   305.000     1.650     8.438
   384.746   216.059   306.000     1.655     8.438
   385.480   216.488   307.000     1.661     8.438
   386.215   216.918   308.000     1.666     8.438
   386.951   217.348   309.000     1.672     8.438
   387.687   217.778   310.000     1.678     8.438
   388.425   218.209   311.000     1.683     8.431
   389.163   218.640   312.000     1.689     8.431
   389.901   219.071   313.000     1.694     8.431
   390.641   219.503   314.000     1.700     8.431
   391.381   219.935   315.000     1.705     8.431
   392.122   220.367   316.000     1.711     8.431
   392.863   220.799   317.000     1.716     8.431
   393.605   221.232   318.000     1.722     8.431
   394.348   221.665   319.000     1.727     8.425
   395.092   222.098   320.000     1.733     8.425
   395.836   222.532   321.000     1.738     8.425
   396.581   222.966   322.000     1.744     8.425
   397.326   223.400   323.000     1.749     8.425
   398.073   223.834   324.000     1.755     8.425
   398.819   224.269   325.000     1.760     8.425
   399.567   224.704   326.000     1.766     8.425
   400.315   225.139   327.000     1.771     8.425
   401.064   225.575   328.000     1.777     8.419
   401.814   226.011   329.000     1.782     8.419
   402.564   226.447   330.000     1.788     8.419
   403.315   226.883   331.000     1.793     8.419
   404.067   227.320   332.000     1.799     8.419
   404.819   227.757   333.000     1.805     8.419
   405.572   228.194   334.000     1.810     8.419
   406.325   228.632   335.000     1.816     8.419
   407.079   229.069   336.000     1.821     8.419
   407.834   229.508   337.000     1.827     8.413
   408.590   229.946   338.000     1.832     8.413
   409.346   230.385   339.000     1.838     8.413
   410.103   230.824   340.000     1.843     8.413
   410.860   231.263   341.000     1.849     8.413
   411.618   231.702   342.000     1.854     8.413
   412.377   232.142   343.000     1.860     8.413
   413.136   232.582   344.000     1.865     8.413
   413.896   233.022   345.000     1.871     8.413
   414.657   233.463   346.000     1.876     8.407
   415.418   233.904   347.000     1.882     8.407
   416.180   234.345   348.000     1.887     8.407
   416.943   234.787   349.000     1.893     8.407
   417.706   235.228   350.000     1.898     8.407
   418.470   235.670   351.000     1.904     8.407
   419.234   236.113   352.000     1.909     8.407
   419.999   236.555   353.000     1.915     8.407
   420.765   236.998   354.000     1.921     8.402
   421.531   237.441   355.000     1.926     8.402
   422.298   237.884   356.000     1.932     8.402
   423.065   238.328   357.000     1.937     8.402
   423.833   238.772   358.000     1.943     8.402
   424.602   239.216   359.000     1.948     8.402
   425.371   239.661   360.000     1.954     8.402
   426.141   240.106   361.000     1.959     8.402
   426.912   240.551   362.000     1.965     8.402
   427.683   240.996   363.000     1.970     8.397
   428.455   241.442   364.000     1.976     8.397
   429.227   241.888   365.000     1.981     8.397
   430.000   242.334   366.000     1.987     8.397
   430.774   242.780   367.000     1.992     8.397
   431.548   243.227   368.000     1.998     8.397
   432.323   243.674   369.000     2.003     8.397
   433.098   244.121   370.000     2.009     8.397
   433.874   244.569   371.000     2.014     8.397
   434.651   245.017   372.000     2.020     8.392
   435.428   245.465   373.000     2.025     8.392
   436.205   245.913   374.000     2.031     8.392
   436.984   246.362   375.000     2.037     8.392
   437.763   246.811   376.000     2.042     8.392
   438.542   247.260   377.000     2.048     8.392
   439.322   247.709   378.000     2.053     8.392
   440.103   248.159   379.000     2.059     8.392
   440.884   248.609   380.000     2.064     8.392
   441.666   249.060   381.000     2.070     8.388
   442.449   249.510   382.000     2.075     8.388
   443.232   249.961   383.000     2.081     8.388
   444.015   250.412   384.000     2.086     8.388
   444.799   250.864   385.000     2.092     8.388
   445.584   251.315   386.000     2.097     8.388
   446.369   251.767   387.000     2.103     8.388
   447.155   252.219   388.000     2.108     8.388
   447.942   252.672   389.000     2.114     8.383
   448.729   253.125   390.000     2.119     8.383
   449.517   253.578   391.000     2.125     8.383
   450.305   254.031   392.000     2.130     8.383
   451.093   254.485   393.000     2.136     8.383
   451.883   254.938   394.000     2.141     8.383
   452.673   255.393   395.000     2.147     8.383
   453.463   255.847   396.000     2.153     8.383
   454.254   256.302   397.000     2.158     8.383
   455.046   256.757   398.000     2.164     8.379
   455.838   257.212   399.000     2.169     8.379
   456.631   257.667   400.000     2.175     8.379
   457.424   258.123   401.000     2.180     8.379
   458.218   258.579   402.000     2.186     8.379
   459.012   259.035   403.000     2.191     8.379
   459.807   259.492   404.000     2.197     8.379
   460.603   259.949   405.000     2.202     8.379
   461.399   260.406   406.000     2.208     8.379
   462.195   260.863   407.000     2.213     8.375
   462.993   261.321   408.000     2.219     8.375
   463.790   261.779   409.000     2.224     8.375
   464.589   262.237   410.000     2.230     8.375
   465.387   262.696   411.000     2.235     8.375
   466.187   263.154   412.000     2.241     8.375
   466.987   263.613   413.000     2.246     8.375
   467.787   264.073   414.000     2.252     8.375
   468.588   264.532   415.000     2.257     8.375
   469.390   264.992   416.000     2.263     8.371
   470.192   265.452   417.000     2.269     8.371
   470.995   265.912   418.000     2.274     8.371
   471.798   266.373   419.000     2.280     8.371
   472.602   266.834   420.000     2.285     8.371
   473.406   267.295   421.000     2.291     8.371
   474.211   267.756   422.000     2.296     8.371
   475.016   268.218   423.000     2.302     8.371
   475.822   268.680   424.000     2.307     8.368
   476.628   269.142   425.000     2.313     8.368
   477.435   269.605   426.000     2.318     8.368
   478.243   270.067   427.000     2.324     8.368
   479.051   270.530   428.000     2.329     8.368
   479.860   270.994   429.000     2.335     8.368
   480.669   271.457   430.000     2.340     8.368
   481.478   271.921   431.000     2.346     8.368
   482.289   272.385   432.000     2.351     8.368
   483.099   272.850   433.000     2.357     8.364
   483.911   273.314   434.000     2.362     8.364
   484.722   273.779   435.000     2.368     8.364
   485.535   274.244   436.000     2.374     8.364
   486.348   274.710   437.000     2.379     8.364
   487.161   275.175   438.000     2.385     8.364
   487.975   275.641   439.000     2.390     8.364
   488.789   276.107   440.000     2.396     8.364
   489.604   276.574   441.000     2.401     8.364
   490.420   277.041   442.000     2.407     8.361
   491.236   277.508   443.000     2.412     8.361
   492.052   277.975   444.000     2.418     8.361
   492.869   278.442   445.000     2.423     8.361
   493.687   278.910   446.000     2.429     8.361
   494.505   279.378   447.000     2.434     8.361
   495.324   279.847   448.000     2.440     8.361
   496.143   280.315   449.000     2.445     8.361
   496.963   280.784   450.000     2.451     8.358
   497.783   281.253   451.000     2.456     8.358
   498.603   281.723   452.000     2.462     8.358
   499.425   282.192   453.000     2.467     8.358
   500.246   282.662   454.000     2.473     8.358
   501.069   283.132   455.000     2.479     8.358
   501.891   283.603   456.000     2.484     8.358
   502.715   284.073   457.000     2.490     8.358
   503.538   284.544   458.000     2.495     8.358
   504.363   285.016   459.000     2.501     8.355
   505.188   285.487   460.000     2.506     8.355
   506.013   285.959   461.000     2.512     8.355
   506.839   286.431   462.000     2.517     8.355
   507.665   286.903   463.000     2.523     8.355
   508.492   287.376   464.000     2.528     8.355
   509.319   287.848   465.000     2.534     8.355
   510.147   288.322   466.000     2.539     8.355
   510.976   288.795   467.000     2.545     8.355
   511.804   289.268   468.000     2.550     8.352
   512.634   289.742   469.000     2.556     8.352
   513.464   290.216   470.000     2.561     8.352
   514.294   290.691   471.000     2.567     8.352
   515.125   291.165   472.000     2.572     8.352
   515.956   291.640   473.000     2.578     8.352
   516.788   292.115   474.000     2.584     8.352
   517.621   292.591   475.000     2.589     8.352
   518.454   293.066   476.000     2.595     8.352
   519.287   293.542   477.000     2.600     8.349
   520.121   294.019   478.000     2.606     8.349
   520.956   294.495   479.000     2.611     8.349
   521.790   294.972   480.000     2.617     8.349
   522.626   295.449   481.000     2.622     8.349
   523.462   295.926   482.000     2.628     8.349
   524.298   296.403   483.000     2.633     8.349
   525.135   296.881   484.000     2.639     8.349
   525.973   297.359   485.000     2.644     8.347
   526.811   297.837   486.000     2.650     8.347
   527.649   298.316   487.000     2.655     8.347
   528.488   298.795   488.000     2.661     8.347
   529.327   299.274   489.000     2.666     8.347
   530.167   299.753   490.000     2.672     8.347
   531.008   300.232   491.000     2.677     8.347
   531.848   300.712   492.000     2.683     8.347
   532.690   301.192   493.000     2.689     8.347
   533.532   301.673   494.000     2.694     8.344
   534.374   302.153   495.000     2.700     8.344
   535.217   302.634   496.000     2.705     8.344
   536.060   303.115   497.000     2.711     8.344
   536.904   303.596   498.000     2.716     8.344
   537.748   304.078   499.000     2.722     8.344
   538.593   304.560   500.000     2.727     8.344
   539.438   305.042   501.000     2.733     8.344
   540.284   305.524   502.000     2.738     8.344
   540.574   305.689   502.342     2.740     8.344
