****************************************************************************************************
----------------------------------------------------------------------------------------------------
Ambient Table:
     Depth   Amb-cur   Amb-dir   Amb-sal   Amb-tem   Amb-pol     Decay   Far-spd   Far-dir   Disprsn
       (m)     (m/s)     (deg)     (psu)       (C)    (mg/L)   (1/day)     (m/s)     (deg)(m0.67/s2)
     0.000     0.090     0.000    32.000    14.000     0.000     0.000     0.050     0.000   0.00030
     2.000     0.085     0.000    32.000    12.000     0.000     0.000     0.050     0.000   0.00030
     4.000     0.070     0.000    32.000     8.000     0.000     0.000     0.050     0.000   0.00030
     6.000     0.065     0.000    32.000     8.000     0.000     0.000     0.050     0.000   0.00030
     8.000     0.060     0.000    32.000     8.000     0.000     0.000     0.050     0.000   0.00030
    10.000     0.055     0.000    32.000     8.000     0.000     0.000     0.050     0.000   0.00030
    12.000     0.050     0.000    32.000     8.000     0.000     0.000     0.050     0.000   0.00030
----------------------------------------------------------------------------------------------------
Diffuser Table:
     P-dia    P-elev   V-angle   H-angle     Ports   Spacing   AcuteMZ   ChrncMZ   P-depth   Ttl-flo   Eff-sal      Temp   Polutnt
       (m)       (m)     (deg)     (deg)       ( )       (m)       (m)       (m)       (m)     (MGD)     (psu)       (C)    (mg/L)
      0.08      0.31     45.00     30.00      1.00      0.00     10.20    102.00     11.00      8.00      0.00      2.63    100.00
----------------------------------------------------------------------------------------------------
Simulation Results:
              Dilutn     P-dia    x-posn    y-posn     Depth      Time   Net-Dil     P-Den    P-Con.     P-Sal    P-Temp  Amb-Curr    CL-Dil
      Step (FluxAvg)       (m)       (m)       (m)       (m)       (s)        ()   (kg/m3)    (mg/L)     (psu)       (C)     (m/s)        ()
         1     1.019     0.077     0.002     0.001   -10.997     0.000     1.019  1000.531    98.089     0.627     2.735     0.053     1.000
         2     1.039     0.078     0.005     0.003   -10.995     0.000     1.039  1001.027    96.213     1.243     2.839     0.053     1.000
         3     1.060     0.080     0.007     0.004   -10.992     0.000     1.060  1001.513    94.373     1.846     2.940     0.053     1.000
         4     1.080     0.081     0.009     0.005   -10.989     0.000     1.080  1001.988    92.566     2.437     3.039     0.053     1.000
         5     1.101     0.083     0.012     0.007   -10.987     0.000     1.101  1002.453    90.793     3.017     3.136     0.053     1.000
         6     1.123     0.085     0.014     0.008   -10.984     0.000     1.123  1002.908    89.053     3.585     3.232     0.053     1.000
         7     1.145     0.086     0.017     0.010   -10.981     0.000     1.145  1003.353    87.346     4.142     3.325     0.053     1.000
         8     1.167     0.088     0.019     0.011   -10.978     0.000     1.167  1003.789    85.670     4.688     3.417     0.053     1.000
         9     1.190     0.090     0.022     0.013   -10.975     0.001     1.190  1004.216    84.026     5.224     3.507     0.053     1.000
        10     1.213     0.092     0.025     0.014   -10.972     0.001     1.213  1004.634    82.413     5.749     3.595     0.053     1.000
        11     1.237     0.093     0.027     0.016   -10.968     0.001     1.237  1005.043    80.830     6.264     3.681     0.053     1.000
        12     1.261     0.095     0.030     0.017   -10.965     0.001     1.261  1005.444    79.277     6.768     3.766     0.053     1.000
        13     1.286     0.097     0.033     0.019   -10.962     0.001     1.286  1005.836    77.753     7.263     3.849     0.053     1.000
        14     1.311     0.099     0.036     0.021   -10.959     0.001     1.311  1006.220    76.257     7.748     3.930     0.053     1.000
        15     1.337     0.101     0.039     0.022   -10.955     0.001     1.337  1006.596    74.790     8.224     4.010     0.053     1.000
        16     1.363     0.103     0.042     0.024   -10.952     0.001     1.363  1006.964    73.350     8.690     4.088     0.053     1.000
        17     1.390     0.105     0.045     0.026   -10.948     0.001     1.390  1007.324    71.938     9.147     4.165     0.053     1.000
        18     1.417     0.107     0.048     0.028   -10.944     0.001     1.417  1007.678    70.552     9.595     4.240     0.053     1.000
        19     1.445     0.109     0.051     0.030   -10.941     0.001     1.445  1008.023    69.192    10.034     4.314     0.053     1.000
        20     1.474     0.111     0.055     0.032   -10.937     0.001     1.474  1008.362    67.858    10.465     4.386     0.053     1.000
        21     1.503     0.114     0.058     0.033   -10.933     0.002     1.503  1008.694    66.550    10.887     4.457     0.053     1.000
        22     1.532     0.116     0.061     0.035   -10.929     0.002     1.532  1009.018    65.266    11.301     4.526     0.053     1.000
        23     1.562     0.118     0.065     0.037   -10.925     0.002     1.562  1009.336    64.006    11.707     4.595     0.053     1.000
        24     1.593     0.120     0.068     0.040   -10.921     0.002     1.593  1009.648    62.770    12.105     4.661     0.053     1.000
        25     1.624     0.123     0.072     0.042   -10.917     0.002     1.624  1009.953    61.558    12.495     4.727     0.053     1.000
        26     1.656     0.125     0.076     0.044   -10.913     0.002     1.656  1010.252    60.369    12.877     4.791     0.053     1.000
        27     1.689     0.128     0.080     0.046   -10.908     0.002     1.689  1010.545    59.203    13.252     4.854     0.053     1.000
        28     1.722     0.130     0.083     0.048   -10.904     0.002     1.722  1010.832    58.058    13.620     4.916     0.053     1.000
        29     1.756     0.133     0.087     0.050   -10.899     0.003     1.756  1011.113    56.936    13.980     4.976     0.053     1.000
        30     1.791     0.136     0.091     0.053   -10.895     0.003     1.791  1011.388    55.834    14.334     5.035     0.053     1.000
        31     1.826     0.138     0.095     0.055   -10.890     0.003     1.826  1011.658    54.754    14.680     5.094     0.053     1.000
        32     1.862     0.141     0.100     0.057   -10.885     0.003     1.862  1011.922    53.695    15.020     5.150     0.053     1.000
        33     1.899     0.144     0.104     0.060   -10.880     0.003     1.899  1012.181    52.655    15.353     5.206     0.053     1.000
        34     1.937     0.147     0.108     0.062   -10.875     0.003     1.937  1012.435    51.636    15.679     5.261     0.053     1.000
        35     1.975     0.150     0.113     0.065   -10.870     0.004     1.975  1012.684    50.636    15.999     5.315     0.053     1.000
        36     2.014     0.152     0.117     0.068   -10.865     0.004     2.014  1012.927    49.655    16.313     5.368     0.053     1.007
        37     2.054     0.156     0.122     0.070   -10.859     0.004     2.054  1013.166    48.693    16.620     5.419     0.053     1.027
        38     2.094     0.159     0.126     0.073   -10.854     0.004     2.094  1013.399    47.749    16.922     5.470     0.053     1.047
        39     2.136     0.162     0.131     0.076   -10.849     0.004     2.136  1013.628    46.823    17.218     5.519     0.053     1.068
        40     2.178     0.165     0.136     0.079   -10.843     0.005     2.178  1013.853    45.915    17.508     5.568     0.053     1.089
        41     2.221     0.168     0.141     0.081   -10.837     0.005     2.221  1014.073    45.025    17.792     5.616     0.053     1.110
        42     2.265     0.172     0.146     0.084   -10.831     0.005     2.265  1014.288    44.151    18.070     5.662     0.053     1.132
        43     2.310     0.175     0.151     0.087   -10.825     0.005     2.310  1014.499    43.295    18.343     5.708     0.053     1.155
        44     2.355     0.178     0.157     0.090   -10.819     0.006     2.355  1014.706    42.454    18.611     5.753     0.053     1.178
        45     2.402     0.182     0.162     0.094   -10.813     0.006     2.402  1014.909    41.630    18.874     5.797     0.053     1.201
        46     2.450     0.186     0.168     0.097   -10.807     0.006     2.450  1015.108    40.822    19.131     5.840     0.053     1.225
        47     2.498     0.189     0.173     0.100   -10.800     0.007     2.498  1015.302    40.029    19.383     5.883     0.053     1.249
        48     2.548     0.193     0.179     0.103   -10.794     0.007     2.548  1015.493    39.252    19.631     5.924     0.053     1.274
        49     2.598     0.197     0.185     0.107   -10.787     0.007     2.598  1015.680    38.489    19.873     5.965     0.053     1.299
        50     2.650     0.201     0.191     0.110   -10.780     0.008     2.650  1015.863    37.741    20.111     6.005     0.053     1.325
        51     2.702     0.205     0.197     0.114   -10.773     0.008     2.702  1016.043    37.008    20.344     6.044     0.053     1.351
        52     2.756     0.209     0.203     0.117   -10.766     0.008     2.756  1016.219    36.288    20.573     6.082     0.053     1.378
        53     2.810     0.213     0.209     0.121   -10.758     0.009     2.810  1016.391    35.583    20.797     6.120     0.053     1.405
        54     2.866     0.217     0.216     0.125   -10.751     0.009     2.866  1016.560    34.891    21.017     6.157     0.053     1.433
        55     2.923     0.222     0.222     0.128   -10.743     0.009     2.923  1016.726    34.212    21.232     6.193     0.053     1.461
        56     2.981     0.226     0.229     0.132   -10.736     0.010     2.981  1016.888    33.547    21.443     6.228     0.053     1.490
        57     3.040     0.231     0.236     0.136   -10.728     0.010     3.040  1017.047    32.894    21.650     6.263     0.053     1.520
        58     3.100     0.235     0.243     0.140   -10.720     0.011     3.100  1017.203    32.254    21.853     6.297     0.053     1.550
        59     3.162     0.240     0.250     0.144   -10.711     0.011     3.162  1017.356    31.627    22.052     6.331     0.053     1.581
        60     3.225     0.245     0.257     0.148   -10.703     0.012     3.225  1017.506    31.011    22.247     6.363     0.053     1.612
        61     3.289     0.250     0.265     0.153   -10.695     0.012     3.289  1017.653    30.407    22.438     6.395     0.053     1.644
        62     3.354     0.254     0.272     0.157   -10.686     0.013     3.354  1017.797    29.815    22.626     6.427     0.053     1.677
        63     3.421     0.260     0.280     0.162   -10.677     0.013     3.421  1017.938    29.235    22.809     6.458     0.053     1.710
        64     3.489     0.265     0.288     0.166   -10.668     0.014     3.489  1018.076    28.665    22.990     6.488     0.053     1.744
        65     3.558     0.270     0.296     0.171   -10.659     0.015     3.558  1018.211    28.107    23.166     6.518     0.053     1.779
        66     3.629     0.275     0.304     0.175   -10.649     0.015     3.629  1018.344    27.560    23.340     6.547     0.053     1.814
        67     3.701     0.281     0.313     0.180   -10.640     0.016     3.701  1018.474    27.023    23.509     6.575     0.053     1.850
        68     3.774     0.286     0.321     0.185   -10.630     0.017     3.774  1018.602    26.496    23.676     6.603     0.053     1.887
        69     3.849     0.292     0.330     0.190   -10.620     0.017     3.849  1018.727    25.980    23.839     6.630     0.053     1.925
        70     3.926     0.298     0.339     0.195   -10.610     0.018     3.926  1018.850    25.473    23.999     6.657     0.053     1.963
        71     4.004     0.304     0.348     0.200   -10.599     0.019     4.004  1018.970    24.977    24.156     6.684     0.053     2.002
        72     4.083     0.310     0.357     0.206   -10.588     0.020     4.083  1019.087    24.490    24.310     6.709     0.054     2.042
        73     4.164     0.316     0.366     0.211   -10.578     0.020     4.164  1019.203    24.013    24.461     6.735     0.054     2.082
        74     4.247     0.322     0.376     0.217   -10.567     0.021     4.247  1019.316    23.544    24.608     6.760     0.054     2.124
        75     4.332     0.329     0.386     0.222   -10.555     0.022     4.332  1019.427    23.085    24.753     6.784     0.054     2.166
        76     4.418     0.335     0.396     0.228   -10.544     0.023     4.418  1019.535    22.635    24.895     6.808     0.054     2.209
        77     4.506     0.342     0.406     0.234   -10.532     0.024     4.506  1019.642    22.193    25.035     6.831     0.054     2.253
        78     4.595     0.349     0.416     0.240   -10.520     0.025     4.595  1019.746    21.760    25.171     6.854     0.054     2.298
        79     4.687     0.356     0.427     0.246   -10.508     0.026     4.687  1019.849    21.336    25.305     6.877     0.054     2.343
        80     4.780     0.363     0.438     0.252   -10.496     0.027     4.780  1019.949    20.920    25.436     6.899     0.054     2.390
        81     4.875     0.370     0.449     0.259   -10.483     0.029     4.875  1020.047    20.511    25.565     6.920     0.054     2.438
        82     4.972     0.378     0.460     0.265   -10.470     0.030     4.972  1020.144    20.111    25.691     6.941     0.054     2.486
        83     5.071     0.385     0.472     0.272   -10.457     0.031     5.071  1020.238    19.719    25.815     6.962     0.054     2.536
        84     5.172     0.393     0.483     0.278   -10.443     0.032     5.172  1020.331    19.334    25.936     6.982     0.054     2.586
        85     5.275     0.401     0.495     0.285   -10.430     0.034     5.275  1020.422    18.956    26.055     7.002     0.054     2.638
        86     5.380     0.409     0.507     0.292   -10.416     0.035     5.380  1020.511    18.586    26.172     7.022     0.054     2.690
        87     5.487     0.417     0.520     0.299   -10.401     0.037     5.487  1020.598    18.223    26.286     7.041     0.054     2.744
        88     5.597     0.425     0.532     0.307   -10.387     0.038     5.597  1020.684    17.868    26.398     7.060     0.054     2.798
        89     5.708     0.434     0.545     0.314   -10.372     0.040     5.708  1020.767    17.519    26.508     7.078     0.054     2.854
        90     5.822     0.442     0.559     0.322   -10.357     0.041     5.822  1020.850    17.177    26.616     7.096     0.054     2.911
        91     5.938     0.451     0.572     0.329   -10.341     0.043     5.938  1020.930    16.841    26.721     7.114     0.054     2.969
        92     6.056     0.460     0.586     0.337   -10.326     0.045     6.056  1021.009    16.512    26.825     7.132     0.054     3.028
        93     6.177     0.469     0.600     0.345   -10.310     0.047     6.177  1021.087    16.190    26.926     7.149     0.054     3.088
        94     6.300     0.478     0.614     0.353   -10.293     0.049     6.300  1021.162    15.873    27.026     7.165     0.054     3.150
        95     6.425     0.488     0.629     0.362   -10.276     0.051     6.425  1021.237    15.563    27.123     7.182     0.054     3.213
        96     6.553     0.498     0.643     0.370   -10.259     0.053     6.553  1021.310    15.259    27.219     7.198     0.054     3.277
        97     6.684     0.508     0.659     0.379   -10.242     0.055     6.684  1021.381    14.961    27.313     7.213     0.054     3.342
        98     6.817     0.518     0.674     0.388   -10.224     0.057     6.817  1021.451    14.669    27.404     7.229     0.054     3.409
        99     6.953     0.528     0.690     0.397   -10.206     0.059     6.953  1021.520    14.382    27.495     7.244     0.054     3.477
       100     7.092     0.539     0.706     0.406   -10.188     0.062     7.092  1021.587    14.101    27.583     7.259     0.054     3.546
       101     7.233     0.549     0.722     0.415   -10.169     0.064     7.233  1021.653    13.825    27.670     7.273     0.055     3.617
       102     7.377     0.560     0.739     0.425   -10.150     0.067     7.377  1021.718    13.555    27.754     7.288     0.055     3.689
       103     7.524     0.572     0.756     0.435   -10.130     0.070     7.524  1021.782    13.290    27.838     7.302     0.055     3.762
       104     7.674     0.583     0.773     0.445   -10.110     0.073     7.674  1021.844    13.030    27.919     7.315     0.055     3.837
       105     7.827     0.595     0.791     0.455   -10.090     0.076     7.827  1021.905    12.776    27.999     7.329     0.055     3.914
       106     7.983     0.606     0.809     0.465   -10.069     0.079     7.983  1021.964    12.526    28.078     7.342     0.055     3.992
       107     8.143     0.618     0.827     0.476   -10.048     0.082     8.143  1022.023    12.281    28.155     7.355     0.055     4.071
       108     8.305     0.631     0.846     0.487   -10.027     0.085     8.305  1022.080    12.041    28.230     7.367     0.055     4.153
       109     8.471     0.643     0.865     0.498   -10.005     0.089     8.471  1022.137    11.805    28.304     7.380     0.055     4.235
       110     8.640     0.656     0.885     0.509    -9.982     0.092     8.640  1022.192    11.575    28.376     7.392     0.055     4.320
       111     8.812     0.669     0.905     0.520    -9.960     0.096     8.812  1022.246    11.348    28.448     7.404     0.055     4.406
       112     8.988     0.683     0.925     0.532    -9.936     0.100     8.988  1022.299    11.126    28.517     7.416     0.055     4.494
       113     9.167     0.696     0.946     0.544    -9.913     0.104     9.167  1022.351    10.909    28.585     7.427     0.055     4.584
       114     9.350     0.710     0.967     0.556    -9.888     0.108     9.350  1022.402    10.695    28.652     7.438     0.055     4.675
       115     9.536     0.724     0.989     0.568    -9.864     0.113     9.536  1022.452    10.486    28.718     7.449     0.055     4.768
       116     9.727     0.739     1.011     0.581    -9.839     0.117     9.727  1022.501    10.281    28.782     7.460     0.055     4.863
       117     9.921     0.753     1.033     0.593    -9.813     0.122     9.921  1022.549    10.080    28.846     7.471     0.055     4.960
       118    10.119     0.768     1.056     0.607    -9.787     0.127    10.119  1022.596     9.883    28.907     7.481     0.055     5.059
       119    10.321     0.784     1.080     0.620    -9.760     0.132    10.321  1022.642     9.689    28.968     7.491     0.056     5.160
       120    10.527     0.799     1.103     0.633    -9.733     0.138    10.527  1022.687     9.500    29.027     7.501     0.056     5.263
       121    10.737     0.815     1.128     0.647    -9.705     0.143    10.737  1022.732     9.314    29.086     7.511     0.056     5.368
       122    10.951     0.831     1.152     0.661    -9.677     0.149    10.951  1022.775     9.132    29.143     7.521     0.056     5.475
       123    11.169     0.848     1.178     0.676    -9.648     0.155    11.169  1022.818     8.953    29.199     7.530     0.056     5.585
       124    11.392     0.865     1.203     0.691    -9.618     0.161    11.392  1022.860     8.778    29.254     7.539     0.056     5.696
       125    11.620     0.882     1.230     0.706    -9.588     0.168    11.620  1022.901     8.606    29.308     7.548     0.056     5.810
       126    11.852     0.900     1.256     0.721    -9.558     0.175    11.852  1022.941     8.438    29.360     7.557     0.056     5.926
       127    12.088     0.918     1.284     0.736    -9.527     0.182    12.088  1022.980     8.272    29.412     7.566     0.056     6.044
       128    12.330     0.936     1.312     0.752    -9.495     0.189    12.330  1023.019     8.111    29.463     7.574     0.056     6.165
       129    12.576     0.955     1.340     0.768    -9.463     0.197    12.576  1023.057     7.952    29.513     7.583     0.056     6.288
       130    12.827     0.974     1.369     0.785    -9.430     0.204    12.827  1023.094     7.796    29.561     7.591     0.056     6.413
       131    13.083     0.993     1.399     0.802    -9.396     0.213    13.083  1023.130     7.644    29.609     7.599     0.056     6.541
       132    13.344     1.013     1.429     0.819    -9.361     0.221    13.344  1023.166     7.494    29.656     7.607     0.057     6.672
       133    13.610     1.033     1.460     0.836    -9.326     0.230    13.610  1023.201     7.347    29.702     7.614     0.057     6.805
       134    13.882     1.053     1.491     0.854    -9.291     0.239    13.882  1023.235     7.203    29.747     7.622     0.057     6.941
       135    14.159     1.074     1.523     0.872    -9.254     0.249    14.159  1023.269     7.062    29.791     7.629     0.057     7.080
       136    14.442     1.096     1.555     0.891    -9.217     0.259    14.442  1023.301     6.924    29.835     7.637     0.057     7.221
       137    14.730     1.118     1.589     0.910    -9.179     0.270    14.730  1023.334     6.789    29.877     7.644     0.057     7.365
       138    15.025     1.140     1.623     0.929    -9.141     0.280    15.025  1023.365     6.656    29.919     7.651     0.057     7.512
       139    15.325     1.163     1.657     0.949    -9.102     0.292    15.325  1023.396     6.525    29.960     7.658     0.057     7.662
       140    15.631     1.186     1.692     0.969    -9.062     0.303    15.631  1023.427     6.398    30.000     7.664     0.057     7.815
       141    15.943     1.209     1.728     0.989    -9.021     0.316    15.943  1023.457     6.272    30.039     7.671     0.057     7.971
       142    16.261     1.233     1.765     1.010    -8.979     0.328    16.261  1023.486     6.150    30.077     7.677     0.057     8.131
       143    16.586     1.258     1.803     1.031    -8.937     0.341    16.586  1023.515     6.029    30.115     7.684     0.058     8.293
       144    16.917     1.283     1.841     1.053    -8.893     0.355    16.917  1023.543     5.911    30.152     7.690     0.058     8.459
       145    17.255     1.308     1.880     1.075    -8.849     0.369    17.255  1023.570     5.795    30.188     7.696     0.058     8.628
       146    17.600     1.335     1.919     1.097    -8.804     0.384    17.600  1023.597     5.682    30.224     7.702     0.058     8.800
       147    17.951     1.361     1.960     1.120    -8.758     0.400    17.951  1023.624     5.571    30.258     7.708     0.058     8.976
       148    18.310     1.388     2.001     1.143    -8.712     0.416    18.310  1023.650     5.462    30.293     7.713     0.058     9.155
       149    18.676     1.416     2.043     1.167    -8.664     0.432    18.676  1023.675     5.355    30.326     7.719     0.058     9.338
       150    19.049     1.444     2.086     1.191    -8.615     0.449    19.049  1023.700     5.250    30.359     7.725     0.058     9.524
       151    19.429     1.473     2.129     1.216    -8.566     0.467    19.429  1023.724     5.147    30.391     7.730     0.058     9.715
       152    19.817     1.502     2.174     1.241    -8.516     0.486    19.817  1023.748     5.046    30.423     7.735     0.059     9.909
       153    20.213     1.532     2.219     1.267    -8.464     0.506    20.213  1023.772     4.947    30.454     7.740     0.059    10.107
       154    20.617     1.562     2.266     1.293    -8.412     0.526    20.617  1023.795     4.850    30.484     7.746     0.059    10.308
       155    21.029     1.593     2.313     1.320    -8.358     0.547    21.029  1023.818     4.755    30.514     7.751     0.059    10.514
       156    21.449     1.625     2.361     1.347    -8.304     0.569    21.449  1023.840     4.662    30.543     7.755     0.059    10.724
       157    21.877     1.657     2.410     1.375    -8.249     0.591    21.877  1023.861     4.571    30.571     7.760     0.059    10.939
       158    22.315     1.690     2.460     1.403    -8.192     0.615    22.315  1023.883     4.481    30.599     7.765     0.059    11.157
       159    22.760     1.724     2.511     1.431    -8.134     0.639    22.760  1023.904     4.394    30.627     7.770     0.060    11.380
       160    23.215     1.758     2.564     1.461    -8.076     0.665    23.215  1023.924     4.308    30.654     7.774     0.060    11.608
       161    23.679     1.793     2.617     1.491    -8.016     0.691    23.679  1023.944     4.223    30.680     7.779     0.060    11.839
       162    24.152     1.828     2.671     1.521    -7.955     0.719    24.152  1023.964     4.140    30.706     7.783     0.060    12.076
       163    24.635     1.865     2.726     1.552    -7.893     0.747    24.635  1023.983     4.059    30.731     7.787     0.060    12.317
       164    25.127     1.902     2.782     1.583    -7.829     0.777    25.127  1024.002     3.980    30.756     7.791     0.060    12.563
       165    25.629     1.939     2.840     1.616    -7.765     0.808    25.629  1024.020     3.902    30.781     7.795     0.060    12.814
       166    26.141     1.978     2.898     1.648    -7.699     0.840    26.141  1024.039     3.825    30.805     7.799     0.061    13.071
       167    26.663     2.017     2.958     1.682    -7.632     0.873    26.663  1024.056     3.750    30.828     7.803     0.061    13.332
       168    27.196     2.057     3.018     1.716    -7.564     0.908    27.196  1024.074     3.677    30.851     7.807     0.061    13.598
       169    27.740     2.098     3.080     1.750    -7.494     0.944    27.740  1024.091     3.605    30.874     7.811     0.061    13.870
       170    28.294     2.139     3.144     1.786    -7.424     0.982    28.294  1024.108     3.534    30.896     7.815     0.061    14.147
       171    28.859     2.182     3.208     1.822    -7.351     1.020    28.859  1024.124     3.465    30.917     7.818     0.061    14.430
       172    29.436     2.225     3.274     1.858    -7.278     1.061    29.436  1024.140     3.397    30.938     7.822     0.062    14.718
       173    30.024     2.269     3.341     1.895    -7.203     1.103    30.024  1024.156     3.331    30.959     7.825     0.062    15.012
       174    30.624     2.314     3.409     1.933    -7.126     1.146    30.624  1024.172     3.265    30.980     7.829     0.062    15.312
       175    31.236     2.360     3.478     1.972    -7.049     1.192    31.236  1024.187     3.201    31.000     7.832     0.062    15.618
       176    31.861     2.406     3.549     2.012    -6.969     1.239    31.861  1024.202     3.139    31.019     7.835     0.062    15.930
       177    32.497     2.454     3.621     2.052    -6.889     1.288    32.497  1024.216     3.077    31.039     7.839     0.063    16.249
       178    33.147     2.502     3.695     2.093    -6.806     1.339    33.147  1024.231     3.017    31.057     7.842     0.063    16.573
       179    33.809     2.552     3.770     2.134    -6.723     1.391    33.809  1024.245     2.958    31.076     7.845     0.063    16.905
       180    34.485     2.602     3.847     2.177    -6.637     1.446    34.485  1024.258     2.900    31.094     7.848     0.063    17.243
       181    35.174     2.654     3.925     2.220    -6.550     1.503    35.174  1024.272     2.843    31.112     7.851     0.063    17.587
       182    35.877     2.706     4.004     2.264    -6.462     1.562    35.877  1024.285     2.787    31.129     7.854     0.064    17.939
       183    36.594     2.760     4.085     2.309    -6.372     1.624    36.594  1024.298     2.733    31.146     7.857     0.064    18.297
       184    37.326     2.814     4.168     2.354    -6.280     1.688    37.326  1024.311     2.679    31.163     7.860     0.064    18.663
       185    38.072     2.870     4.252     2.401    -6.186     1.754    38.072  1024.323     2.627    31.179     7.862     0.064    19.036
       186    38.833     2.926     4.338     2.448    -6.091     1.823    38.833  1024.336     2.575    31.196     7.865     0.065    19.416
       187    39.609     2.984     4.425     2.496    -5.994     1.894    39.609  1024.347     2.525    31.211     7.868     0.065    19.805
       188    40.401     3.043     4.514     2.545    -5.895     1.968    40.401  1024.359     2.475    31.227     7.870     0.065    20.200
       189    41.208     3.103     4.605     2.595    -5.795     2.045    41.208  1024.371     2.427    31.242     7.873     0.065    20.604
       190    42.032     3.164     4.698     2.646    -5.692     2.125    42.032  1024.382     2.379    31.257     7.875     0.066    21.016
       191    42.872     3.226     4.792     2.697    -5.588     2.208    42.872  1024.393     2.333    31.271     7.878     0.066    21.436
       192    43.729     3.290     4.888     2.750    -5.482     2.295    43.729  1024.404     2.287    31.286     7.880     0.066    21.865
       193    44.603     3.354     4.986     2.803    -5.374     2.384    44.603  1024.415     2.242    31.300     7.882     0.066    22.302
       194    45.495     3.420     5.086     2.858    -5.263     2.477    45.495  1024.425     2.198    31.313     7.885     0.067    22.747
       195    46.404     3.487     5.187     2.913    -5.151     2.574    46.404  1024.435     2.155    31.327     7.887     0.067    23.202
       196    47.332     3.556     5.291     2.970    -5.037     2.674    47.332  1024.445     2.113    31.340     7.889     0.067    23.666
       197    48.278     3.626     5.396     3.027    -4.921     2.778    48.278  1024.455     2.071    31.353     7.891     0.067    24.139
       198    49.243     3.697     5.504     3.086    -4.803     2.886    49.243  1024.465     2.031    31.366     7.894     0.068    24.622
       199    50.228     3.769     5.614     3.145    -4.683     2.997    50.228  1024.474     1.991    31.378     7.896     0.068    25.114
       200    51.232     3.843     5.725     3.205    -4.560     3.114    51.232  1024.483     1.952    31.390     7.898     0.068    25.616
       201    52.256     3.919     5.839     3.267    -4.435     3.234    52.256  1024.492     1.914    31.402     7.900     0.069    26.128
       202    53.301     3.995     5.955     3.329    -4.308     3.359    53.301  1024.501     1.876    31.414     7.902     0.069    26.650
       203    54.366     4.074     6.073     3.393    -4.179     3.489    54.366  1024.510     1.839    31.425     7.904     0.069    27.183
       204    55.453     4.153     6.193     3.458    -4.048     3.624    55.453  1024.519     1.803    31.437     7.905     0.070    27.727
       205    56.562     4.234     6.315     3.524    -3.914     3.763    56.562  1024.527     1.768    31.448     7.907     0.070    28.281
       206    57.692     4.317     6.440     3.591    -3.778     3.908    57.692  1024.535     1.733    31.459     7.909     0.071    28.846
       207    58.846     4.401     6.567     3.659    -3.640     4.058    58.846  1024.543     1.699    31.469     7.914     0.072    29.423
       208    60.022     4.487     6.696     3.728    -3.499     4.214    60.022  1024.550     1.666    31.480     7.925     0.073    30.011
       209    61.222     4.575     6.828     3.798    -3.356     4.375    61.222  1024.555     1.633    31.490     7.940     0.074    30.611
       210    62.447     4.664     6.961     3.869    -3.210     4.542    62.447  1024.560     1.601    31.500     7.961     0.075    31.223
       211    63.695     4.755     7.098     3.942    -3.063     4.715    63.695  1024.564     1.570    31.510     7.987     0.076    31.848
       212    64.969     4.848     7.236     4.015    -2.913     4.895    64.969  1024.567     1.539    31.519     8.018     0.077    32.485
       213    66.268     4.943     7.377     4.090    -2.760     5.081    66.268  1024.569     1.509    31.529     8.055     0.078    33.134
       214    67.594     5.039     7.521     4.166    -2.605     5.273    67.594  1024.571     1.479    31.538     8.096     0.079    33.797
---------------------------- Plume traps -----------------------------
       215    68.945     5.138     7.667     4.243    -2.448     5.473    68.945  1024.571     1.450    31.547     8.143     0.080    34.473
       216    70.324     5.238     7.816     4.322    -2.288     5.679    70.324  1024.571     1.422    31.556     8.195     0.082    35.162
       217    71.731     5.341     7.967     4.401    -2.126     5.893    71.731  1024.569     1.394    31.565     8.252     0.083    35.865
---------------------------- Plume surfaces --------------------------
       218    73.166     5.446     8.121     4.482    -1.962     6.115    73.166  1024.567     1.367    31.573     8.314     0.084    36.583
-------------------- Starting Farfield Calculations --------------------
Farfield dispersion based on wastefield width of :       5.45 (m)
4/3 Power Law based Eddy Diffusivity is used:
  Dilution     Width  Distance      Time    Bckgrd     Conc.
        ()       (m)       (m)    (hrs.)    (mg/L)    (mg/L)
    73.166     5.452     9.276     0.000     0.000     1.367
    73.166     5.556    10.000     0.005     0.000     1.334
    73.166     5.698    11.000     0.011     0.000     1.334
    73.166     5.838    12.000     0.017     0.000     1.334
    73.175     5.977    13.000     0.023     0.000     1.334
    73.217     6.116    14.000     0.029     0.000     1.333
    73.326     6.255    15.000     0.035     0.000     1.332
    73.525     6.394    16.000     0.040     0.000     1.329
    73.828     6.533    17.000     0.046     0.000     1.326
    74.238     6.673    18.000     0.052     0.000     1.318
    74.751     6.812    19.000     0.058     0.000     1.308
    75.360     6.953    20.000     0.063     0.000     1.302
    76.056     7.093    21.000     0.069     0.000     1.288
    76.830     7.235    22.000     0.075     0.000     1.272
    77.674     7.377    23.000     0.080     0.000     1.264
    78.580     7.519    24.000     0.086     0.000     1.246
    79.543     7.662    25.000     0.092     0.000     1.237
    80.556     7.806    26.000     0.097     0.000     1.218
    81.614     7.951    27.000     0.103     0.000     1.208
    82.712     8.096    28.000     0.108     0.000     1.189
    83.848     8.242    29.000     0.114     0.000     1.169
    85.016     8.389    30.000     0.120     0.000     1.159
    86.215     8.536    31.000     0.125     0.000     1.139
    87.442     8.685    32.000     0.131     0.000     1.129
    88.695     8.834    33.000     0.136     0.000     1.109
    89.971     8.983    34.000     0.142     0.000     1.090
    91.270     9.134    35.000     0.147     0.000     1.080
    92.589     9.285    36.000     0.153     0.000     1.061
    93.927     9.437    37.000     0.159     0.000     1.052
    95.284     9.590    38.000     0.164     0.000     1.033
    96.658     9.743    39.000     0.170     0.000     1.024
    98.048     9.897    40.000     0.175     0.000     1.006
    99.453    10.052    41.000     0.181     0.000     0.988
   100.873    10.208    42.000     0.186     0.000     0.979
   102.307    10.365    43.000     0.192     0.000     0.962
   103.754    10.522    44.000     0.198     0.000     0.953
   105.215    10.680    45.000     0.203     0.000     0.937
   106.687    10.839    46.000     0.209     0.000     0.929
   108.172    10.998    47.000     0.214     0.000     0.913
   109.668    11.159    48.000     0.220     0.000     0.905
   111.176    11.320    49.000     0.225     0.000     0.889
   112.694    11.481    50.000     0.231     0.000     0.874
   114.223    11.644    51.000     0.236     0.000     0.867
   115.762    11.807    52.000     0.242     0.000     0.853
   117.311    11.971    53.000     0.247     0.000     0.845
   118.870    12.136    54.000     0.253     0.000     0.831
   120.439    12.301    55.000     0.259     0.000     0.825
   122.017    12.468    56.000     0.264     0.000     0.811
   123.605    12.635    57.000     0.270     0.000     0.798
   125.201    12.802    58.000     0.275     0.000     0.792
   126.806    12.971    59.000     0.281     0.000     0.779
   128.420    13.140    60.000     0.286     0.000     0.773
   130.043    13.310    61.000     0.292     0.000     0.761
   131.674    13.480    62.000     0.297     0.000     0.755
   133.314    13.651    63.000     0.303     0.000     0.743
   134.961    13.823    64.000     0.308     0.000     0.732
   136.617    13.996    65.000     0.314     0.000     0.726
   138.281    14.169    66.000     0.319     0.000     0.715
   139.953    14.343    67.000     0.325     0.000     0.709
   141.632    14.518    68.000     0.331     0.000     0.699
   143.320    14.694    69.000     0.336     0.000     0.694
   145.015    14.870    70.000     0.342     0.000     0.683
   146.718    15.047    71.000     0.347     0.000     0.673
   148.428    15.224    72.000     0.353     0.000     0.668
   150.146    15.403    73.000     0.358     0.000     0.659
   151.871    15.582    74.000     0.364     0.000     0.654
   153.603    15.761    75.000     0.369     0.000     0.645
   155.343    15.942    76.000     0.375     0.000     0.640
   157.090    16.123    77.000     0.380     0.000     0.631
   158.844    16.304    78.000     0.386     0.000     0.627
   160.605    16.487    79.000     0.391     0.000     0.618
   162.373    16.670    80.000     0.397     0.000     0.610
   164.148    16.853    81.000     0.403     0.000     0.605
   165.931    17.038    82.000     0.408     0.000     0.597
   167.720    17.223    83.000     0.414     0.000     0.593
   169.516    17.408    84.000     0.419     0.000     0.585
   171.319    17.595    85.000     0.425     0.000     0.581
   173.128    17.782    86.000     0.430     0.000     0.573
   174.944    17.969    87.000     0.436     0.000     0.566
   176.767    18.158    88.000     0.441     0.000     0.562
   178.597    18.347    89.000     0.447     0.000     0.555
   180.434    18.536    90.000     0.452     0.000     0.551
   182.276    18.727    91.000     0.458     0.000     0.544
   184.126    18.917    92.000     0.463     0.000     0.541
   185.982    19.109    93.000     0.469     0.000     0.534
   187.845    19.301    94.000     0.475     0.000     0.531
   189.714    19.494    95.000     0.480     0.000     0.524
   191.589    19.688    96.000     0.486     0.000     0.518
   193.471    19.882    97.000     0.491     0.000     0.514
   195.359    20.077    98.000     0.497     0.000     0.508
   197.254    20.272    99.000     0.502     0.000     0.505
   199.155    20.468   100.000     0.508     0.000     0.499
   201.062    20.665   101.000     0.513     0.000     0.496
............................. Reached Chronic Mixing Zone ..........................
   202.975    20.862   102.000     0.519     0.000     0.490
   204.895    21.060   103.000     0.524     0.000     0.484
   206.821    21.258   104.000     0.530     0.000     0.481
   208.753    21.457   105.000     0.535     0.000     0.476
   210.691    21.657   106.000     0.541     0.000     0.473
   212.636    21.858   107.000     0.547     0.000     0.467
   214.586    22.059   108.000     0.552     0.000     0.465
   216.543    22.260   109.000     0.558     0.000     0.459
   218.505    22.462   110.000     0.563     0.000     0.454
   220.474    22.665   111.000     0.569     0.000     0.451
   222.449    22.869   112.000     0.574     0.000     0.446
   224.430    23.073   113.000     0.580     0.000     0.444
   226.417    23.277   114.000     0.585     0.000     0.439
   228.409    23.483   115.000     0.591     0.000     0.436
   230.408    23.689   116.000     0.596     0.000     0.432
   232.413    23.895   117.000     0.602     0.000     0.429
   234.423    24.102   118.000     0.607     0.000     0.425
   236.439    24.310   119.000     0.613     0.000     0.420
   238.462    24.518   120.000     0.619     0.000     0.418
   240.490    24.727   121.000     0.624     0.000     0.413
   242.524    24.936   122.000     0.630     0.000     0.411
   244.563    25.146   123.000     0.635     0.000     0.407
   246.609    25.357   124.000     0.641     0.000     0.405
   248.660    25.568   125.000     0.646     0.000     0.400
   250.717    25.780   126.000     0.652     0.000     0.396
   252.780    25.992   127.000     0.657     0.000     0.394
   254.849    26.205   128.000     0.663     0.000     0.390
   256.923    26.419   129.000     0.668     0.000     0.388
   259.003    26.633   130.000     0.674     0.000     0.384
   261.088    26.848   131.000     0.679     0.000     0.382
   263.179    27.063   132.000     0.685     0.000     0.378
   265.276    27.279   133.000     0.691     0.000     0.374
   267.379    27.495   134.000     0.696     0.000     0.373
   269.487    27.712   135.000     0.702     0.000     0.369
   271.600    27.930   136.000     0.707     0.000     0.367
   273.719    28.148   137.000     0.713     0.000     0.363
   275.844    28.366   138.000     0.718     0.000     0.362
   277.975    28.586   139.000     0.724     0.000     0.358
   280.110    28.806   140.000     0.729     0.000     0.356
   282.252    29.026   141.000     0.735     0.000     0.353
   284.398    29.247   142.000     0.740     0.000     0.350
   286.551    29.468   143.000     0.746     0.000     0.348
   288.708    29.690   144.000     0.752     0.000     0.345
   290.872    29.913   145.000     0.757     0.000     0.343
   293.040    30.136   146.000     0.763     0.000     0.340
   295.214    30.360   147.000     0.768     0.000     0.338
   297.394    30.584   148.000     0.774     0.000     0.335
   299.579    30.809   149.000     0.779     0.000     0.332
   301.769    31.034   150.000     0.785     0.000     0.330
   303.964    31.260   151.000     0.790     0.000     0.327
   306.165    31.487   152.000     0.796     0.000     0.326
   308.372    31.714   153.000     0.801     0.000     0.323
   310.583    31.941   154.000     0.807     0.000     0.321
   312.800    32.170   155.000     0.812     0.000     0.319
   315.022    32.398   156.000     0.818     0.000     0.316
   317.250    32.627   157.000     0.824     0.000     0.314
   319.483    32.857   158.000     0.829     0.000     0.311
   321.721    33.087   159.000     0.835     0.000     0.310
   323.964    33.318   160.000     0.840     0.000     0.307
   326.212    33.550   161.000     0.846     0.000     0.306
   328.466    33.781   162.000     0.851     0.000     0.303
   330.725    34.014   163.000     0.857     0.000     0.302
   332.989    34.247   164.000     0.862     0.000     0.299
   335.258    34.480   165.000     0.868     0.000     0.297
   337.533    34.714   166.000     0.873     0.000     0.296
   339.813    34.949   167.000     0.879     0.000     0.293
   342.097    35.184   168.000     0.885     0.000     0.292
   344.387    35.420   169.000     0.890     0.000     0.289
   346.682    35.656   170.000     0.896     0.000     0.288
   348.983    35.892   171.000     0.901     0.000     0.286
   351.288    36.130   172.000     0.907     0.000     0.283
   353.598    36.367   173.000     0.912     0.000     0.282
   355.914    36.605   174.000     0.918     0.000     0.280
   358.234    36.844   175.000     0.923     0.000     0.279
   360.560    37.083   176.000     0.929     0.000     0.276
   362.890    37.323   177.000     0.934     0.000     0.275
   365.226    37.563   178.000     0.940     0.000     0.273
   367.566    37.804   179.000     0.945     0.000     0.271
   369.912    38.046   180.000     0.951     0.000     0.270
   372.263    38.287   181.000     0.957     0.000     0.268
   374.618    38.530   182.000     0.962     0.000     0.266
   376.979    38.773   183.000     0.968     0.000     0.264
   379.345    39.016   184.000     0.973     0.000     0.263
   381.715    39.260   185.000     0.979     0.000     0.261
   384.091    39.504   186.000     0.984     0.000     0.260
   386.471    39.749   187.000     0.990     0.000     0.258
   388.856    39.994   188.000     0.995     0.000     0.256
   391.247    40.240   189.000     1.001     0.000     0.255
   393.642    40.487   190.000     1.006     0.000     0.253
   396.042    40.734   191.000     1.012     0.000     0.252
   398.447    40.981   192.000     1.018     0.000     0.250
   400.857    41.229   193.000     1.023     0.000     0.249
   403.272    41.477   194.000     1.029     0.000     0.247
   405.691    41.726   195.000     1.034     0.000     0.245
   408.116    41.976   196.000     1.040     0.000     0.245
   410.545    42.226   197.000     1.045     0.000     0.243
   412.979    42.476   198.000     1.051     0.000     0.242
   415.418    42.727   199.000     1.056     0.000     0.240
   417.861    42.978   200.000     1.062     0.000     0.239
   420.310    43.230   201.000     1.067     0.000     0.237
   422.763    43.482   202.000     1.073     0.000     0.236
   425.221    43.735   203.000     1.078     0.000     0.235
   427.684    43.989   204.000     1.084     0.000     0.233
   430.152    44.243   205.000     1.090     0.000     0.232
   432.624    44.497   206.000     1.095     0.000     0.230
   435.101    44.752   207.000     1.101     0.000     0.230
   437.583    45.007   208.000     1.106     0.000     0.228
   440.070    45.263   209.000     1.112     0.000     0.226
   442.561    45.519   210.000     1.117     0.000     0.226
   445.057    45.776   211.000     1.123     0.000     0.224
   447.558    46.033   212.000     1.128     0.000     0.223
   450.063    46.291   213.000     1.134     0.000     0.222
   452.573    46.549   214.000     1.139     0.000     0.221
   455.088    46.808   215.000     1.145     0.000     0.219
   457.607    47.067   216.000     1.151     0.000     0.218
   460.131    47.326   217.000     1.156     0.000     0.217
   462.660    47.587   218.000     1.162     0.000     0.215
   465.193    47.847   219.000     1.167     0.000     0.215
   467.731    48.108   220.000     1.173     0.000     0.213
   470.274    48.370   221.000     1.178     0.000     0.212
   472.821    48.632   222.000     1.184     0.000     0.211
   475.373    48.894   223.000     1.189     0.000     0.210
   477.929    49.157   224.000     1.195     0.000     0.209
   480.490    49.421   225.000     1.200     0.000     0.207
   483.055    49.684   226.000     1.206     0.000     0.207
   485.626    49.949   227.000     1.212     0.000     0.205
   488.200    50.214   228.000     1.217     0.000     0.205
   490.779    50.479   229.000     1.223     0.000     0.203
   493.363    50.745   230.000     1.228     0.000     0.203
   495.951    51.011   231.000     1.234     0.000     0.201
   498.544    51.278   232.000     1.239     0.000     0.200
   501.142    51.545   233.000     1.245     0.000     0.199
   503.744    51.813   234.000     1.250     0.000     0.198
   506.350    52.081   235.000     1.256     0.000     0.197
   508.961    52.349   236.000     1.261     0.000     0.196
   511.576    52.618   237.000     1.267     0.000     0.195
   514.196    52.888   238.000     1.273     0.000     0.194
   516.820    53.158   239.000     1.278     0.000     0.193
   519.449    53.428   240.000     1.284     0.000     0.192
   522.082    53.699   241.000     1.289     0.000     0.191
   524.720    53.970   242.000     1.295     0.000     0.190
   527.362    54.242   243.000     1.300     0.000     0.189
   530.009    54.514   244.000     1.306     0.000     0.189
   532.660    54.787   245.000     1.311     0.000     0.187
   535.315    55.060   246.000     1.317     0.000     0.187
   537.975    55.334   247.000     1.322     0.000     0.186
   540.639    55.608   248.000     1.328     0.000     0.184
   543.308    55.882   249.000     1.334     0.000     0.184
   545.981    56.157   250.000     1.339     0.000     0.183
   548.659    56.433   251.000     1.345     0.000     0.182
   551.341    56.708   252.000     1.350     0.000     0.181
   554.027    56.985   253.000     1.356     0.000     0.180
   556.717    57.262   254.000     1.361     0.000     0.179
   559.412    57.539   255.000     1.367     0.000     0.178
   562.112    57.816   256.000     1.372     0.000     0.178
   564.815    58.094   257.000     1.378     0.000     0.177
   567.523    58.373   258.000     1.383     0.000     0.176
   570.235    58.652   259.000     1.389     0.000     0.175
   572.952    58.931   260.000     1.394     0.000     0.174
   575.673    59.211   261.000     1.400     0.000     0.173
   578.398    59.492   262.000     1.406     0.000     0.172
   581.128    59.772   263.000     1.411     0.000     0.172
   583.862    60.054   264.000     1.417     0.000     0.171
   586.600    60.335   265.000     1.422     0.000     0.170
   589.342    60.617   266.000     1.428     0.000     0.169
   592.089    60.900   267.000     1.433     0.000     0.169
   594.840    61.183   268.000     1.439     0.000     0.168
   597.595    61.466   269.000     1.444     0.000     0.167
   600.354    61.750   270.000     1.450     0.000     0.166
   603.118    62.034   271.000     1.455     0.000     0.165
   605.886    62.319   272.000     1.461     0.000     0.165
   608.658    62.604   273.000     1.467     0.000     0.164
   611.435    62.890   274.000     1.472     0.000     0.163
   614.215    63.176   275.000     1.478     0.000     0.163
   617.000    63.462   276.000     1.483     0.000     0.162
   619.789    63.749   277.000     1.489     0.000     0.161
   622.583    64.036   278.000     1.494     0.000     0.160
   625.380    64.324   279.000     1.500     0.000     0.160
   628.182    64.612   280.000     1.505     0.000     0.159
   630.988    64.901   281.000     1.511     0.000     0.158
   633.798    65.190   282.000     1.516     0.000     0.157
   636.612    65.479   283.000     1.522     0.000     0.157
   639.431    65.769   284.000     1.528     0.000     0.156
   642.253    66.060   285.000     1.533     0.000     0.155
   645.080    66.350   286.000     1.539     0.000     0.155
   647.911    66.642   287.000     1.544     0.000     0.154
   650.746    66.933   288.000     1.550     0.000     0.154
   653.585    67.225   289.000     1.555     0.000     0.153
   656.428    67.518   290.000     1.561     0.000     0.152
   659.275    67.811   291.000     1.566     0.000     0.151
   662.127    68.104   292.000     1.572     0.000     0.151
   664.983    68.398   293.000     1.577     0.000     0.150
   667.842    68.692   294.000     1.583     0.000     0.149
   670.706    68.986   295.000     1.589     0.000     0.149
   673.574    69.281   296.000     1.594     0.000     0.148
   676.446    69.577   297.000     1.600     0.000     0.148
   679.322    69.873   298.000     1.605     0.000     0.147
   682.202    70.169   299.000     1.611     0.000     0.147
   685.087    70.466   300.000     1.616     0.000     0.146
   687.975    70.763   301.000     1.622     0.000     0.145
   690.867    71.060   302.000     1.627     0.000     0.145
   693.764    71.358   303.000     1.633     0.000     0.144
   696.664    71.656   304.000     1.639     0.000     0.143
   699.569    71.955   305.000     1.644     0.000     0.143
   702.477    72.254   306.000     1.650     0.000     0.142
   705.390    72.554   307.000     1.655     0.000     0.142
   708.307    72.854   308.000     1.661     0.000     0.141
   711.227    73.154   309.000     1.666     0.000     0.140
   714.152    73.455   310.000     1.672     0.000     0.140
   717.081    73.756   311.000     1.677     0.000     0.139
   720.013    74.058   312.000     1.683     0.000     0.139
   722.950    74.360   313.000     1.688     0.000     0.138
   725.891    74.663   314.000     1.694     0.000     0.138
   728.835    74.965   315.000     1.700     0.000     0.137
   731.784    75.269   316.000     1.705     0.000     0.137
   734.737    75.572   317.000     1.711     0.000     0.136
   737.693    75.877   318.000     1.716     0.000     0.135
   740.654    76.181   319.000     1.722     0.000     0.135
   743.618    76.486   320.000     1.727     0.000     0.134
   746.587    76.791   321.000     1.733     0.000     0.134
   749.559    77.097   322.000     1.738     0.000     0.133
   752.536    77.403   323.000     1.744     0.000     0.133
   755.516    77.710   324.000     1.749     0.000     0.132
   758.500    78.017   325.000     1.755     0.000     0.132
   761.489    78.324   326.000     1.761     0.000     0.131
   764.481    78.632   327.000     1.766     0.000     0.131
   767.477    78.940   328.000     1.772     0.000     0.130
   770.477    79.249   329.000     1.777     0.000     0.129
   773.481    79.558   330.000     1.783     0.000     0.129
   776.488    79.867   331.000     1.788     0.000     0.129
   779.500    80.177   332.000     1.794     0.000     0.128
   782.516    80.487   333.000     1.799     0.000     0.128
   785.535    80.797   334.000     1.805     0.000     0.127
   788.558    81.108   335.000     1.810     0.000     0.127
   791.586    81.420   336.000     1.816     0.000     0.126
   794.617    81.732   337.000     1.822     0.000     0.126
   797.652    82.044   338.000     1.827     0.000     0.125
   800.691    82.356   339.000     1.833     0.000     0.125
   803.733    82.669   340.000     1.838     0.000     0.124
   806.780    82.983   341.000     1.844     0.000     0.124
   809.830    83.296   342.000     1.849     0.000     0.123
   812.885    83.611   343.000     1.855     0.000     0.123
   815.943    83.925   344.000     1.860     0.000     0.122
   819.005    84.240   345.000     1.866     0.000     0.122
   822.070    84.555   346.000     1.871     0.000     0.122
   825.140    84.871   347.000     1.877     0.000     0.121
   828.213    85.187   348.000     1.883     0.000     0.121
   831.291    85.504   349.000     1.888     0.000     0.120
   834.372    85.821   350.000     1.894     0.000     0.120
   837.457    86.138   351.000     1.899     0.000     0.119
   840.545    86.456   352.000     1.905     0.000     0.119
   843.638    86.774   353.000     1.910     0.000     0.118
   846.734    87.092   354.000     1.916     0.000     0.118
   849.834    87.411   355.000     1.921     0.000     0.118
   852.938    87.730   356.000     1.927     0.000     0.117
   856.045    88.050   357.000     1.932     0.000     0.117
   859.157    88.370   358.000     1.938     0.000     0.116
   862.272    88.690   359.000     1.944     0.000     0.116
   865.391    89.011   360.000     1.949     0.000     0.115
   868.513    89.332   361.000     1.955     0.000     0.115
   871.640    89.654   362.000     1.960     0.000     0.115
   874.770    89.976   363.000     1.966     0.000     0.114
   877.904    90.298   364.000     1.971     0.000     0.114
   881.042    90.621   365.000     1.977     0.000     0.113
   884.183    90.944   366.000     1.982     0.000     0.113
   887.328    91.268   367.000     1.988     0.000     0.113
   890.477    91.592   368.000     1.993     0.000     0.112
   893.630    91.916   369.000     1.999     0.000     0.112
   896.786    92.241   370.000     2.005     0.000     0.111
   899.946    92.566   371.000     2.010     0.000     0.111
   903.110    92.891   372.000     2.016     0.000     0.111
   906.277    93.217   373.000     2.021     0.000     0.110
   909.449    93.543   374.000     2.027     0.000     0.110
   912.624    93.870   375.000     2.032     0.000     0.109
   915.802    94.196   376.000     2.038     0.000     0.109
   918.984    94.524   377.000     2.043     0.000     0.109
   922.170    94.852   378.000     2.049     0.000     0.108
   925.360    95.180   379.000     2.055     0.000     0.108
   928.553    95.508   380.000     2.060     0.000     0.108
   931.750    95.837   381.000     2.066     0.000     0.107
   934.951    96.166   382.000     2.071     0.000     0.107
   938.155    96.496   383.000     2.077     0.000     0.107
   941.363    96.826   384.000     2.082     0.000     0.106
   944.575    97.156   385.000     2.088     0.000     0.106
   947.790    97.487   386.000     2.093     0.000     0.105
   951.009    97.818   387.000     2.099     0.000     0.105
   954.232    98.149   388.000     2.104     0.000     0.105
   957.458    98.481   389.000     2.110     0.000     0.104
   960.688    98.813   390.000     2.116     0.000     0.104
   963.921    99.146   391.000     2.121     0.000     0.104
   967.159    99.479   392.000     2.127     0.000     0.103
   970.399    99.812   393.000     2.132     0.000     0.103
   973.644   100.146   394.000     2.138     0.000     0.103
   976.892   100.480   395.000     2.143     0.000     0.102
   980.143   100.814   396.000     2.149     0.000     0.102
   983.399   101.149   397.000     2.154     0.000     0.102
   986.657   101.484   398.000     2.160     0.000     0.101
   989.920   101.820   399.000     2.165     0.000     0.101
   993.186   102.156   400.000     2.171     0.000     0.101
   996.456   102.492   401.000     2.177     0.000     0.100
   999.729   102.829   402.000     2.182     0.000     0.100
  1003.006   103.166   403.000     2.188     0.000     0.100
  1006.286   103.503   404.000     2.193     0.000     0.099
  1009.570   103.841   405.000     2.199     0.000     0.099
  1012.857   104.179   406.000     2.204     0.000     0.099
  1016.148   104.518   407.000     2.210     0.000     0.098
  1019.443   104.857   408.000     2.215     0.000     0.098
  1022.741   105.196   409.000     2.221     0.000     0.098
  1026.043   105.536   410.000     2.227     0.000     0.097
  1029.349   105.876   411.000     2.232     0.000     0.097
  1032.657   106.216   412.000     2.238     0.000     0.097
  1035.970   106.557   413.000     2.243     0.000     0.096
  1039.286   106.898   414.000     2.249     0.000     0.096
  1042.605   107.239   415.000     2.254     0.000     0.096
  1045.928   107.581   416.000     2.260     0.000     0.096
  1049.255   107.923   417.000     2.265     0.000     0.095
  1052.585   108.266   418.000     2.271     0.000     0.095
  1055.919   108.609   419.000     2.276     0.000     0.095
  1059.256   108.952   420.000     2.282     0.000     0.094
  1062.597   109.295   421.000     2.288     0.000     0.094
  1065.941   109.639   422.000     2.293     0.000     0.094
  1069.289   109.984   423.000     2.299     0.000     0.093
  1072.640   110.328   424.000     2.304     0.000     0.093
  1075.994   110.673   425.000     2.310     0.000     0.093
  1079.353   111.019   426.000     2.315     0.000     0.093
  1082.714   111.365   427.000     2.321     0.000     0.092
  1086.080   111.711   428.000     2.326     0.000     0.092
  1089.448   112.057   429.000     2.332     0.000     0.092
  1092.820   112.404   430.000     2.337     0.000     0.091
  1096.196   112.751   431.000     2.343     0.000     0.091
  1099.575   113.099   432.000     2.349     0.000     0.091
  1102.958   113.447   433.000     2.354     0.000     0.091
  1106.344   113.795   434.000     2.360     0.000     0.090
  1109.733   114.144   435.000     2.365     0.000     0.090
  1113.126   114.493   436.000     2.371     0.000     0.090
  1116.523   114.842   437.000     2.376     0.000     0.089
  1119.923   115.192   438.000     2.382     0.000     0.089
  1123.326   115.542   439.000     2.387     0.000     0.089
  1126.733   115.892   440.000     2.393     0.000     0.089
  1130.143   116.243   441.000     2.399     0.000     0.088
  1133.557   116.594   442.000     2.404     0.000     0.088
  1136.974   116.946   443.000     2.410     0.000     0.088
  1140.395   117.298   444.000     2.415     0.000     0.088
  1143.819   117.650   445.000     2.421     0.000     0.087
  1147.246   118.002   446.000     2.426     0.000     0.087
  1150.677   118.355   447.000     2.432     0.000     0.087
  1154.111   118.708   448.000     2.437     0.000     0.087
  1157.549   119.062   449.000     2.443     0.000     0.086
  1160.990   119.416   450.000     2.448     0.000     0.086
  1164.435   119.770   451.000     2.454     0.000     0.086
  1167.883   120.125   452.000     2.460     0.000     0.086
  1171.334   120.480   453.000     2.465     0.000     0.085
  1174.789   120.835   454.000     2.471     0.000     0.085
  1178.247   121.191   455.000     2.476     0.000     0.085
  1181.708   121.547   456.000     2.482     0.000     0.085
  1185.173   121.903   457.000     2.487     0.000     0.084
  1188.642   122.260   458.000     2.493     0.000     0.084
  1192.113   122.617   459.000     2.498     0.000     0.084
  1195.588   122.975   460.000     2.504     0.000     0.084
  1199.067   123.332   461.000     2.509     0.000     0.083
  1202.549   123.691   462.000     2.515     0.000     0.083
  1206.034   124.049   463.000     2.521     0.000     0.083
  1209.522   124.408   464.000     2.526     0.000     0.083
  1213.014   124.767   465.000     2.532     0.000     0.082
  1216.510   125.127   466.000     2.537     0.000     0.082
  1220.008   125.486   467.000     2.543     0.000     0.082
  1223.510   125.847   468.000     2.548     0.000     0.082
  1227.016   126.207   469.000     2.554     0.000     0.081
  1230.524   126.568   470.000     2.559     0.000     0.081
  1234.036   126.929   471.000     2.565     0.000     0.081
  1237.552   127.291   472.000     2.571     0.000     0.081
  1241.071   127.653   473.000     2.576     0.000     0.081
  1244.593   128.015   474.000     2.582     0.000     0.080
  1248.118   128.378   475.000     2.587     0.000     0.080
  1251.647   128.741   476.000     2.593     0.000     0.080
  1255.179   129.104   477.000     2.598     0.000     0.080
  1258.714   129.468   478.000     2.604     0.000     0.079
  1262.253   129.832   479.000     2.609     0.000     0.079
  1265.795   130.196   480.000     2.615     0.000     0.079
  1269.340   130.561   481.000     2.620     0.000     0.079
  1272.889   130.926   482.000     2.626     0.000     0.079
  1276.441   131.291   483.000     2.632     0.000     0.078
  1279.996   131.657   484.000     2.637     0.000     0.078
  1283.555   132.023   485.000     2.643     0.000     0.078
  1287.117   132.389   486.000     2.648     0.000     0.078
  1290.682   132.756   487.000     2.654     0.000     0.077
  1294.250   133.123   488.000     2.659     0.000     0.077
  1297.822   133.490   489.000     2.665     0.000     0.077
  1301.397   133.858   490.000     2.670     0.000     0.077
  1304.975   134.226   491.000     2.676     0.000     0.077
  1308.557   134.594   492.000     2.682     0.000     0.076
  1312.142   134.963   493.000     2.687     0.000     0.076
  1315.730   135.332   494.000     2.693     0.000     0.076
  1319.321   135.701   495.000     2.698     0.000     0.076
  1322.916   136.071   496.000     2.704     0.000     0.076
  1326.514   136.441   497.000     2.709     0.000     0.075
  1330.115   136.812   498.000     2.715     0.000     0.075
  1333.720   137.182   499.000     2.720     0.000     0.075
  1337.327   137.554   500.000     2.726     0.000     0.075
  1339.535   137.781   500.611     2.729     0.000     0.075
