****************************************************************************************************
----------------------------------------------------------------------------------------------------
Ambient Table:
     Depth   Amb-cur   Amb-dir   Amb-sal   Amb-tem   Amb-pol     Decay   Far-spd   Far-dir   Disprsn
       (m)     (m/s)     (deg)     (psu)       (C)    (mg/L)   (1/day)     (m/s)     (deg)(m0.67/s2)
     0.000     0.090     0.000    32.000    14.000     0.000     0.000     0.050     0.000   0.00030
     2.000     0.085     0.000    32.000    12.000     0.000     0.000     0.050     0.000   0.00030
     4.000     0.070     0.000    32.000     8.000     0.000     0.000     0.050     0.000   0.00030
     6.000     0.065     0.000    32.000     8.000     0.000     0.000     0.050     0.000   0.00030
     8.000     0.060     0.000    32.000     8.000     0.000     0.000     0.050     0.000   0.00030
    10.000     0.055     0.000    32.000     8.000     0.000     0.000     0.050     0.000   0.00030
    12.000     0.050     0.000    32.000     8.000     0.000     0.000     0.050     0.000   0.00030
----------------------------------------------------------------------------------------------------
Diffuser Table:
     P-dia    P-elev   V-angle   H-angle     Ports   Spacing   AcuteMZ   ChrncMZ   P-depth   Ttl-flo   Eff-sal      Temp   Polutnt
       (m)       (m)     (deg)     (deg)       ( )       (m)       (m)       (m)       (m)     (MGD)     (psu)       (C)    (mg/L)
      0.08      0.31     45.00     30.00     18.00      6.10     10.20    102.00     11.00      8.00      0.00      2.63    100.00
----------------------------------------------------------------------------------------------------
Simulation Results:
              Dilutn     P-dia    x-posn    y-posn     Depth    CL-Dil  Amb-Curr    P-Temp     P-Sal    P-Con.     P-Den   Net-Dil      Time
      Step (FluxAvg)       (m)       (m)       (m)       (m)        ()     (m/s)       (C)     (psu)    (mg/L)   (kg/m3)        ()       (s)
         1     1.019     0.077     0.002     0.001   -10.997     1.000     0.053     2.735     0.627    98.089  1000.531     1.019     0.001
         2     1.039     0.078     0.004     0.003   -10.995     1.000     0.053     2.839     1.243    96.213  1001.027     1.039     0.002
         3     1.060     0.080     0.007     0.004   -10.992     1.000     0.053     2.940     1.846    94.373  1001.513     1.060     0.003
         4     1.080     0.081     0.009     0.005   -10.990     1.000     0.053     3.039     2.437    92.566  1001.988     1.080     0.004
         5     1.101     0.083     0.011     0.007   -10.987     1.000     0.053     3.136     3.017    90.793  1002.453     1.101     0.005
         6     1.123     0.085     0.014     0.008   -10.984     1.000     0.053     3.232     3.585    89.053  1002.908     1.123     0.006
         7     1.145     0.086     0.016     0.009   -10.981     1.000     0.053     3.325     4.142    87.346  1003.353     1.145     0.007
         8     1.167     0.088     0.019     0.011   -10.978     1.000     0.053     3.417     4.688    85.670  1003.789     1.167     0.008
         9     1.190     0.090     0.022     0.012   -10.975     1.000     0.053     3.507     5.224    84.026  1004.216     1.190     0.009
        10     1.213     0.091     0.024     0.014   -10.972     1.000     0.053     3.595     5.749    82.413  1004.634     1.213     0.010
        11     1.237     0.093     0.027     0.015   -10.969     1.000     0.053     3.681     6.264    80.830  1005.043     1.237     0.012
        12     1.261     0.095     0.030     0.017   -10.966     1.000     0.053     3.766     6.768    79.277  1005.444     1.261     0.013
        13     1.286     0.097     0.032     0.019   -10.963     1.000     0.053     3.849     7.263    77.753  1005.836     1.286     0.014
        14     1.311     0.099     0.035     0.020   -10.959     1.000     0.053     3.930     7.748    76.257  1006.220     1.311     0.016
        15     1.337     0.101     0.038     0.022   -10.956     1.000     0.053     4.010     8.224    74.790  1006.596     1.337     0.017
        16     1.363     0.103     0.041     0.024   -10.953     1.000     0.053     4.088     8.690    73.350  1006.964     1.363     0.019
        17     1.390     0.105     0.044     0.025   -10.949     1.000     0.053     4.165     9.147    71.938  1007.324     1.390     0.020
        18     1.417     0.107     0.047     0.027   -10.946     1.000     0.053     4.240     9.595    70.552  1007.678     1.417     0.022
        19     1.445     0.109     0.050     0.029   -10.942     1.000     0.053     4.314    10.034    69.192  1008.023     1.445     0.024
        20     1.474     0.111     0.054     0.031   -10.938     1.000     0.053     4.386    10.465    67.858  1008.362     1.474     0.025
        21     1.503     0.113     0.057     0.033   -10.935     1.000     0.053     4.457    10.887    66.550  1008.694     1.503     0.027
        22     1.532     0.116     0.060     0.035   -10.931     1.000     0.053     4.526    11.301    65.266  1009.018     1.532     0.029
        23     1.562     0.118     0.064     0.036   -10.927     1.000     0.053     4.595    11.707    64.006  1009.336     1.562     0.031
        24     1.593     0.120     0.067     0.038   -10.923     1.000     0.053     4.661    12.105    62.770  1009.648     1.593     0.033
        25     1.624     0.122     0.071     0.040   -10.919     1.000     0.053     4.727    12.495    61.558  1009.953     1.624     0.036
        26     1.656     0.125     0.074     0.043   -10.915     1.000     0.053     4.791    12.877    60.369  1010.252     1.656     0.038
        27     1.689     0.127     0.078     0.045   -10.911     1.000     0.053     4.854    13.252    59.203  1010.545     1.689     0.040
        28     1.722     0.130     0.082     0.047   -10.906     1.000     0.053     4.916    13.620    58.058  1010.832     1.722     0.043
        29     1.756     0.132     0.085     0.049   -10.902     1.000     0.053     4.976    13.980    56.936  1011.113     1.756     0.045
        30     1.791     0.135     0.089     0.051   -10.898     1.000     0.053     5.035    14.334    55.834  1011.388     1.791     0.048
        31     1.826     0.138     0.093     0.053   -10.893     1.000     0.053     5.094    14.680    54.754  1011.658     1.826     0.051
        32     1.862     0.140     0.097     0.056   -10.888     1.000     0.053     5.150    15.020    53.695  1011.922     1.862     0.053
        33     1.899     0.143     0.101     0.058   -10.884     1.000     0.053     5.206    15.353    52.655  1012.181     1.899     0.056
        34     1.937     0.146     0.106     0.060   -10.879     1.000     0.053     5.261    15.679    51.636  1012.435     1.937     0.059
        35     1.975     0.149     0.110     0.063   -10.874     1.000     0.053     5.315    15.999    50.636  1012.684     1.975     0.063
        36     2.014     0.152     0.114     0.065   -10.869     1.007     0.053     5.368    16.313    49.655  1012.927     2.014     0.066
        37     2.054     0.155     0.119     0.068   -10.864     1.027     0.053     5.419    16.620    48.693  1013.166     2.054     0.069
        38     2.094     0.158     0.123     0.070   -10.859     1.047     0.053     5.470    16.922    47.749  1013.399     2.094     0.073
        39     2.136     0.161     0.128     0.073   -10.854     1.068     0.053     5.519    17.218    46.823  1013.628     2.136     0.077
        40     2.178     0.164     0.133     0.076   -10.848     1.089     0.053     5.568    17.508    45.915  1013.853     2.178     0.081
        41     2.221     0.167     0.138     0.078   -10.843     1.110     0.053     5.616    17.792    45.025  1014.073     2.221     0.085
        42     2.265     0.171     0.142     0.081   -10.837     1.132     0.053     5.662    18.070    44.151  1014.288     2.265     0.089
        43     2.310     0.174     0.148     0.084   -10.831     1.155     0.053     5.708    18.343    43.295  1014.499     2.310     0.093
        44     2.355     0.177     0.153     0.087   -10.826     1.178     0.053     5.753    18.611    42.454  1014.706     2.355     0.098
        45     2.402     0.181     0.158     0.090   -10.820     1.201     0.053     5.797    18.874    41.630  1014.909     2.402     0.102
        46     2.450     0.184     0.163     0.093   -10.814     1.225     0.053     5.840    19.131    40.822  1015.108     2.450     0.107
        47     2.498     0.188     0.169     0.096   -10.808     1.249     0.053     5.883    19.383    40.029  1015.302     2.498     0.112
        48     2.548     0.192     0.174     0.099   -10.801     1.274     0.053     5.924    19.631    39.252  1015.493     2.548     0.118
        49     2.598     0.195     0.180     0.102   -10.795     1.299     0.053     5.965    19.873    38.489  1015.680     2.598     0.123
        50     2.650     0.199     0.185     0.105   -10.789     1.325     0.053     6.005    20.111    37.741  1015.863     2.650     0.129
        51     2.702     0.203     0.191     0.109   -10.782     1.351     0.053     6.044    20.344    37.008  1016.043     2.702     0.135
        52     2.756     0.207     0.197     0.112   -10.775     1.378     0.053     6.082    20.573    36.288  1016.219     2.756     0.141
        53     2.810     0.211     0.203     0.115   -10.768     1.405     0.053     6.120    20.797    35.583  1016.391     2.810     0.147
        54     2.866     0.215     0.209     0.119   -10.761     1.433     0.053     6.157    21.017    34.891  1016.560     2.866     0.154
        55     2.923     0.220     0.216     0.122   -10.754     1.461     0.053     6.193    21.232    34.212  1016.726     2.923     0.161
        56     2.981     0.224     0.222     0.126   -10.747     1.490     0.053     6.228    21.443    33.547  1016.888     2.981     0.168
        57     3.040     0.228     0.229     0.129   -10.740     1.520     0.053     6.263    21.650    32.894  1017.047     3.040     0.175
        58     3.100     0.233     0.235     0.133   -10.732     1.550     0.053     6.297    21.853    32.254  1017.203     3.100     0.183
        59     3.162     0.237     0.242     0.137   -10.725     1.581     0.053     6.331    22.052    31.627  1017.356     3.162     0.191
        60     3.225     0.242     0.249     0.141   -10.717     1.612     0.053     6.363    22.247    31.011  1017.506     3.225     0.199
        61     3.289     0.247     0.256     0.145   -10.709     1.644     0.053     6.395    22.438    30.407  1017.653     3.289     0.208
        62     3.354     0.251     0.263     0.148   -10.701     1.677     0.053     6.427    22.626    29.815  1017.797     3.354     0.217
        63     3.421     0.256     0.271     0.153   -10.693     1.710     0.053     6.458    22.809    29.235  1017.938     3.421     0.226
        64     3.489     0.261     0.278     0.157   -10.684     1.744     0.053     6.488    22.990    28.665  1018.076     3.489     0.235
        65     3.558     0.266     0.286     0.161   -10.676     1.779     0.053     6.518    23.166    28.107  1018.211     3.558     0.245
        66     3.629     0.272     0.294     0.165   -10.667     1.814     0.053     6.547    23.340    27.560  1018.344     3.629     0.256
        67     3.701     0.277     0.302     0.169   -10.658     1.850     0.053     6.575    23.509    27.023  1018.474     3.701     0.266
        68     3.774     0.282     0.310     0.174   -10.649     1.887     0.053     6.603    23.676    26.496  1018.602     3.774     0.278
        69     3.849     0.288     0.318     0.178   -10.640     1.925     0.053     6.630    23.839    25.980  1018.727     3.849     0.289
        70     3.926     0.293     0.326     0.183   -10.631     1.963     0.053     6.657    23.999    25.473  1018.850     3.926     0.301
        71     4.004     0.299     0.335     0.187   -10.621     2.002     0.053     6.684    24.156    24.977  1018.970     4.004     0.314
        72     4.083     0.305     0.343     0.192   -10.612     2.042     0.053     6.709    24.310    24.490  1019.087     4.083     0.327
        73     4.164     0.311     0.352     0.197   -10.602     2.082     0.053     6.735    24.461    24.013  1019.203     4.164     0.340
        74     4.247     0.317     0.361     0.202   -10.592     2.124     0.053     6.760    24.608    23.544  1019.316     4.247     0.354
        75     4.332     0.323     0.370     0.207   -10.582     2.166     0.054     6.784    24.753    23.085  1019.427     4.332     0.368
        76     4.418     0.329     0.380     0.212   -10.571     2.209     0.054     6.808    24.895    22.635  1019.535     4.418     0.383
        77     4.506     0.335     0.389     0.217   -10.561     2.253     0.054     6.831    25.035    22.193  1019.642     4.506     0.399
        78     4.595     0.342     0.399     0.222   -10.550     2.298     0.054     6.854    25.171    21.760  1019.746     4.595     0.415
        79     4.687     0.349     0.409     0.227   -10.539     2.343     0.054     6.877    25.305    21.336  1019.849     4.687     0.431
        80     4.780     0.355     0.419     0.233   -10.528     2.390     0.054     6.899    25.436    20.920  1019.949     4.780     0.449
        81     4.875     0.362     0.429     0.238   -10.517     2.438     0.054     6.920    25.565    20.511  1020.047     4.875     0.467
        82     4.972     0.369     0.440     0.244   -10.505     2.486     0.054     6.941    25.691    20.111  1020.144     4.972     0.485
        83     5.071     0.376     0.450     0.249   -10.493     2.536     0.054     6.962    25.815    19.719  1020.238     5.071     0.505
        84     5.172     0.383     0.461     0.255   -10.481     2.586     0.054     6.982    25.936    19.334  1020.331     5.172     0.525
        85     5.275     0.391     0.472     0.261   -10.469     2.638     0.054     7.002    26.055    18.956  1020.422     5.275     0.545
        86     5.380     0.398     0.483     0.267   -10.457     2.690     0.054     7.022    26.172    18.586  1020.511     5.380     0.567
        87     5.487     0.406     0.495     0.273   -10.444     2.744     0.054     7.041    26.286    18.223  1020.598     5.487     0.589
        88     5.597     0.414     0.506     0.279   -10.431     2.798     0.054     7.060    26.398    17.868  1020.684     5.597     0.612
        89     5.708     0.422     0.518     0.285   -10.418     2.854     0.054     7.078    26.508    17.519  1020.767     5.708     0.636
        90     5.822     0.430     0.530     0.292   -10.405     2.911     0.054     7.096    26.616    17.177  1020.850     5.822     0.661
        91     5.938     0.438     0.542     0.298   -10.392     2.969     0.054     7.114    26.721    16.841  1020.930     5.938     0.686
        92     6.056     0.446     0.555     0.305   -10.378     3.028     0.054     7.132    26.825    16.512  1021.009     6.056     0.713
        93     6.177     0.455     0.567     0.311   -10.364     3.088     0.054     7.149    26.926    16.190  1021.087     6.177     0.740
        94     6.300     0.463     0.580     0.318   -10.350     3.150     0.054     7.165    27.026    15.873  1021.162     6.300     0.769
        95     6.425     0.472     0.594     0.325   -10.335     3.213     0.054     7.182    27.123    15.563  1021.237     6.425     0.798
        96     6.553     0.481     0.607     0.332   -10.320     3.277     0.054     7.198    27.219    15.259  1021.310     6.553     0.829
        97     6.684     0.490     0.620     0.339   -10.305     3.342     0.054     7.213    27.313    14.961  1021.381     6.684     0.860
        98     6.817     0.499     0.634     0.346   -10.290     3.409     0.054     7.229    27.404    14.669  1021.451     6.817     0.893
        99     6.953     0.509     0.648     0.353   -10.275     3.477     0.054     7.244    27.495    14.382  1021.520     6.953     0.927
       100     7.092     0.518     0.663     0.360   -10.259     3.546     0.054     7.259    27.583    14.101  1021.587     7.092     0.962
       101     7.233     0.528     0.677     0.368   -10.243     3.617     0.054     7.273    27.670    13.825  1021.653     7.233     0.998
       102     7.377     0.538     0.692     0.375   -10.226     3.689     0.054     7.288    27.754    13.555  1021.718     7.377     1.036
       103     7.524     0.548     0.707     0.383   -10.210     3.762     0.054     7.302    27.838    13.290  1021.782     7.524     1.075
       104     7.674     0.558     0.723     0.391   -10.193     3.837     0.054     7.315    27.919    13.030  1021.844     7.674     1.115
       105     7.827     0.569     0.738     0.399   -10.176     3.914     0.055     7.329    27.999    12.776  1021.905     7.827     1.157
       106     7.983     0.579     0.754     0.407   -10.158     3.992     0.055     7.342    28.078    12.526  1021.964     7.983     1.200
       107     8.143     0.590     0.770     0.415   -10.140     4.071     0.055     7.355    28.155    12.281  1022.023     8.143     1.244
       108     8.305     0.601     0.787     0.423   -10.122     4.153     0.055     7.367    28.230    12.041  1022.080     8.305     1.290
       109     8.471     0.612     0.803     0.432   -10.104     4.235     0.055     7.380    28.304    11.805  1022.137     8.471     1.338
       110     8.640     0.624     0.820     0.440   -10.085     4.320     0.055     7.392    28.376    11.575  1022.192     8.640     1.387
       111     8.812     0.635     0.838     0.449   -10.066     4.406     0.055     7.404    28.448    11.348  1022.246     8.812     1.438
       112     8.988     0.647     0.855     0.457   -10.047     4.494     0.055     7.416    28.517    11.126  1022.299     8.988     1.490
       113     9.167     0.659     0.873     0.466   -10.027     4.584     0.055     7.427    28.585    10.909  1022.351     9.167     1.545
       114     9.350     0.671     0.891     0.475   -10.007     4.675     0.055     7.438    28.652    10.695  1022.402     9.350     1.601
       115     9.536     0.683     0.910     0.484    -9.987     4.768     0.055     7.449    28.718    10.486  1022.452     9.536     1.659
       116     9.727     0.696     0.928     0.493    -9.966     4.863     0.055     7.460    28.782    10.281  1022.501     9.727     1.719
       117     9.921     0.708     0.948     0.502    -9.945     4.960     0.055     7.471    28.846    10.080  1022.549     9.921     1.781
       118    10.119     0.721     0.967     0.512    -9.923     5.059     0.055     7.481    28.907     9.883  1022.596    10.119     1.845
       119    10.321     0.734     0.987     0.521    -9.902     5.160     0.055     7.491    28.968     9.689  1022.642    10.321     1.911
       120    10.527     0.747     1.007     0.531    -9.879     5.263     0.055     7.501    29.027     9.500  1022.687    10.527     1.979
       121    10.737     0.761     1.027     0.541    -9.857     5.368     0.055     7.511    29.086     9.314  1022.732    10.737     2.050
       122    10.951     0.775     1.047     0.550    -9.834     5.475     0.055     7.521    29.143     9.132  1022.775    10.951     2.122
       123    11.169     0.789     1.068     0.560    -9.811     5.585     0.055     7.530    29.199     8.953  1022.818    11.169     2.197
       124    11.392     0.803     1.090     0.571    -9.787     5.696     0.055     7.539    29.254     8.778  1022.860    11.392     2.275
       125    11.620     0.817     1.111     0.581    -9.763     5.810     0.056     7.548    29.308     8.606  1022.901    11.620     2.355
       126    11.852     0.832     1.133     0.591    -9.738     5.926     0.056     7.557    29.360     8.438  1022.941    11.852     2.437
       127    12.088     0.846     1.156     0.601    -9.713     6.044     0.056     7.566    29.412     8.272  1022.980    12.088     2.522
       128    12.330     0.861     1.178     0.612    -9.688     6.165     0.056     7.574    29.463     8.111  1023.019    12.330     2.610
       129    12.576     0.877     1.201     0.623    -9.662     6.288     0.056     7.583    29.513     7.952  1023.057    12.576     2.700
       130    12.827     0.892     1.225     0.633    -9.636     6.413     0.056     7.591    29.561     7.796  1023.094    12.827     2.793
       131    13.083     0.908     1.248     0.644    -9.609     6.541     0.056     7.599    29.609     7.644  1023.130    13.083     2.890
       132    13.344     0.923     1.272     0.655    -9.582     6.672     0.056     7.607    29.656     7.494  1023.166    13.344     2.989
       133    13.610     0.940     1.297     0.666    -9.555     6.805     0.056     7.614    29.702     7.347  1023.201    13.610     3.090
       134    13.882     0.956     1.321     0.678    -9.527     6.941     0.056     7.622    29.747     7.203  1023.235    13.882     3.195
       135    14.159     0.972     1.346     0.689    -9.499     7.080     0.056     7.629    29.791     7.062  1023.269    14.159     3.303
       136    14.442     0.989     1.372     0.700    -9.470     7.221     0.056     7.637    29.835     6.924  1023.301    14.442     3.414
       137    14.730     1.006     1.397     0.712    -9.441     7.365     0.056     7.644    29.877     6.789  1023.334    14.730     3.528
       138    15.025     1.024     1.423     0.723    -9.411     7.512     0.056     7.651    29.919     6.656  1023.365    15.025     3.645
       139    15.325     1.041     1.450     0.735    -9.381     7.662     0.056     7.658    29.960     6.525  1023.396    15.325     3.765
       140    15.631     1.059     1.476     0.747    -9.351     7.815     0.057     7.664    30.000     6.398  1023.427    15.631     3.888
       141    15.943     1.077     1.503     0.758    -9.320     7.971     0.057     7.671    30.039     6.272  1023.457    15.943     4.015
       142    16.261     1.095     1.530     0.770    -9.289     8.131     0.057     7.677    30.077     6.150  1023.486    16.261     4.145
       143    16.586     1.114     1.558     0.782    -9.257     8.293     0.057     7.684    30.115     6.029  1023.515    16.586     4.278
       144    16.917     1.132     1.586     0.794    -9.225     8.459     0.057     7.690    30.152     5.911  1023.543    16.917     4.415
       145    17.255     1.151     1.614     0.806    -9.192     8.628     0.057     7.696    30.188     5.795  1023.570    17.255     4.555
       146    17.600     1.170     1.642     0.818    -9.160     8.800     0.057     7.702    30.224     5.682  1023.597    17.600     4.698
       147    17.951     1.190     1.671     0.830    -9.126     8.976     0.057     7.708    30.258     5.571  1023.624    17.951     4.845
       148    18.310     1.210     1.700     0.843    -9.092     9.155     0.057     7.713    30.293     5.462  1023.650    18.310     4.996
       149    18.676     1.230     1.729     0.855    -9.058     9.338     0.057     7.719    30.326     5.355  1023.675    18.676     5.150
       150    19.049     1.250     1.758     0.867    -9.024     9.524     0.057     7.725    30.359     5.250  1023.700    19.049     5.308
       151    19.429     1.270     1.788     0.880    -8.989     9.715     0.057     7.730    30.391     5.147  1023.724    19.429     5.470
       152    19.817     1.291     1.818     0.892    -8.953     9.909     0.058     7.735    30.423     5.046  1023.748    19.817     5.635
       153    20.213     1.312     1.849     0.904    -8.917    10.107     0.058     7.740    30.454     4.947  1023.772    20.213     5.804
       154    20.617     1.334     1.879     0.917    -8.881    10.308     0.058     7.746    30.484     4.850  1023.795    20.617     5.977
       155    21.029     1.355     1.910     0.929    -8.844    10.514     0.058     7.751    30.514     4.755  1023.818    21.029     6.154
       156    21.449     1.377     1.942     0.942    -8.807    10.724     0.058     7.755    30.543     4.662  1023.840    21.449     6.335
       157    21.877     1.399     1.973     0.954    -8.769    10.939     0.058     7.760    30.571     4.571  1023.861    21.877     6.520
       158    22.315     1.422     2.005     0.967    -8.731    11.157     0.058     7.765    30.599     4.481  1023.883    22.315     6.709
       159    22.760     1.444     2.037     0.979    -8.693    11.380     0.058     7.770    30.627     4.394  1023.904    22.760     6.902
       160    23.215     1.467     2.069     0.992    -8.654    11.608     0.058     7.774    30.654     4.308  1023.924    23.215     7.099
       161    23.679     1.490     2.102     1.005    -8.615    11.839     0.058     7.779    30.680     4.223  1023.944    23.679     7.301
       162    24.152     1.514     2.135     1.017    -8.575    12.076     0.058     7.783    30.706     4.140  1023.964    24.152     7.507
       163    24.635     1.538     2.168     1.030    -8.535    12.317     0.059     7.787    30.731     4.059  1023.983    24.635     7.716
       164    25.127     1.562     2.201     1.042    -8.494    12.563     0.059     7.791    30.756     3.980  1024.002    25.127     7.931
       165    25.629     1.586     2.235     1.055    -8.453    12.814     0.059     7.795    30.781     3.902  1024.020    25.629     8.149
       166    26.141     1.611     2.269     1.068    -8.411    13.071     0.059     7.799    30.805     3.825  1024.039    26.141     8.372
       167    26.663     1.636     2.303     1.080    -8.369    13.332     0.059     7.803    30.828     3.750  1024.056    26.663     8.600
       168    27.196     1.661     2.337     1.093    -8.327    13.598     0.059     7.807    30.851     3.677  1024.074    27.196     8.832
       169    27.740     1.687     2.372     1.106    -8.284    13.870     0.059     7.811    30.874     3.605  1024.091    27.740     9.069
       170    28.294     1.713     2.407     1.118    -8.241    14.147     0.059     7.815    30.896     3.534  1024.108    28.294     9.310
       171    28.859     1.739     2.442     1.131    -8.197    14.430     0.059     7.818    30.917     3.465  1024.124    28.859     9.556
       172    29.436     1.765     2.478     1.144    -8.153    14.718     0.060     7.822    30.938     3.397  1024.140    29.436     9.806
       173    30.024     1.792     2.513     1.156    -8.108    15.012     0.060     7.825    30.959     3.331  1024.156    30.024    10.062
       174    30.624     1.819     2.549     1.169    -8.063    15.312     0.060     7.829    30.980     3.265  1024.172    30.624    10.322
       175    31.236     1.847     2.586     1.181    -8.017    15.618     0.060     7.832    31.000     3.201  1024.187    31.236    10.587
       176    31.861     1.874     2.622     1.194    -7.971    15.930     0.060     7.835    31.019     3.139  1024.202    31.861    10.857
       177    32.497     1.902     2.659     1.206    -7.925    16.249     0.060     7.839    31.039     3.077  1024.216    32.497    11.132
       178    33.147     1.931     2.696     1.219    -7.878    16.573     0.060     7.842    31.057     3.017  1024.231    33.147    11.412
       179    33.809     1.959     2.733     1.231    -7.830    16.905     0.060     7.845    31.076     2.958  1024.245    33.809    11.697
       180    34.485     1.988     2.771     1.244    -7.782    17.243     0.060     7.848    31.094     2.900  1024.258    34.485    11.987
       181    35.174     2.018     2.809     1.256    -7.734    17.587     0.061     7.851    31.112     2.843  1024.272    35.174    12.283
       182    35.877     2.048     2.847     1.269    -7.685    17.939     0.061     7.854    31.129     2.787  1024.285    35.877    12.583
       183    36.594     2.078     2.885     1.281    -7.636    18.297     0.061     7.857    31.146     2.733  1024.298    36.594    12.889
       184    37.326     2.108     2.924     1.294    -7.586    18.663     0.061     7.860    31.163     2.679  1024.311    37.326    13.200
       185    38.072     2.139     2.963     1.306    -7.536    19.036     0.061     7.862    31.179     2.627  1024.323    38.072    13.517
       186    38.833     2.170     3.002     1.318    -7.485    19.416     0.061     7.865    31.196     2.575  1024.336    38.833    13.839
       187    39.609     2.201     3.042     1.330    -7.434    19.805     0.061     7.868    31.211     2.525  1024.347    39.609    14.166
       188    40.401     2.233     3.082     1.343    -7.383    20.200     0.061     7.870    31.227     2.475  1024.359    40.401    14.499
       189    41.208     2.265     3.122     1.355    -7.330    20.604     0.062     7.873    31.242     2.427  1024.371    41.208    14.838
       190    42.032     2.298     3.162     1.367    -7.278    21.016     0.062     7.875    31.257     2.379  1024.382    42.032    15.182
       191    42.872     2.331     3.203     1.379    -7.225    21.436     0.062     7.878    31.271     2.333  1024.393    42.872    15.533
       192    43.729     2.364     3.244     1.391    -7.171    21.865     0.062     7.880    31.286     2.287  1024.404    43.729    15.888
       193    44.603     2.398     3.285     1.403    -7.117    22.302     0.062     7.882    31.300     2.242  1024.415    44.603    16.250
       194    45.495     2.432     3.327     1.415    -7.063    22.747     0.062     7.885    31.313     2.198  1024.425    45.495    16.618
       195    46.404     2.466     3.369     1.427    -7.008    23.202     0.062     7.887    31.327     2.155  1024.435    46.404    16.991
       196    47.332     2.501     3.411     1.439    -6.953    23.666     0.062     7.889    31.340     2.113  1024.445    47.332    17.371
       197    48.278     2.536     3.453     1.451    -6.897    24.139     0.063     7.891    31.353     2.071  1024.455    48.278    17.756
       198    49.243     2.572     3.496     1.462    -6.840    24.622     0.063     7.894    31.366     2.031  1024.465    49.243    18.148
       199    50.228     2.607     3.539     1.474    -6.783    25.114     0.063     7.896    31.378     1.991  1024.474    50.228    18.546
       200    51.232     2.644     3.583     1.486    -6.726    25.616     0.063     7.898    31.390     1.952  1024.483    51.232    18.950
       201    52.256     2.681     3.626     1.498    -6.668    26.128     0.063     7.900    31.402     1.914  1024.492    52.256    19.361
       202    53.301     2.718     3.670     1.509    -6.610    26.650     0.063     7.902    31.414     1.876  1024.501    53.301    19.778
       203    54.366     2.755     3.715     1.521    -6.551    27.183     0.063     7.904    31.425     1.839  1024.510    54.366    20.201
       204    55.453     2.794     3.759     1.532    -6.492    27.727     0.064     7.905    31.437     1.803  1024.519    55.453    20.631
       205    56.562     2.832     3.805     1.544    -6.432    28.281     0.064     7.907    31.448     1.768  1024.527    56.562    21.067
       206    57.692     2.871     3.850     1.555    -6.372    28.846     0.064     7.909    31.459     1.733  1024.535    57.692    21.510
       207    58.846     2.910     3.896     1.566    -6.311    29.423     0.064     7.911    31.469     1.699  1024.543    58.846    21.960
       208    60.022     2.950     3.942     1.578    -6.250    30.011     0.064     7.913    31.480     1.666  1024.551    60.022    22.417
       209    61.222     2.990     3.988     1.589    -6.188    30.611     0.064     7.914    31.490     1.633  1024.559    61.222    22.880
       210    62.446     3.031     4.035     1.600    -6.126    31.223     0.065     7.916    31.500     1.601  1024.567    62.446    23.351
       211    63.695     3.072     4.082     1.611    -6.063    31.847     0.065     7.918    31.510     1.570  1024.574    63.695    23.828
       212    64.968     3.114     4.130     1.622    -6.000    32.484     0.065     7.919    31.519     1.539  1024.581    64.968    24.312
       213    66.267     3.156     4.178     1.633    -5.936    33.134     0.065     7.921    31.529     1.509  1024.588    66.267    24.804
       214    67.592     3.198     4.226     1.644    -5.872    33.796     0.065     7.922    31.538     1.479  1024.595    67.592    25.303
       215    68.943     3.241     4.275     1.655    -5.807    34.472     0.065     7.924    31.547     1.450  1024.602    68.943    25.809
       216    70.322     3.285     4.324     1.666    -5.742    35.161     0.065     7.925    31.556     1.422  1024.609    70.322    26.322
       217    71.728     3.329     4.374     1.676    -5.676    35.864     0.066     7.927    31.565     1.394  1024.616    71.728    26.843
       218    73.162     3.373     4.423     1.687    -5.610    36.581     0.066     7.928    31.573     1.367  1024.622    73.162    27.371
       219    74.625     3.418     4.474     1.698    -5.543    37.312     0.066     7.930    31.581     1.340  1024.629    74.625    27.907
       220    76.117     3.463     4.525     1.708    -5.475    38.058     0.066     7.931    31.590     1.314  1024.635    76.117    28.450
       221    77.638     3.509     4.576     1.719    -5.408    38.819     0.066     7.932    31.598     1.288  1024.641    77.638    29.001
       222    79.191     3.556     4.627     1.729    -5.339    39.595     0.066     7.934    31.606     1.263  1024.647    79.191    29.560
       223    80.774     3.603     4.679     1.740    -5.271    40.387     0.067     7.935    31.613     1.238  1024.653    80.774    30.127
       224    82.389     3.650     4.732     1.750    -5.201    41.195     0.067     7.936    31.621     1.214  1024.658    82.389    30.702
       225    84.036     3.698     4.785     1.760    -5.132    42.018     0.067     7.938    31.628     1.190  1024.664    84.036    31.285
       226    85.717     3.747     4.838     1.770    -5.061    42.858     0.067     7.939    31.636     1.167  1024.670    85.717    31.876
       227    87.431     3.796     4.892     1.781    -4.990    43.715     0.067     7.940    31.643     1.144  1024.675    87.431    32.475
       228    89.179     3.846     4.947     1.791    -4.919    44.589     0.068     7.941    31.650     1.121  1024.680    89.179    33.082
       229    90.962     3.896     5.001     1.801    -4.847    45.481     0.068     7.942    31.657     1.099  1024.686    90.962    33.698
       230    92.781     3.947     5.057     1.811    -4.775    46.390     0.068     7.944    31.663     1.078  1024.691    92.781    34.322
       231    94.636     3.998     5.113     1.821    -4.702    47.318     0.068     7.945    31.670     1.057  1024.696    94.636    34.954
       232    96.528     4.050     5.169     1.830    -4.629    48.264     0.068     7.946    31.676     1.036  1024.701    96.528    35.596
       233    98.458     4.102     5.226     1.840    -4.555    49.229     0.068     7.947    31.683     1.016  1024.705    98.458    36.245
       234   100.427     4.155     5.283     1.850    -4.480    50.213     0.069     7.948    31.689     0.996  1024.710   100.427    36.904
       235   102.435     4.209     5.341     1.860    -4.406    51.217     0.069     7.949    31.695     0.976  1024.715   102.435    37.571
       236   104.483     4.263     5.399     1.869    -4.330    52.242     0.069     7.950    31.701     0.957  1024.719   104.483    38.248
       237   106.572     4.318     5.458     1.879    -4.254    53.286     0.069     7.951    31.707     0.938  1024.724   106.572    38.933
       238   108.703     4.373     5.518     1.888    -4.178    54.352     0.069     7.952    31.713     0.920  1024.728   108.703    39.628
       239   110.877     4.429     5.578     1.898    -4.101    55.438     0.070     7.953    31.718     0.902  1024.732   110.877    40.331
       240   113.094     4.486     5.639     1.907    -4.024    56.547     0.070     7.954    31.724     0.884  1024.737   113.094    41.044
       241   115.355     4.543     5.700     1.916    -3.946    57.678     0.070     7.955    31.729     0.867  1024.741   115.355    41.766
       242   117.662     4.601     5.762     1.925    -3.867    58.831     0.070     7.955    31.735     0.850  1024.745   117.662    42.498
       243   120.015     4.660     5.824     1.934    -3.789    60.007     0.071     7.958    31.740     0.833  1024.748   120.015    43.237
       244   122.415     4.720     5.886     1.943    -3.710    61.207     0.072     7.964    31.745     0.817  1024.752   122.415    43.982
       245   124.863     4.784     5.949     1.952    -3.632    62.431     0.072     7.973    31.750     0.801  1024.754   124.863    44.731
       246   127.360     4.850     6.012     1.961    -3.555    63.680     0.073     7.985    31.755     0.785  1024.756   127.360    45.481
       247   129.907     4.920     6.074     1.970    -3.479    64.953     0.073     8.000    31.760     0.770  1024.758   129.907    46.231
       248   132.505     4.993     6.137     1.978    -3.404    66.252     0.074     8.018    31.764     0.755  1024.759   132.505    46.982
       249   135.155     5.069     6.199     1.986    -3.330    67.577     0.074     8.038    31.769     0.740  1024.760   135.155    47.733
       250   137.648     5.144     6.256     1.994    -3.263    68.824     0.075     8.059    31.773     0.726  1024.760   137.648    48.426
---------------------------- Plume traps -----------------------------
       251   139.931     5.216     6.307     2.000    -3.205    69.965     0.076     8.079    31.777     0.715  1024.760   139.931    49.042
       252   142.017     5.283     6.352     2.006    -3.154    71.009     0.076     8.100    31.780     0.704  1024.760   142.017    49.591
       253   143.952     5.346     6.393     2.011    -3.108    71.976     0.076     8.120    31.783     0.695  1024.759   143.952    50.088
       254   145.770     5.405     6.431     2.016    -3.067    72.885     0.077     8.140    31.786     0.686  1024.758   145.770    50.546
       255   147.499     5.462     6.466     2.020    -3.029    73.750     0.077     8.159    31.788     0.678  1024.758   147.499    50.976
       256   149.157     5.517     6.500     2.024    -2.993    74.579     0.077     8.178    31.791     0.670  1024.757   149.157    51.382
       257   150.757     5.571     6.532     2.028    -2.960    75.378     0.078     8.197    31.793     0.663  1024.756   150.757    51.768
------------------------- merging happened ---------------------------
       258   152.306     5.623     6.562     2.031    -2.928    76.153     0.078     8.215    31.795     0.657  1024.755   152.306    52.138
       259   153.668     5.672     6.591     2.035    -2.899    76.153     0.078     8.232    31.797     0.651  1024.754   153.668    52.494
       260   155.017     5.722     6.621     2.038    -2.869    76.326     0.078     8.248    31.799     0.645  1024.753   155.017    52.859
       261   156.331     5.774     6.651     2.042    -2.839    77.135     0.078     8.265    31.800     0.640  1024.752   156.331    53.220
       262   157.626     5.828     6.680     2.045    -2.811    77.943     0.079     8.281    31.802     0.634  1024.750   157.626    53.574
       263   158.845     5.881     6.708     2.048    -2.784    78.717     0.079     8.297    31.803     0.630  1024.749   158.845    53.917
       264   160.015     5.935     6.736     2.051    -2.758    79.469     0.079     8.312    31.805     0.625  1024.748   160.015    54.255
       265   161.123     5.987     6.763     2.055    -2.732    80.191     0.079     8.326    31.806     0.621  1024.747   161.123    54.588
       266   162.186     6.039     6.790     2.058    -2.707    80.892     0.080     8.341    31.807     0.617  1024.746   162.186    54.918
       267   163.197     6.091     6.816     2.060    -2.683    81.569     0.080     8.354    31.809     0.613  1024.745   163.197    55.243
       268   164.164     6.142     6.843     2.063    -2.659    82.224     0.080     8.367    31.810     0.609  1024.744   164.164    55.565
       269   165.084     6.193     6.869     2.066    -2.637    82.857     0.080     8.380    31.811     0.606  1024.743   165.084    55.882
       270   165.961     6.243     6.894     2.069    -2.614    83.469     0.080     8.392    31.812     0.603  1024.742   165.961    56.195
       271   166.796     6.292     6.920     2.072    -2.593    84.059     0.080     8.404    31.813     0.600  1024.741   166.796    56.504
       272   167.592     6.340     6.945     2.074    -2.571    84.629     0.081     8.415    31.814     0.597  1024.740   167.592    56.809
       273   168.349     6.388     6.969     2.077    -2.551    85.180     0.081     8.426    31.815     0.594  1024.739   168.349    57.109
       274   169.069     6.435     6.993     2.080    -2.531    85.712     0.081     8.436    31.815     0.591  1024.738   169.069    57.405
---------------------------- Plume surfaces --------------------------
       275   169.754     6.481     7.017     2.082    -2.512    86.225     0.081     8.446    31.816     0.589  1024.737   169.754    57.696
-------------------- Starting Farfield Calculations --------------------
Farfield dispersion based on wastefield width of :     109.59 (m)
4/3 Power Law based Eddy Diffusivity is used:
  Dilution     Width  Distance      Time     Conc.    Bckgrd
        ()       (m)       (m)    (hrs.)    (mg/L)    (mg/L)
   169.754   109.610     7.320     0.000     0.589     0.000
   169.754   109.850     8.000     0.004     0.575     0.000
   169.754   110.204     9.000     0.010     0.575     0.000
   169.754   110.558    10.000     0.016     0.575     0.000
   169.754   110.913    11.000     0.021     0.575     0.000
   169.754   111.268    12.000     0.027     0.575     0.000
   169.754   111.618    13.000     0.033     0.575     0.000
   169.754   111.969    14.000     0.038     0.575     0.000
   169.754   112.320    15.000     0.044     0.575     0.000
   169.754   112.671    16.000     0.049     0.575     0.000
   169.754   113.023    17.000     0.055     0.575     0.000
   169.754   113.373    18.000     0.061     0.575     0.000
   169.754   113.724    19.000     0.066     0.575     0.000
   169.754   114.075    20.000     0.072     0.575     0.000
   169.754   114.426    21.000     0.077     0.575     0.000
   169.754   114.778    22.000     0.083     0.575     0.000
   169.754   115.129    23.000     0.089     0.575     0.000
   169.754   115.481    24.000     0.094     0.575     0.000
   169.754   115.833    25.000     0.100     0.575     0.000
   169.754   116.186    26.000     0.105     0.575     0.000
   169.755   116.538    27.000     0.111     0.575     0.000
   169.755   116.891    28.000     0.116     0.575     0.000
   169.755   117.244    29.000     0.122     0.575     0.000
   169.756   117.598    30.000     0.128     0.575     0.000
   169.757   117.952    31.000     0.133     0.575     0.000
   169.758   118.306    32.000     0.139     0.575     0.000
   169.759   118.660    33.000     0.144     0.575     0.000
   169.762   119.015    34.000     0.150     0.575     0.000
   169.765   119.370    35.000     0.155     0.575     0.000
   169.768   119.725    36.000     0.161     0.575     0.000
   169.773   120.081    37.000     0.167     0.575     0.000
   169.779   120.436    38.000     0.172     0.575     0.000
   169.786   120.793    39.000     0.178     0.575     0.000
   169.795   121.149    40.000     0.183     0.575     0.000
   169.805   121.506    41.000     0.189     0.575     0.000
   169.817   121.863    42.000     0.194     0.575     0.000
   169.831   122.221    43.000     0.200     0.575     0.000
   169.847   122.578    44.000     0.205     0.575     0.000
   169.866   122.937    45.000     0.211     0.575     0.000
   169.887   123.295    46.000     0.217     0.574     0.000
   169.910   123.654    47.000     0.222     0.574     0.000
   169.937   124.013    48.000     0.228     0.574     0.000
   169.966   124.372    49.000     0.233     0.574     0.000
   169.999   124.732    50.000     0.239     0.574     0.000
   170.035   125.092    51.000     0.244     0.574     0.000
   170.074   125.452    52.000     0.250     0.574     0.000
   170.116   125.813    53.000     0.255     0.574     0.000
   170.162   126.174    54.000     0.261     0.574     0.000
   170.212   126.535    55.000     0.267     0.574     0.000
   170.266   126.897    56.000     0.272     0.573     0.000
   170.323   127.258    57.000     0.278     0.573     0.000
   170.385   127.621    58.000     0.283     0.573     0.000
   170.450   127.983    59.000     0.289     0.573     0.000
   170.520   128.346    60.000     0.294     0.573     0.000
   170.593   128.709    61.000     0.300     0.572     0.000
   170.671   129.072    62.000     0.305     0.572     0.000
   170.753   129.436    63.000     0.311     0.572     0.000
   170.839   129.800    64.000     0.317     0.572     0.000
   170.930   130.165    65.000     0.322     0.572     0.000
   171.024   130.529    66.000     0.328     0.571     0.000
   171.123   130.894    67.000     0.333     0.571     0.000
   171.227   131.259    68.000     0.339     0.571     0.000
   171.334   131.625    69.000     0.344     0.571     0.000
   171.446   131.991    70.000     0.350     0.571     0.000
   171.562   132.357    71.000     0.355     0.569     0.000
   171.682   132.724    72.000     0.361     0.569     0.000
   171.807   133.090    73.000     0.366     0.569     0.000
   171.936   133.457    74.000     0.372     0.569     0.000
   172.069   133.825    75.000     0.378     0.569     0.000
   172.207   134.193    76.000     0.383     0.567     0.000
   172.348   134.561    77.000     0.389     0.567     0.000
   172.494   134.929    78.000     0.394     0.567     0.000
   172.644   135.298    79.000     0.400     0.567     0.000
   172.798   135.667    80.000     0.405     0.567     0.000
   172.956   136.036    81.000     0.411     0.565     0.000
   173.117   136.405    82.000     0.416     0.565     0.000
   173.283   136.775    83.000     0.422     0.565     0.000
   173.453   137.145    84.000     0.427     0.565     0.000
   173.627   137.516    85.000     0.433     0.562     0.000
   173.805   137.887    86.000     0.439     0.562     0.000
   173.986   138.258    87.000     0.444     0.562     0.000
   174.171   138.629    88.000     0.450     0.562     0.000
   174.360   139.001    89.000     0.455     0.562     0.000
   174.553   139.373    90.000     0.461     0.560     0.000
   174.749   139.745    91.000     0.466     0.560     0.000
   174.949   140.118    92.000     0.472     0.560     0.000
   175.153   140.491    93.000     0.477     0.560     0.000
   175.360   140.864    94.000     0.483     0.560     0.000
   175.570   141.238    95.000     0.488     0.557     0.000
   175.784   141.612    96.000     0.494     0.557     0.000
   176.001   141.986    97.000     0.499     0.557     0.000
   176.222   142.360    98.000     0.505     0.557     0.000
   176.445   142.735    99.000     0.511     0.557     0.000
   176.673   143.110   100.000     0.516     0.553     0.000
   176.903   143.486   101.000     0.522     0.553     0.000
............................. Reached Chronic Mixing Zone ..........................
   177.136   143.861   102.000     0.527     0.553     0.000
   177.373   144.237   103.000     0.533     0.553     0.000
   177.612   144.614   104.000     0.538     0.553     0.000
   177.855   144.990   105.000     0.544     0.550     0.000
   178.101   145.367   106.000     0.549     0.550     0.000
   178.349   145.745   107.000     0.555     0.550     0.000
   178.601   146.122   108.000     0.560     0.550     0.000
   178.855   146.500   109.000     0.566     0.550     0.000
   179.112   146.878   110.000     0.571     0.546     0.000
   179.372   147.257   111.000     0.577     0.546     0.000
   179.635   147.636   112.000     0.582     0.546     0.000
   179.900   148.015   113.000     0.588     0.546     0.000
   180.168   148.394   114.000     0.594     0.546     0.000
   180.438   148.774   115.000     0.599     0.542     0.000
   180.712   149.154   116.000     0.605     0.542     0.000
   180.987   149.534   117.000     0.610     0.542     0.000
   181.266   149.915   118.000     0.616     0.542     0.000
   181.546   150.296   119.000     0.621     0.542     0.000
   181.830   150.677   120.000     0.627     0.538     0.000
   182.115   151.059   121.000     0.632     0.538     0.000
   182.403   151.441   122.000     0.638     0.538     0.000
   182.693   151.823   123.000     0.643     0.538     0.000
   182.986   152.205   124.000     0.649     0.534     0.000
   183.281   152.588   125.000     0.654     0.534     0.000
   183.578   152.971   126.000     0.660     0.534     0.000
   183.877   153.355   127.000     0.665     0.534     0.000
   184.179   153.738   128.000     0.671     0.534     0.000
   184.482   154.122   129.000     0.677     0.530     0.000
   184.788   154.507   130.000     0.682     0.530     0.000
   185.096   154.892   131.000     0.688     0.530     0.000
   185.406   155.276   132.000     0.693     0.530     0.000
   185.718   155.662   133.000     0.699     0.530     0.000
   186.032   156.047   134.000     0.704     0.526     0.000
   186.347   156.433   135.000     0.710     0.526     0.000
   186.665   156.819   136.000     0.715     0.526     0.000
   186.985   157.206   137.000     0.721     0.526     0.000
   187.307   157.593   138.000     0.726     0.526     0.000
   187.630   157.980   139.000     0.732     0.522     0.000
   187.956   158.367   140.000     0.737     0.522     0.000
   188.283   158.755   141.000     0.743     0.522     0.000
   188.612   159.143   142.000     0.748     0.522     0.000
   188.942   159.532   143.000     0.754     0.522     0.000
   189.275   159.920   144.000     0.759     0.517     0.000
   189.609   160.309   145.000     0.765     0.517     0.000
   189.945   160.699   146.000     0.770     0.517     0.000
   190.283   161.088   147.000     0.776     0.517     0.000
   190.622   161.478   148.000     0.782     0.517     0.000
   190.963   161.868   149.000     0.787     0.513     0.000
   191.305   162.259   150.000     0.793     0.513     0.000
   191.649   162.650   151.000     0.798     0.513     0.000
   191.995   163.041   152.000     0.804     0.513     0.000
   192.342   163.432   153.000     0.809     0.513     0.000
   192.691   163.824   154.000     0.815     0.509     0.000
   193.041   164.216   155.000     0.820     0.509     0.000
   193.393   164.608   156.000     0.826     0.509     0.000
   193.746   165.001   157.000     0.831     0.509     0.000
   194.101   165.394   158.000     0.837     0.509     0.000
   194.457   165.787   159.000     0.842     0.504     0.000
   194.815   166.181   160.000     0.848     0.504     0.000
   195.174   166.575   161.000     0.853     0.504     0.000
   195.534   166.969   162.000     0.859     0.504     0.000
   195.896   167.363   163.000     0.864     0.500     0.000
   196.259   167.758   164.000     0.870     0.500     0.000
   196.623   168.153   165.000     0.875     0.500     0.000
   196.989   168.549   166.000     0.881     0.500     0.000
   197.356   168.945   167.000     0.887     0.500     0.000
   197.724   169.341   168.000     0.892     0.495     0.000
   198.094   169.737   169.000     0.898     0.495     0.000
   198.465   170.134   170.000     0.903     0.495     0.000
   198.837   170.531   171.000     0.909     0.495     0.000
   199.210   170.928   172.000     0.914     0.495     0.000
   199.585   171.325   173.000     0.920     0.491     0.000
   199.961   171.723   174.000     0.925     0.491     0.000
   200.338   172.121   175.000     0.931     0.491     0.000
   200.716   172.520   176.000     0.936     0.491     0.000
   201.095   172.919   177.000     0.942     0.491     0.000
   201.476   173.318   178.000     0.947     0.487     0.000
   201.858   173.717   179.000     0.953     0.487     0.000
   202.240   174.117   180.000     0.958     0.487     0.000
   202.624   174.517   181.000     0.964     0.487     0.000
   203.009   174.917   182.000     0.969     0.487     0.000
   203.396   175.318   183.000     0.975     0.482     0.000
   203.783   175.718   184.000     0.980     0.482     0.000
   204.171   176.120   185.000     0.986     0.482     0.000
   204.560   176.521   186.000     0.992     0.482     0.000
   204.951   176.923   187.000     0.997     0.482     0.000
   205.342   177.325   188.000     1.003     0.478     0.000
   205.735   177.728   189.000     1.008     0.478     0.000
   206.128   178.130   190.000     1.014     0.478     0.000
   206.523   178.533   191.000     1.019     0.478     0.000
   206.918   178.937   192.000     1.025     0.478     0.000
   207.315   179.340   193.000     1.030     0.473     0.000
   207.712   179.744   194.000     1.036     0.473     0.000
   208.111   180.148   195.000     1.041     0.473     0.000
   208.510   180.553   196.000     1.047     0.473     0.000
   208.911   180.958   197.000     1.052     0.473     0.000
   209.312   181.363   198.000     1.058     0.469     0.000
   209.714   181.768   199.000     1.063     0.469     0.000
   210.117   182.174   200.000     1.069     0.469     0.000
   210.521   182.580   201.000     1.074     0.469     0.000
   210.926   182.986   202.000     1.080     0.469     0.000
   211.332   183.393   203.000     1.085     0.465     0.000
   211.739   183.800   204.000     1.091     0.465     0.000
   212.147   184.207   205.000     1.096     0.465     0.000
   212.555   184.615   206.000     1.102     0.465     0.000
   212.965   185.022   207.000     1.108     0.461     0.000
   213.375   185.430   208.000     1.113     0.461     0.000
   213.786   185.839   209.000     1.119     0.461     0.000
   214.198   186.248   210.000     1.124     0.461     0.000
   214.611   186.657   211.000     1.130     0.461     0.000
   215.025   187.066   212.000     1.135     0.456     0.000
   215.439   187.476   213.000     1.141     0.456     0.000
   215.855   187.885   214.000     1.146     0.456     0.000
   216.271   188.296   215.000     1.152     0.456     0.000
   216.688   188.706   216.000     1.157     0.456     0.000
   217.106   189.117   217.000     1.163     0.452     0.000
   217.524   189.528   218.000     1.168     0.452     0.000
   217.943   189.940   219.000     1.174     0.452     0.000
   218.364   190.351   220.000     1.179     0.452     0.000
   218.784   190.763   221.000     1.185     0.452     0.000
   219.206   191.175   222.000     1.190     0.448     0.000
   219.629   191.588   223.000     1.196     0.448     0.000
   220.052   192.001   224.000     1.201     0.448     0.000
   220.476   192.414   225.000     1.207     0.448     0.000
   220.900   192.828   226.000     1.212     0.448     0.000
   221.326   193.241   227.000     1.218     0.444     0.000
   221.752   193.655   228.000     1.224     0.444     0.000
   222.179   194.070   229.000     1.229     0.444     0.000
   222.606   194.484   230.000     1.235     0.444     0.000
   223.035   194.899   231.000     1.240     0.444     0.000
   223.464   195.315   232.000     1.246     0.440     0.000
   223.893   195.730   233.000     1.251     0.440     0.000
   224.324   196.146   234.000     1.257     0.440     0.000
   224.755   196.562   235.000     1.262     0.440     0.000
   225.187   196.979   236.000     1.268     0.440     0.000
   225.619   197.395   237.000     1.273     0.436     0.000
   226.052   197.812   238.000     1.279     0.436     0.000
   226.486   198.230   239.000     1.284     0.436     0.000
   226.921   198.647   240.000     1.290     0.436     0.000
   227.356   199.065   241.000     1.295     0.436     0.000
   227.792   199.483   242.000     1.301     0.432     0.000
   228.228   199.902   243.000     1.306     0.432     0.000
   228.666   200.321   244.000     1.312     0.432     0.000
   229.103   200.740   245.000     1.317     0.432     0.000
   229.542   201.159   246.000     1.323     0.432     0.000
   229.981   201.579   247.000     1.329     0.428     0.000
   230.421   201.999   248.000     1.334     0.428     0.000
   230.861   202.419   249.000     1.340     0.428     0.000
   231.302   202.839   250.000     1.345     0.428     0.000
   231.744   203.260   251.000     1.351     0.424     0.000
   232.186   203.681   252.000     1.356     0.424     0.000
   232.629   204.103   253.000     1.362     0.424     0.000
   233.073   204.524   254.000     1.367     0.424     0.000
   233.517   204.946   255.000     1.373     0.424     0.000
   233.961   205.369   256.000     1.378     0.420     0.000
   234.407   205.791   257.000     1.384     0.420     0.000
   234.853   206.214   258.000     1.389     0.420     0.000
   235.299   206.637   259.000     1.395     0.420     0.000
   235.746   207.061   260.000     1.400     0.420     0.000
   236.194   207.484   261.000     1.406     0.416     0.000
   236.642   207.909   262.000     1.411     0.416     0.000
   237.091   208.333   263.000     1.417     0.416     0.000
   237.541   208.757   264.000     1.422     0.416     0.000
   237.991   209.182   265.000     1.428     0.416     0.000
   238.441   209.607   266.000     1.433     0.412     0.000
   238.892   210.033   267.000     1.439     0.412     0.000
   239.344   210.459   268.000     1.445     0.412     0.000
   239.796   210.885   269.000     1.450     0.412     0.000
   240.249   211.311   270.000     1.456     0.412     0.000
   240.703   211.738   271.000     1.461     0.409     0.000
   241.157   212.165   272.000     1.467     0.409     0.000
   241.611   212.592   273.000     1.472     0.409     0.000
   242.066   213.019   274.000     1.478     0.409     0.000
   242.522   213.447   275.000     1.483     0.409     0.000
   242.978   213.875   276.000     1.489     0.405     0.000
   243.435   214.303   277.000     1.494     0.405     0.000
   243.892   214.732   278.000     1.500     0.405     0.000
   244.350   215.161   279.000     1.505     0.405     0.000
   244.808   215.590   280.000     1.511     0.405     0.000
   245.267   216.020   281.000     1.516     0.401     0.000
   245.727   216.450   282.000     1.522     0.401     0.000
   246.186   216.880   283.000     1.527     0.401     0.000
   246.647   217.310   284.000     1.533     0.401     0.000
   247.108   217.741   285.000     1.538     0.401     0.000
   247.569   218.172   286.000     1.544     0.398     0.000
   248.031   218.603   287.000     1.549     0.398     0.000
   248.494   219.034   288.000     1.555     0.398     0.000
   248.957   219.466   289.000     1.561     0.398     0.000
   249.420   219.898   290.000     1.566     0.398     0.000
   249.884   220.330   291.000     1.572     0.394     0.000
   250.349   220.763   292.000     1.577     0.394     0.000
   250.814   221.196   293.000     1.583     0.394     0.000
   251.279   221.629   294.000     1.588     0.394     0.000
   251.745   222.063   295.000     1.594     0.391     0.000
   252.212   222.496   296.000     1.599     0.391     0.000
   252.679   222.931   297.000     1.605     0.391     0.000
   253.146   223.365   298.000     1.610     0.391     0.000
   253.614   223.799   299.000     1.616     0.391     0.000
   254.083   224.234   300.000     1.621     0.387     0.000
   254.552   224.670   301.000     1.627     0.387     0.000
   255.021   225.105   302.000     1.632     0.387     0.000
   255.491   225.541   303.000     1.638     0.387     0.000
   255.962   225.977   304.000     1.643     0.387     0.000
   256.433   226.413   305.000     1.649     0.384     0.000
   256.904   226.850   306.000     1.654     0.384     0.000
   257.376   227.287   307.000     1.660     0.384     0.000
   257.848   227.724   308.000     1.666     0.384     0.000
   258.321   228.161   309.000     1.671     0.384     0.000
   258.794   228.599   310.000     1.677     0.380     0.000
   259.268   229.037   311.000     1.682     0.380     0.000
   259.742   229.475   312.000     1.688     0.380     0.000
   260.216   229.914   313.000     1.693     0.380     0.000
   260.692   230.353   314.000     1.699     0.380     0.000
   261.167   230.792   315.000     1.704     0.377     0.000
   261.643   231.231   316.000     1.710     0.377     0.000
   262.120   231.671   317.000     1.715     0.377     0.000
   262.596   232.111   318.000     1.721     0.377     0.000
   263.074   232.551   319.000     1.726     0.377     0.000
   263.552   232.992   320.000     1.732     0.374     0.000
   264.030   233.433   321.000     1.737     0.374     0.000
   264.509   233.874   322.000     1.743     0.374     0.000
   264.988   234.315   323.000     1.748     0.374     0.000
   265.467   234.757   324.000     1.754     0.374     0.000
   265.947   235.199   325.000     1.759     0.371     0.000
   266.428   235.641   326.000     1.765     0.371     0.000
   266.909   236.083   327.000     1.771     0.371     0.000
   267.390   236.526   328.000     1.776     0.371     0.000
   267.872   236.969   329.000     1.782     0.371     0.000
   268.354   237.412   330.000     1.787     0.367     0.000
   268.837   237.856   331.000     1.793     0.367     0.000
   269.320   238.300   332.000     1.798     0.367     0.000
   269.803   238.744   333.000     1.804     0.367     0.000
   270.287   239.189   334.000     1.809     0.367     0.000
   270.772   239.633   335.000     1.815     0.364     0.000
   271.256   240.078   336.000     1.820     0.364     0.000
   271.742   240.524   337.000     1.826     0.364     0.000
   272.227   240.969   338.000     1.831     0.364     0.000
   272.713   241.415   339.000     1.837     0.361     0.000
   273.200   241.861   340.000     1.842     0.361     0.000
   273.687   242.307   341.000     1.848     0.361     0.000
   274.174   242.754   342.000     1.853     0.361     0.000
   274.662   243.201   343.000     1.859     0.361     0.000
   275.150   243.648   344.000     1.864     0.358     0.000
   275.639   244.096   345.000     1.870     0.358     0.000
   276.127   244.543   346.000     1.876     0.358     0.000
   276.617   244.991   347.000     1.881     0.358     0.000
   277.107   245.440   348.000     1.887     0.358     0.000
   277.597   245.888   349.000     1.892     0.355     0.000
   278.088   246.337   350.000     1.898     0.355     0.000
   278.579   246.786   351.000     1.903     0.355     0.000
   279.070   247.236   352.000     1.909     0.355     0.000
   279.562   247.685   353.000     1.914     0.355     0.000
   280.054   248.135   354.000     1.920     0.352     0.000
   280.547   248.586   355.000     1.925     0.352     0.000
   281.040   249.036   356.000     1.931     0.352     0.000
   281.533   249.487   357.000     1.936     0.352     0.000
   282.027   249.938   358.000     1.942     0.352     0.000
   282.521   250.389   359.000     1.947     0.349     0.000
   283.016   250.841   360.000     1.953     0.349     0.000
   283.511   251.293   361.000     1.958     0.349     0.000
   284.006   251.745   362.000     1.964     0.349     0.000
   284.502   252.197   363.000     1.969     0.349     0.000
   284.999   252.650   364.000     1.975     0.346     0.000
   285.495   253.103   365.000     1.981     0.346     0.000
   285.992   253.556   366.000     1.986     0.346     0.000
   286.490   254.010   367.000     1.992     0.346     0.000
   286.987   254.464   368.000     1.997     0.346     0.000
   287.486   254.918   369.000     2.003     0.343     0.000
   287.984   255.372   370.000     2.008     0.343     0.000
   288.483   255.827   371.000     2.014     0.343     0.000
   288.982   256.281   372.000     2.019     0.343     0.000
   289.482   256.737   373.000     2.025     0.343     0.000
   289.982   257.192   374.000     2.030     0.340     0.000
   290.483   257.648   375.000     2.036     0.340     0.000
   290.984   258.104   376.000     2.041     0.340     0.000
   291.485   258.560   377.000     2.047     0.340     0.000
   291.986   259.016   378.000     2.052     0.340     0.000
   292.488   259.473   379.000     2.058     0.338     0.000
   292.991   259.930   380.000     2.063     0.338     0.000
   293.494   260.387   381.000     2.069     0.338     0.000
   293.997   260.845   382.000     2.074     0.338     0.000
   294.500   261.303   383.000     2.080     0.335     0.000
   295.004   261.761   384.000     2.086     0.335     0.000
   295.508   262.219   385.000     2.091     0.335     0.000
   296.013   262.678   386.000     2.097     0.335     0.000
   296.518   263.137   387.000     2.102     0.335     0.000
   297.023   263.596   388.000     2.108     0.332     0.000
   297.529   264.056   389.000     2.113     0.332     0.000
   298.035   264.515   390.000     2.119     0.332     0.000
   298.542   264.975   391.000     2.124     0.332     0.000
   299.049   265.436   392.000     2.130     0.332     0.000
   299.556   265.896   393.000     2.135     0.329     0.000
   300.064   266.357   394.000     2.141     0.329     0.000
   300.571   266.818   395.000     2.146     0.329     0.000
   301.080   267.279   396.000     2.152     0.329     0.000
   301.588   267.741   397.000     2.157     0.329     0.000
   302.098   268.203   398.000     2.163     0.327     0.000
   302.607   268.665   399.000     2.168     0.327     0.000
   303.117   269.127   400.000     2.174     0.327     0.000
   303.627   269.590   401.000     2.180     0.327     0.000
   304.137   270.053   402.000     2.185     0.327     0.000
   304.648   270.516   403.000     2.191     0.324     0.000
   305.159   270.980   404.000     2.196     0.324     0.000
   305.671   271.443   405.000     2.202     0.324     0.000
   306.183   271.908   406.000     2.207     0.324     0.000
   306.695   272.372   407.000     2.213     0.324     0.000
   307.208   272.836   408.000     2.218     0.321     0.000
   307.721   273.301   409.000     2.224     0.321     0.000
   308.234   273.766   410.000     2.229     0.321     0.000
   308.748   274.232   411.000     2.235     0.321     0.000
   309.262   274.697   412.000     2.240     0.321     0.000
   309.776   275.163   413.000     2.246     0.319     0.000
   310.291   275.629   414.000     2.251     0.319     0.000
   310.806   276.096   415.000     2.257     0.319     0.000
   311.322   276.562   416.000     2.262     0.319     0.000
   311.838   277.029   417.000     2.268     0.319     0.000
   312.354   277.496   418.000     2.273     0.316     0.000
   312.870   277.964   419.000     2.279     0.316     0.000
   313.387   278.432   420.000     2.285     0.316     0.000
   313.904   278.900   421.000     2.290     0.316     0.000
   314.422   279.368   422.000     2.296     0.316     0.000
   314.940   279.836   423.000     2.301     0.314     0.000
   315.458   280.305   424.000     2.307     0.314     0.000
   315.977   280.774   425.000     2.312     0.314     0.000
   316.496   281.243   426.000     2.318     0.314     0.000
   317.015   281.713   427.000     2.323     0.311     0.000
   317.535   282.183   428.000     2.329     0.311     0.000
   318.055   282.653   429.000     2.334     0.311     0.000
   318.575   283.123   430.000     2.340     0.311     0.000
   319.096   283.594   431.000     2.345     0.311     0.000
   319.617   284.065   432.000     2.351     0.309     0.000
   320.138   284.536   433.000     2.356     0.309     0.000
   320.660   285.007   434.000     2.362     0.309     0.000
   321.182   285.479   435.000     2.367     0.309     0.000
   321.704   285.951   436.000     2.373     0.309     0.000
   322.227   286.423   437.000     2.379     0.307     0.000
   322.750   286.896   438.000     2.384     0.307     0.000
   323.273   287.368   439.000     2.390     0.307     0.000
   323.797   287.841   440.000     2.395     0.307     0.000
   324.321   288.315   441.000     2.401     0.307     0.000
   324.845   288.788   442.000     2.406     0.304     0.000
   325.370   289.262   443.000     2.412     0.304     0.000
   325.895   289.736   444.000     2.417     0.304     0.000
   326.421   290.210   445.000     2.423     0.304     0.000
   326.946   290.685   446.000     2.428     0.304     0.000
   327.472   291.160   447.000     2.434     0.302     0.000
   327.999   291.635   448.000     2.439     0.302     0.000
   328.526   292.110   449.000     2.445     0.302     0.000
   329.053   292.586   450.000     2.450     0.302     0.000
   329.580   293.061   451.000     2.456     0.302     0.000
   330.108   293.538   452.000     2.461     0.299     0.000
   330.636   294.014   453.000     2.467     0.299     0.000
   331.164   294.491   454.000     2.473     0.299     0.000
   331.693   294.967   455.000     2.478     0.299     0.000
   332.222   295.445   456.000     2.484     0.299     0.000
   332.751   295.922   457.000     2.489     0.297     0.000
   333.281   296.400   458.000     2.495     0.297     0.000
   333.811   296.878   459.000     2.500     0.297     0.000
   334.342   297.356   460.000     2.506     0.297     0.000
   334.872   297.834   461.000     2.511     0.297     0.000
   335.403   298.313   462.000     2.517     0.295     0.000
   335.935   298.792   463.000     2.522     0.295     0.000
   336.466   299.271   464.000     2.528     0.295     0.000
   336.998   299.751   465.000     2.533     0.295     0.000
   337.531   300.230   466.000     2.539     0.293     0.000
   338.063   300.710   467.000     2.544     0.293     0.000
   338.596   301.191   468.000     2.550     0.293     0.000
   339.130   301.671   469.000     2.555     0.293     0.000
   339.663   302.152   470.000     2.561     0.293     0.000
   340.197   302.633   471.000     2.567     0.290     0.000
   340.731   303.114   472.000     2.572     0.290     0.000
   341.266   303.596   473.000     2.578     0.290     0.000
   341.801   304.077   474.000     2.583     0.290     0.000
   342.336   304.560   475.000     2.589     0.290     0.000
   342.872   305.042   476.000     2.594     0.288     0.000
   343.407   305.524   477.000     2.600     0.288     0.000
   343.944   306.007   478.000     2.605     0.288     0.000
   344.480   306.490   479.000     2.611     0.288     0.000
   345.017   306.974   480.000     2.616     0.288     0.000
   345.554   307.457   481.000     2.622     0.286     0.000
   346.092   307.941   482.000     2.627     0.286     0.000
   346.629   308.425   483.000     2.633     0.286     0.000
   347.167   308.909   484.000     2.638     0.286     0.000
   347.706   309.394   485.000     2.644     0.286     0.000
   348.245   309.879   486.000     2.649     0.284     0.000
   348.784   310.364   487.000     2.655     0.284     0.000
   349.323   310.849   488.000     2.661     0.284     0.000
   349.863   311.335   489.000     2.666     0.284     0.000
   350.403   311.821   490.000     2.672     0.284     0.000
   350.943   312.307   491.000     2.677     0.282     0.000
   351.484   312.794   492.000     2.683     0.282     0.000
   352.024   313.280   493.000     2.688     0.282     0.000
   352.566   313.767   494.000     2.694     0.282     0.000
   353.107   314.254   495.000     2.699     0.282     0.000
   353.649   314.742   496.000     2.705     0.280     0.000
   354.191   315.229   497.000     2.710     0.280     0.000
   354.734   315.717   498.000     2.716     0.280     0.000
   355.277   316.205   499.000     2.721     0.280     0.000
   355.820   316.694   500.000     2.727     0.280     0.000
   355.897   316.763   500.142     2.728     0.278     0.000
