****************************************************************************************************
----------------------------------------------------------------------------------------------------
Ambient Table:
     Depth   Amb-cur   Amb-dir   Amb-sal   Amb-tem   Amb-pol     Decay   Far-spd   Far-dir   Disprsn
       (m)     (m/s)     (deg)     (psu)       (C)    (mg/L)   (1/day)     (m/s)     (deg)(m0.67/s2)
     0.000     0.090     0.000    32.000    14.000     0.000     0.000     0.050     0.000   0.00030
     2.000     0.085     0.000    32.000    12.000     0.000     0.000     0.050     0.000   0.00030
     4.000     0.070     0.000    32.000     8.000     0.000     0.000     0.050     0.000   0.00030
     6.000     0.065     0.000    32.000     8.000     0.000     0.000     0.050     0.000   0.00030
     8.000     0.060     0.000    32.000     8.000     0.000     0.000     0.050     0.000   0.00030
    10.000     0.055     0.000    32.000     8.000     0.000     0.000     0.050     0.000   0.00030
    12.000     0.050     0.000    32.000     8.000     0.000     0.000     0.050     0.000   0.00030
----------------------------------------------------------------------------------------------------
Diffuser Table:
     P-dia    P-elev   V-angle   H-angle     Ports   Spacing   AcuteMZ   ChrncMZ   P-depth   Ttl-flo   Eff-sal      Temp   Polutnt
       (m)       (m)     (deg)     (deg)       ( )       (m)       (m)       (m)       (m)     (MGD)     (psu)       (C)    (mg/L)
      0.08      0.31     45.00     30.00     18.00      6.10     10.20    102.00     11.00      8.00      0.00      2.63    100.00
----------------------------------------------------------------------------------------------------
Simulation Results:
              Dilutn     P-dia    x-posn    y-posn     Depth    CL-Dil  Amb-Curr    P-Temp     P-Sal    P-Con.     P-Den   Net-Dil      Time
      Step (FluxAvg)       (m)       (m)       (m)       (m)        ()     (m/s)       (C)     (psu)    (mg/L)   (kg/m3)        ()       (s)
         1     1.019     0.077     0.002     0.001   -10.997     1.000     0.053     2.735     0.627    98.089  1000.531     1.019     0.001
         2     1.039     0.078     0.004     0.003   -10.995     1.000     0.053     2.839     1.243    96.213  1001.027     1.039     0.002
         3     1.060     0.080     0.007     0.004   -10.992     1.000     0.053     2.940     1.846    94.373  1001.513     1.060     0.003
         4     1.080     0.081     0.009     0.005   -10.990     1.000     0.053     3.039     2.437    92.566  1001.988     1.080     0.004
         5     1.101     0.083     0.011     0.007   -10.987     1.000     0.053     3.136     3.017    90.793  1002.453     1.101     0.005
         6     1.123     0.085     0.014     0.008   -10.984     1.000     0.053     3.232     3.585    89.053  1002.908     1.123     0.006
         7     1.145     0.086     0.016     0.009   -10.981     1.000     0.053     3.325     4.142    87.346  1003.353     1.145     0.007
         8     1.167     0.088     0.019     0.011   -10.978     1.000     0.053     3.417     4.688    85.670  1003.789     1.167     0.008
         9     1.190     0.090     0.022     0.012   -10.975     1.000     0.053     3.507     5.224    84.026  1004.216     1.190     0.009
        10     1.213     0.091     0.024     0.014   -10.972     1.000     0.053     3.595     5.749    82.413  1004.634     1.213     0.010
        11     1.237     0.093     0.027     0.015   -10.969     1.000     0.053     3.681     6.264    80.830  1005.043     1.237     0.012
        12     1.261     0.095     0.030     0.017   -10.966     1.000     0.053     3.766     6.768    79.277  1005.444     1.261     0.013
        13     1.286     0.097     0.032     0.019   -10.963     1.000     0.053     3.849     7.263    77.753  1005.836     1.286     0.014
        14     1.311     0.099     0.035     0.020   -10.959     1.000     0.053     3.930     7.748    76.257  1006.220     1.311     0.016
        15     1.337     0.101     0.038     0.022   -10.956     1.000     0.053     4.010     8.224    74.790  1006.596     1.337     0.017
        16     1.363     0.103     0.041     0.024   -10.953     1.000     0.053     4.088     8.690    73.350  1006.964     1.363     0.019
        17     1.390     0.105     0.044     0.025   -10.949     1.000     0.053     4.165     9.147    71.938  1007.324     1.390     0.020
        18     1.417     0.107     0.047     0.027   -10.946     1.000     0.053     4.240     9.595    70.552  1007.678     1.417     0.022
        19     1.445     0.109     0.050     0.029   -10.942     1.000     0.053     4.314    10.034    69.192  1008.023     1.445     0.024
        20     1.474     0.111     0.054     0.031   -10.938     1.000     0.053     4.386    10.465    67.858  1008.362     1.474     0.025
        21     1.503     0.113     0.057     0.033   -10.935     1.000     0.053     4.457    10.887    66.550  1008.694     1.503     0.027
        22     1.532     0.116     0.060     0.035   -10.931     1.000     0.053     4.526    11.301    65.266  1009.018     1.532     0.029
        23     1.562     0.118     0.064     0.036   -10.927     1.000     0.053     4.595    11.707    64.006  1009.336     1.562     0.031
        24     1.593     0.120     0.067     0.038   -10.923     1.000     0.053     4.661    12.105    62.770  1009.648     1.593     0.033
        25     1.624     0.122     0.071     0.040   -10.919     1.000     0.053     4.727    12.495    61.558  1009.953     1.624     0.036
        26     1.656     0.125     0.074     0.043   -10.915     1.000     0.053     4.791    12.877    60.369  1010.252     1.656     0.038
        27     1.689     0.127     0.078     0.045   -10.911     1.000     0.053     4.854    13.252    59.203  1010.545     1.689     0.040
        28     1.722     0.130     0.082     0.047   -10.906     1.000     0.053     4.916    13.620    58.058  1010.832     1.722     0.043
        29     1.756     0.132     0.085     0.049   -10.902     1.000     0.053     4.976    13.980    56.936  1011.113     1.756     0.045
        30     1.791     0.135     0.089     0.051   -10.898     1.000     0.053     5.035    14.334    55.834  1011.388     1.791     0.048
        31     1.826     0.138     0.093     0.053   -10.893     1.000     0.053     5.094    14.680    54.754  1011.658     1.826     0.051
        32     1.862     0.140     0.097     0.056   -10.888     1.000     0.053     5.150    15.020    53.695  1011.922     1.862     0.053
        33     1.899     0.143     0.101     0.058   -10.884     1.000     0.053     5.206    15.353    52.655  1012.181     1.899     0.056
        34     1.937     0.146     0.106     0.060   -10.879     1.000     0.053     5.261    15.679    51.636  1012.435     1.937     0.059
        35     1.975     0.149     0.110     0.063   -10.874     1.000     0.053     5.315    15.999    50.636  1012.684     1.975     0.063
        36     2.014     0.152     0.114     0.065   -10.869     1.007     0.053     5.368    16.313    49.655  1012.927     2.014     0.066
        37     2.054     0.155     0.119     0.068   -10.864     1.027     0.053     5.419    16.620    48.693  1013.166     2.054     0.069
        38     2.094     0.158     0.123     0.070   -10.859     1.047     0.053     5.470    16.922    47.749  1013.399     2.094     0.073
        39     2.136     0.161     0.128     0.073   -10.854     1.068     0.053     5.519    17.218    46.823  1013.628     2.136     0.077
        40     2.178     0.164     0.133     0.076   -10.848     1.089     0.053     5.568    17.508    45.915  1013.853     2.178     0.081
        41     2.221     0.167     0.138     0.078   -10.843     1.110     0.053     5.616    17.792    45.025  1014.073     2.221     0.085
        42     2.265     0.171     0.142     0.081   -10.837     1.132     0.053     5.662    18.070    44.151  1014.288     2.265     0.089
        43     2.310     0.174     0.148     0.084   -10.831     1.155     0.053     5.708    18.343    43.295  1014.499     2.310     0.093
        44     2.355     0.177     0.153     0.087   -10.826     1.178     0.053     5.753    18.611    42.454  1014.706     2.355     0.098
        45     2.402     0.181     0.158     0.090   -10.820     1.201     0.053     5.797    18.874    41.630  1014.909     2.402     0.102
        46     2.450     0.184     0.163     0.093   -10.814     1.225     0.053     5.840    19.131    40.822  1015.108     2.450     0.107
        47     2.498     0.188     0.169     0.096   -10.808     1.249     0.053     5.883    19.383    40.029  1015.302     2.498     0.112
        48     2.548     0.192     0.174     0.099   -10.801     1.274     0.053     5.924    19.631    39.252  1015.493     2.548     0.118
        49     2.598     0.195     0.180     0.102   -10.795     1.299     0.053     5.965    19.873    38.489  1015.680     2.598     0.123
        50     2.650     0.199     0.185     0.105   -10.789     1.325     0.053     6.005    20.111    37.741  1015.863     2.650     0.129
        51     2.702     0.203     0.191     0.109   -10.782     1.351     0.053     6.044    20.344    37.008  1016.043     2.702     0.135
        52     2.756     0.207     0.197     0.112   -10.775     1.378     0.053     6.082    20.573    36.288  1016.219     2.756     0.141
        53     2.810     0.211     0.203     0.115   -10.768     1.405     0.053     6.120    20.797    35.583  1016.391     2.810     0.147
        54     2.866     0.215     0.209     0.119   -10.761     1.433     0.053     6.157    21.017    34.891  1016.560     2.866     0.154
        55     2.923     0.220     0.216     0.122   -10.754     1.461     0.053     6.193    21.232    34.212  1016.726     2.923     0.161
        56     2.981     0.224     0.222     0.126   -10.747     1.490     0.053     6.228    21.443    33.547  1016.888     2.981     0.168
        57     3.040     0.228     0.229     0.129   -10.740     1.520     0.053     6.263    21.650    32.894  1017.047     3.040     0.175
        58     3.100     0.233     0.235     0.133   -10.732     1.550     0.053     6.297    21.853    32.254  1017.203     3.100     0.183
        59     3.162     0.237     0.242     0.137   -10.725     1.581     0.053     6.331    22.052    31.627  1017.356     3.162     0.191
        60     3.225     0.242     0.249     0.141   -10.717     1.612     0.053     6.363    22.247    31.011  1017.506     3.225     0.199
        61     3.289     0.247     0.256     0.145   -10.709     1.644     0.053     6.395    22.438    30.407  1017.653     3.289     0.208
        62     3.354     0.251     0.263     0.148   -10.701     1.677     0.053     6.427    22.626    29.815  1017.797     3.354     0.217
        63     3.421     0.256     0.271     0.153   -10.693     1.710     0.053     6.458    22.809    29.235  1017.938     3.421     0.226
        64     3.489     0.261     0.278     0.157   -10.684     1.744     0.053     6.488    22.990    28.665  1018.076     3.489     0.235
        65     3.558     0.266     0.286     0.161   -10.676     1.779     0.053     6.518    23.166    28.107  1018.211     3.558     0.245
        66     3.629     0.272     0.294     0.165   -10.667     1.814     0.053     6.547    23.340    27.560  1018.344     3.629     0.256
        67     3.701     0.277     0.302     0.169   -10.658     1.850     0.053     6.575    23.509    27.023  1018.474     3.701     0.266
        68     3.774     0.282     0.310     0.174   -10.649     1.887     0.053     6.603    23.676    26.496  1018.602     3.774     0.278
        69     3.849     0.288     0.318     0.178   -10.640     1.925     0.053     6.630    23.839    25.980  1018.727     3.849     0.289
        70     3.926     0.293     0.326     0.183   -10.631     1.963     0.053     6.657    23.999    25.473  1018.850     3.926     0.301
        71     4.004     0.299     0.335     0.187   -10.621     2.002     0.053     6.684    24.156    24.977  1018.970     4.004     0.314
        72     4.083     0.305     0.343     0.192   -10.612     2.042     0.053     6.709    24.310    24.490  1019.087     4.083     0.327
        73     4.164     0.311     0.352     0.197   -10.602     2.082     0.053     6.735    24.461    24.013  1019.203     4.164     0.340
        74     4.247     0.317     0.361     0.202   -10.592     2.124     0.053     6.760    24.608    23.544  1019.316     4.247     0.354
        75     4.332     0.323     0.370     0.207   -10.582     2.166     0.054     6.784    24.753    23.085  1019.427     4.332     0.368
        76     4.418     0.329     0.380     0.212   -10.571     2.209     0.054     6.808    24.895    22.635  1019.535     4.418     0.383
        77     4.506     0.335     0.389     0.217   -10.561     2.253     0.054     6.831    25.035    22.193  1019.642     4.506     0.399
        78     4.595     0.342     0.399     0.222   -10.550     2.298     0.054     6.854    25.171    21.760  1019.746     4.595     0.415
        79     4.687     0.349     0.409     0.227   -10.539     2.343     0.054     6.877    25.305    21.336  1019.849     4.687     0.431
        80     4.780     0.355     0.419     0.233   -10.528     2.390     0.054     6.899    25.436    20.920  1019.949     4.780     0.449
        81     4.875     0.362     0.429     0.238   -10.517     2.438     0.054     6.920    25.565    20.511  1020.047     4.875     0.467
        82     4.972     0.369     0.440     0.244   -10.505     2.486     0.054     6.941    25.691    20.111  1020.144     4.972     0.485
        83     5.071     0.376     0.450     0.249   -10.493     2.536     0.054     6.962    25.815    19.719  1020.238     5.071     0.505
        84     5.172     0.383     0.461     0.255   -10.481     2.586     0.054     6.982    25.936    19.334  1020.331     5.172     0.525
        85     5.275     0.391     0.472     0.261   -10.469     2.638     0.054     7.002    26.055    18.956  1020.422     5.275     0.545
        86     5.380     0.398     0.483     0.267   -10.457     2.690     0.054     7.022    26.172    18.586  1020.511     5.380     0.567
        87     5.487     0.406     0.495     0.273   -10.444     2.744     0.054     7.041    26.286    18.223  1020.598     5.487     0.589
        88     5.597     0.414     0.506     0.279   -10.431     2.798     0.054     7.060    26.398    17.868  1020.684     5.597     0.612
        89     5.708     0.422     0.518     0.285   -10.418     2.854     0.054     7.078    26.508    17.519  1020.767     5.708     0.636
        90     5.822     0.430     0.530     0.292   -10.405     2.911     0.054     7.096    26.616    17.177  1020.850     5.822     0.661
        91     5.938     0.438     0.542     0.298   -10.392     2.969     0.054     7.114    26.721    16.841  1020.930     5.938     0.686
        92     6.056     0.446     0.555     0.305   -10.378     3.028     0.054     7.132    26.825    16.512  1021.009     6.056     0.713
        93     6.177     0.455     0.567     0.311   -10.364     3.088     0.054     7.149    26.926    16.190  1021.087     6.177     0.740
        94     6.300     0.463     0.580     0.318   -10.350     3.150     0.054     7.165    27.026    15.873  1021.162     6.300     0.769
        95     6.425     0.472     0.594     0.325   -10.335     3.213     0.054     7.182    27.123    15.563  1021.237     6.425     0.798
        96     6.553     0.481     0.607     0.332   -10.320     3.277     0.054     7.198    27.219    15.259  1021.310     6.553     0.829
        97     6.684     0.490     0.620     0.339   -10.305     3.342     0.054     7.213    27.313    14.961  1021.381     6.684     0.860
        98     6.817     0.499     0.634     0.346   -10.290     3.409     0.054     7.229    27.404    14.669  1021.451     6.817     0.893
        99     6.953     0.509     0.648     0.353   -10.275     3.477     0.054     7.244    27.495    14.382  1021.520     6.953     0.927
       100     7.092     0.518     0.663     0.360   -10.259     3.546     0.054     7.259    27.583    14.101  1021.587     7.092     0.962
       101     7.233     0.528     0.677     0.368   -10.243     3.617     0.054     7.273    27.670    13.825  1021.653     7.233     0.998
       102     7.377     0.538     0.692     0.375   -10.226     3.689     0.054     7.288    27.754    13.555  1021.718     7.377     1.036
       103     7.524     0.548     0.707     0.383   -10.210     3.762     0.054     7.302    27.838    13.290  1021.782     7.524     1.075
       104     7.674     0.558     0.723     0.391   -10.193     3.837     0.054     7.315    27.919    13.030  1021.844     7.674     1.115
       105     7.827     0.569     0.738     0.399   -10.176     3.914     0.055     7.329    27.999    12.776  1021.905     7.827     1.157
       106     7.983     0.579     0.754     0.407   -10.158     3.992     0.055     7.342    28.078    12.526  1021.964     7.983     1.200
       107     8.143     0.590     0.770     0.415   -10.140     4.071     0.055     7.355    28.155    12.281  1022.023     8.143     1.244
       108     8.305     0.601     0.787     0.423   -10.122     4.153     0.055     7.367    28.230    12.041  1022.080     8.305     1.290
       109     8.471     0.612     0.803     0.432   -10.104     4.235     0.055     7.380    28.304    11.805  1022.137     8.471     1.338
       110     8.640     0.624     0.820     0.440   -10.085     4.320     0.055     7.392    28.376    11.575  1022.192     8.640     1.387
       111     8.812     0.635     0.838     0.449   -10.066     4.406     0.055     7.404    28.448    11.348  1022.246     8.812     1.438
       112     8.988     0.647     0.855     0.457   -10.047     4.494     0.055     7.416    28.517    11.126  1022.299     8.988     1.490
       113     9.167     0.659     0.873     0.466   -10.027     4.584     0.055     7.427    28.585    10.909  1022.351     9.167     1.545
       114     9.350     0.671     0.891     0.475   -10.007     4.675     0.055     7.438    28.652    10.695  1022.402     9.350     1.601
       115     9.536     0.683     0.910     0.484    -9.987     4.768     0.055     7.449    28.718    10.486  1022.452     9.536     1.659
       116     9.727     0.696     0.928     0.493    -9.966     4.863     0.055     7.460    28.782    10.281  1022.501     9.727     1.719
       117     9.921     0.708     0.948     0.502    -9.945     4.960     0.055     7.471    28.846    10.080  1022.549     9.921     1.781
       118    10.119     0.721     0.967     0.512    -9.923     5.059     0.055     7.481    28.907     9.883  1022.596    10.119     1.845
       119    10.321     0.734     0.987     0.521    -9.902     5.160     0.055     7.491    28.968     9.689  1022.642    10.321     1.911
       120    10.527     0.747     1.007     0.531    -9.879     5.263     0.055     7.501    29.027     9.500  1022.687    10.527     1.979
       121    10.737     0.761     1.027     0.541    -9.857     5.368     0.055     7.511    29.086     9.314  1022.732    10.737     2.050
       122    10.951     0.775     1.047     0.550    -9.834     5.475     0.055     7.521    29.143     9.132  1022.775    10.951     2.122
       123    11.169     0.789     1.068     0.560    -9.811     5.585     0.055     7.530    29.199     8.953  1022.818    11.169     2.197
       124    11.392     0.803     1.090     0.571    -9.787     5.696     0.055     7.539    29.254     8.778  1022.860    11.392     2.275
       125    11.620     0.817     1.111     0.581    -9.763     5.810     0.056     7.548    29.308     8.606  1022.901    11.620     2.355
       126    11.852     0.832     1.133     0.591    -9.738     5.926     0.056     7.557    29.360     8.438  1022.941    11.852     2.437
       127    12.088     0.846     1.156     0.601    -9.713     6.044     0.056     7.566    29.412     8.272  1022.980    12.088     2.522
       128    12.330     0.861     1.178     0.612    -9.688     6.165     0.056     7.574    29.463     8.111  1023.019    12.330     2.610
       129    12.576     0.877     1.201     0.623    -9.662     6.288     0.056     7.583    29.513     7.952  1023.057    12.576     2.700
       130    12.827     0.892     1.225     0.633    -9.636     6.413     0.056     7.591    29.561     7.796  1023.094    12.827     2.793
       131    13.083     0.908     1.248     0.644    -9.609     6.541     0.056     7.599    29.609     7.644  1023.130    13.083     2.890
       132    13.344     0.923     1.272     0.655    -9.582     6.672     0.056     7.607    29.656     7.494  1023.166    13.344     2.989
       133    13.610     0.940     1.297     0.666    -9.555     6.805     0.056     7.614    29.702     7.347  1023.201    13.610     3.090
       134    13.882     0.956     1.321     0.678    -9.527     6.941     0.056     7.622    29.747     7.203  1023.235    13.882     3.195
       135    14.159     0.972     1.346     0.689    -9.499     7.080     0.056     7.629    29.791     7.062  1023.269    14.159     3.303
       136    14.442     0.989     1.372     0.700    -9.470     7.221     0.056     7.637    29.835     6.924  1023.301    14.442     3.414
       137    14.730     1.006     1.397     0.712    -9.441     7.365     0.056     7.644    29.877     6.789  1023.334    14.730     3.528
       138    15.025     1.024     1.423     0.723    -9.411     7.512     0.056     7.651    29.919     6.656  1023.365    15.025     3.645
       139    15.325     1.041     1.450     0.735    -9.381     7.662     0.056     7.658    29.960     6.525  1023.396    15.325     3.765
       140    15.631     1.059     1.476     0.747    -9.351     7.815     0.057     7.664    30.000     6.398  1023.427    15.631     3.888
       141    15.943     1.077     1.503     0.758    -9.320     7.971     0.057     7.671    30.039     6.272  1023.457    15.943     4.015
       142    16.261     1.095     1.530     0.770    -9.289     8.131     0.057     7.677    30.077     6.150  1023.486    16.261     4.145
       143    16.586     1.114     1.558     0.782    -9.257     8.293     0.057     7.684    30.115     6.029  1023.515    16.586     4.278
       144    16.917     1.132     1.586     0.794    -9.225     8.459     0.057     7.690    30.152     5.911  1023.543    16.917     4.415
       145    17.255     1.151     1.614     0.806    -9.192     8.628     0.057     7.696    30.188     5.795  1023.570    17.255     4.555
       146    17.600     1.170     1.642     0.818    -9.160     8.800     0.057     7.702    30.224     5.682  1023.597    17.600     4.698
       147    17.951     1.190     1.671     0.830    -9.126     8.976     0.057     7.708    30.258     5.571  1023.624    17.951     4.845
       148    18.310     1.210     1.700     0.843    -9.092     9.155     0.057     7.713    30.293     5.462  1023.650    18.310     4.996
       149    18.676     1.230     1.729     0.855    -9.058     9.338     0.057     7.719    30.326     5.355  1023.675    18.676     5.150
       150    19.049     1.250     1.758     0.867    -9.024     9.524     0.057     7.725    30.359     5.250  1023.700    19.049     5.308
       151    19.429     1.270     1.788     0.880    -8.989     9.715     0.057     7.730    30.391     5.147  1023.724    19.429     5.470
       152    19.817     1.291     1.818     0.892    -8.953     9.909     0.058     7.735    30.423     5.046  1023.748    19.817     5.635
       153    20.213     1.312     1.849     0.904    -8.917    10.107     0.058     7.740    30.454     4.947  1023.772    20.213     5.804
       154    20.617     1.334     1.879     0.917    -8.881    10.308     0.058     7.746    30.484     4.850  1023.795    20.617     5.977
       155    21.029     1.355     1.910     0.929    -8.844    10.514     0.058     7.751    30.514     4.755  1023.818    21.029     6.154
       156    21.449     1.377     1.942     0.942    -8.807    10.724     0.058     7.755    30.543     4.662  1023.840    21.449     6.335
       157    21.877     1.399     1.973     0.954    -8.769    10.939     0.058     7.760    30.571     4.571  1023.861    21.877     6.520
       158    22.315     1.422     2.005     0.967    -8.731    11.157     0.058     7.765    30.599     4.481  1023.883    22.315     6.709
       159    22.760     1.444     2.037     0.979    -8.693    11.380     0.058     7.770    30.627     4.394  1023.904    22.760     6.902
       160    23.215     1.467     2.069     0.992    -8.654    11.608     0.058     7.774    30.654     4.308  1023.924    23.215     7.099
       161    23.679     1.490     2.102     1.005    -8.615    11.839     0.058     7.779    30.680     4.223  1023.944    23.679     7.301
       162    24.152     1.514     2.135     1.017    -8.575    12.076     0.058     7.783    30.706     4.140  1023.964    24.152     7.507
       163    24.635     1.538     2.168     1.030    -8.535    12.317     0.059     7.787    30.731     4.059  1023.983    24.635     7.716
       164    25.127     1.562     2.201     1.042    -8.494    12.563     0.059     7.791    30.756     3.980  1024.002    25.127     7.931
       165    25.629     1.586     2.235     1.055    -8.453    12.814     0.059     7.795    30.781     3.902  1024.020    25.629     8.149
       166    26.141     1.611     2.269     1.068    -8.411    13.071     0.059     7.799    30.805     3.825  1024.039    26.141     8.372
       167    26.663     1.636     2.303     1.080    -8.369    13.332     0.059     7.803    30.828     3.750  1024.056    26.663     8.600
       168    27.196     1.661     2.337     1.093    -8.327    13.598     0.059     7.807    30.851     3.677  1024.074    27.196     8.832
       169    27.740     1.687     2.372     1.106    -8.284    13.870     0.059     7.811    30.874     3.605  1024.091    27.740     9.069
       170    28.294     1.713     2.407     1.118    -8.241    14.147     0.059     7.815    30.896     3.534  1024.108    28.294     9.310
       171    28.859     1.739     2.442     1.131    -8.197    14.430     0.059     7.818    30.917     3.465  1024.124    28.859     9.556
       172    29.436     1.765     2.478     1.144    -8.153    14.718     0.060     7.822    30.938     3.397  1024.140    29.436     9.806
       173    30.024     1.792     2.513     1.156    -8.108    15.012     0.060     7.825    30.959     3.331  1024.156    30.024    10.062
       174    30.624     1.819     2.549     1.169    -8.063    15.312     0.060     7.829    30.980     3.265  1024.172    30.624    10.322
       175    31.236     1.847     2.586     1.181    -8.017    15.618     0.060     7.832    31.000     3.201  1024.187    31.236    10.587
       176    31.861     1.874     2.622     1.194    -7.971    15.930     0.060     7.835    31.019     3.139  1024.202    31.861    10.857
       177    32.497     1.902     2.659     1.206    -7.925    16.249     0.060     7.839    31.039     3.077  1024.216    32.497    11.132
       178    33.147     1.931     2.696     1.219    -7.878    16.573     0.060     7.842    31.057     3.017  1024.231    33.147    11.412
       179    33.809     1.959     2.733     1.231    -7.830    16.905     0.060     7.845    31.076     2.958  1024.245    33.809    11.697
       180    34.485     1.988     2.771     1.244    -7.782    17.243     0.060     7.848    31.094     2.900  1024.258    34.485    11.987
       181    35.174     2.018     2.809     1.256    -7.734    17.587     0.061     7.851    31.112     2.843  1024.272    35.174    12.283
       182    35.877     2.048     2.847     1.269    -7.685    17.939     0.061     7.854    31.129     2.787  1024.285    35.877    12.583
       183    36.594     2.078     2.885     1.281    -7.636    18.297     0.061     7.857    31.146     2.733  1024.298    36.594    12.889
       184    37.326     2.108     2.924     1.294    -7.586    18.663     0.061     7.860    31.163     2.679  1024.311    37.326    13.200
       185    38.072     2.139     2.963     1.306    -7.536    19.036     0.061     7.862    31.179     2.627  1024.323    38.072    13.517
       186    38.833     2.170     3.002     1.318    -7.485    19.416     0.061     7.865    31.196     2.575  1024.336    38.833    13.839
       187    39.609     2.201     3.042     1.330    -7.434    19.805     0.061     7.868    31.211     2.525  1024.347    39.609    14.166
       188    40.401     2.233     3.082     1.343    -7.383    20.200     0.061     7.870    31.227     2.475  1024.359    40.401    14.499
       189    41.208     2.265     3.122     1.355    -7.330    20.604     0.062     7.873    31.242     2.427  1024.371    41.208    14.838
       190    42.032     2.298     3.162     1.367    -7.278    21.016     0.062     7.875    31.257     2.379  1024.382    42.032    15.182
       191    42.872     2.331     3.203     1.379    -7.225    21.436     0.062     7.878    31.271     2.333  1024.393    42.872    15.533
       192    43.729     2.364     3.244     1.391    -7.171    21.865     0.062     7.880    31.286     2.287  1024.404    43.729    15.888
       193    44.603     2.398     3.285     1.403    -7.117    22.302     0.062     7.882    31.300     2.242  1024.415    44.603    16.250
       194    45.495     2.432     3.327     1.415    -7.063    22.747     0.062     7.885    31.313     2.198  1024.425    45.495    16.618
       195    46.404     2.466     3.369     1.427    -7.008    23.202     0.062     7.887    31.327     2.155  1024.435    46.404    16.991
       196    47.332     2.501     3.411     1.439    -6.953    23.666     0.062     7.889    31.340     2.113  1024.445    47.332    17.371
       197    48.278     2.536     3.453     1.451    -6.897    24.139     0.063     7.891    31.353     2.071  1024.455    48.278    17.756
       198    49.243     2.572     3.496     1.462    -6.840    24.622     0.063     7.894    31.366     2.031  1024.465    49.243    18.148
       199    50.228     2.607     3.539     1.474    -6.783    25.114     0.063     7.896    31.378     1.991  1024.474    50.228    18.546
       200    51.232     2.644     3.583     1.486    -6.726    25.616     0.063     7.898    31.390     1.952  1024.483    51.232    18.950
       201    52.256     2.681     3.626     1.498    -6.668    26.128     0.063     7.900    31.402     1.914  1024.492    52.256    19.361
       202    53.301     2.718     3.670     1.509    -6.610    26.650     0.063     7.902    31.414     1.876  1024.501    53.301    19.778
       203    54.366     2.755     3.715     1.521    -6.551    27.183     0.063     7.904    31.425     1.839  1024.510    54.366    20.201
       204    55.453     2.794     3.759     1.532    -6.492    27.727     0.064     7.905    31.437     1.803  1024.519    55.453    20.631
       205    56.562     2.832     3.805     1.544    -6.432    28.281     0.064     7.907    31.448     1.768  1024.527    56.562    21.067
       206    57.692     2.871     3.850     1.555    -6.372    28.846     0.064     7.909    31.459     1.733  1024.535    57.692    21.510
       207    58.846     2.910     3.896     1.566    -6.311    29.423     0.064     7.911    31.469     1.699  1024.543    58.846    21.960
       208    60.022     2.950     3.942     1.578    -6.250    30.011     0.064     7.913    31.480     1.666  1024.551    60.022    22.417
       209    61.222     2.990     3.988     1.589    -6.188    30.611     0.064     7.914    31.490     1.633  1024.559    61.222    22.880
       210    62.446     3.031     4.035     1.600    -6.126    31.223     0.065     7.916    31.500     1.601  1024.567    62.446    23.351
       211    63.695     3.072     4.082     1.611    -6.063    31.847     0.065     7.918    31.510     1.570  1024.574    63.695    23.828
       212    64.968     3.114     4.130     1.622    -6.000    32.484     0.065     7.919    31.519     1.539  1024.581    64.968    24.312
       213    66.267     3.156     4.178     1.633    -5.936    33.134     0.065     7.921    31.529     1.509  1024.588    66.267    24.804
       214    67.592     3.198     4.226     1.644    -5.872    33.796     0.065     7.922    31.538     1.479  1024.595    67.592    25.303
       215    68.943     3.241     4.275     1.655    -5.807    34.472     0.065     7.924    31.547     1.450  1024.602    68.943    25.809
       216    70.322     3.285     4.324     1.666    -5.742    35.161     0.065     7.925    31.556     1.422  1024.609    70.322    26.322
       217    71.728     3.329     4.374     1.676    -5.676    35.864     0.066     7.927    31.565     1.394  1024.616    71.728    26.843
       218    73.162     3.373     4.423     1.687    -5.610    36.581     0.066     7.928    31.573     1.367  1024.622    73.162    27.371
       219    74.625     3.418     4.474     1.698    -5.543    37.312     0.066     7.930    31.581     1.340  1024.629    74.625    27.907
       220    76.117     3.463     4.525     1.708    -5.475    38.058     0.066     7.931    31.590     1.314  1024.635    76.117    28.450
       221    77.638     3.509     4.576     1.719    -5.408    38.819     0.066     7.932    31.598     1.288  1024.641    77.638    29.001
       222    79.191     3.556     4.627     1.729    -5.339    39.595     0.066     7.934    31.606     1.263  1024.647    79.191    29.560
       223    80.774     3.603     4.679     1.740    -5.271    40.387     0.067     7.935    31.613     1.238  1024.653    80.774    30.127
       224    82.389     3.650     4.732     1.750    -5.201    41.195     0.067     7.936    31.621     1.214  1024.658    82.389    30.702
       225    84.036     3.698     4.785     1.760    -5.132    42.018     0.067     7.938    31.628     1.190  1024.664    84.036    31.285
       226    85.717     3.747     4.838     1.770    -5.061    42.858     0.067     7.939    31.636     1.167  1024.670    85.717    31.876
       227    87.431     3.796     4.892     1.781    -4.990    43.715     0.067     7.940    31.643     1.144  1024.675    87.431    32.475
       228    89.179     3.846     4.947     1.791    -4.919    44.589     0.068     7.941    31.650     1.121  1024.680    89.179    33.082
       229    90.962     3.896     5.001     1.801    -4.847    45.481     0.068     7.942    31.657     1.099  1024.686    90.962    33.698
       230    92.781     3.947     5.057     1.811    -4.775    46.390     0.068     7.944    31.663     1.078  1024.691    92.781    34.322
       231    94.636     3.998     5.113     1.821    -4.702    47.318     0.068     7.945    31.670     1.057  1024.696    94.636    34.954
       232    96.528     4.050     5.169     1.830    -4.629    48.264     0.068     7.946    31.676     1.036  1024.701    96.528    35.596
       233    98.458     4.102     5.226     1.840    -4.555    49.229     0.068     7.947    31.683     1.016  1024.705    98.458    36.245
       234   100.427     4.155     5.283     1.850    -4.480    50.213     0.069     7.948    31.689     0.996  1024.710   100.427    36.904
       235   102.435     4.209     5.341     1.860    -4.406    51.217     0.069     7.949    31.695     0.976  1024.715   102.435    37.571
       236   104.483     4.263     5.399     1.869    -4.330    52.242     0.069     7.950    31.701     0.957  1024.719   104.483    38.248
       237   106.572     4.318     5.458     1.879    -4.254    53.286     0.069     7.951    31.707     0.938  1024.724   106.572    38.933
       238   108.703     4.373     5.518     1.888    -4.178    54.352     0.069     7.952    31.713     0.920  1024.728   108.703    39.628
       239   110.877     4.429     5.578     1.898    -4.101    55.438     0.070     7.953    31.718     0.902  1024.732   110.877    40.331
       240   113.094     4.486     5.639     1.907    -4.024    56.547     0.070     7.954    31.724     0.884  1024.737   113.094    41.044
       241   115.355     4.543     5.700     1.916    -3.946    57.678     0.070     7.955    31.729     0.867  1024.741   115.355    41.766
       242   117.662     4.601     5.762     1.925    -3.867    58.831     0.070     7.955    31.735     0.850  1024.745   117.662    42.498
       243   120.015     4.660     5.824     1.934    -3.789    60.007     0.071     7.958    31.740     0.833  1024.748   120.015    43.237
       244   122.415     4.720     5.886     1.943    -3.710    61.207     0.072     7.964    31.745     0.817  1024.752   122.415    43.982
       245   124.863     4.784     5.949     1.952    -3.632    62.431     0.072     7.973    31.750     0.801  1024.754   124.863    44.731
       246   127.360     4.850     6.012     1.961    -3.555    63.680     0.073     7.985    31.755     0.785  1024.756   127.360    45.481
       247   129.907     4.920     6.074     1.970    -3.479    64.953     0.073     8.000    31.760     0.770  1024.758   129.907    46.231
       248   132.505     4.993     6.137     1.978    -3.404    66.252     0.074     8.018    31.764     0.755  1024.759   132.505    46.982
       249   135.155     5.069     6.199     1.986    -3.330    67.577     0.074     8.038    31.769     0.740  1024.760   135.155    47.733
       250   137.648     5.144     6.256     1.994    -3.263    68.824     0.075     8.059    31.773     0.726  1024.760   137.648    48.426
---------------------------- Plume traps -----------------------------
       251   139.931     5.216     6.307     2.000    -3.205    69.965     0.076     8.079    31.777     0.715  1024.760   139.931    49.042
       252   142.017     5.283     6.352     2.006    -3.154    71.009     0.076     8.100    31.780     0.704  1024.760   142.017    49.591
       253   143.952     5.346     6.393     2.011    -3.108    71.976     0.076     8.120    31.783     0.695  1024.759   143.952    50.088
       254   145.770     5.405     6.431     2.016    -3.067    72.885     0.077     8.140    31.786     0.686  1024.758   145.770    50.546
       255   147.499     5.462     6.466     2.020    -3.029    73.750     0.077     8.159    31.788     0.678  1024.758   147.499    50.976
       256   149.157     5.517     6.500     2.024    -2.993    74.579     0.077     8.178    31.791     0.670  1024.757   149.157    51.382
       257   150.757     5.571     6.532     2.028    -2.960    75.378     0.078     8.197    31.793     0.663  1024.756   150.757    51.768
------------------------- merging happened ---------------------------
       258   152.306     5.623     6.562     2.031    -2.928    76.153     0.078     8.215    31.795     0.657  1024.755   152.306    52.138
       259   153.668     5.672     6.591     2.035    -2.899    76.153     0.078     8.232    31.797     0.651  1024.754   153.668    52.494
       260   155.017     5.722     6.621     2.038    -2.869    76.326     0.078     8.248    31.799     0.645  1024.753   155.017    52.859
       261   156.331     5.774     6.651     2.042    -2.839    77.135     0.078     8.265    31.800     0.640  1024.752   156.331    53.220
       262   157.626     5.828     6.680     2.045    -2.811    77.943     0.079     8.281    31.802     0.634  1024.750   157.626    53.574
       263   158.845     5.881     6.708     2.048    -2.784    78.717     0.079     8.297    31.803     0.630  1024.749   158.845    53.917
       264   160.015     5.935     6.736     2.051    -2.758    79.469     0.079     8.312    31.805     0.625  1024.748   160.015    54.255
       265   161.123     5.987     6.763     2.055    -2.732    80.191     0.079     8.326    31.806     0.621  1024.747   161.123    54.588
       266   162.186     6.039     6.790     2.058    -2.707    80.892     0.080     8.341    31.807     0.617  1024.746   162.186    54.918
       267   163.197     6.091     6.816     2.060    -2.683    81.569     0.080     8.354    31.809     0.613  1024.745   163.197    55.243
       268   164.164     6.142     6.843     2.063    -2.659    82.224     0.080     8.367    31.810     0.609  1024.744   164.164    55.565
       269   165.084     6.193     6.869     2.066    -2.637    82.857     0.080     8.380    31.811     0.606  1024.743   165.084    55.882
       270   165.961     6.243     6.894     2.069    -2.614    83.469     0.080     8.392    31.812     0.603  1024.742   165.961    56.195
       271   166.796     6.292     6.920     2.072    -2.593    84.059     0.080     8.404    31.813     0.600  1024.741   166.796    56.504
       272   167.592     6.340     6.945     2.074    -2.571    84.629     0.081     8.415    31.814     0.597  1024.740   167.592    56.809
       273   168.349     6.388     6.969     2.077    -2.551    85.180     0.081     8.426    31.815     0.594  1024.739   168.349    57.109
       274   169.069     6.435     6.993     2.080    -2.531    85.712     0.081     8.436    31.815     0.591  1024.738   169.069    57.405
---------------------------- Plume surfaces --------------------------
       275   169.754     6.481     7.017     2.082    -2.512    86.225     0.081     8.446    31.816     0.589  1024.737   169.754    57.696
-------------------- Starting Farfield Calculations --------------------
Farfield dispersion based on wastefield width of :      96.29 (m)
4/3 Power Law based Eddy Diffusivity is used:
  Dilution     Width  Distance      Time     Conc.    Bckgrd
        ()       (m)       (m)    (hrs.)    (mg/L)    (mg/L)
   169.754    97.242     7.320     0.016     0.589     0.000
   169.754    97.473     8.000     0.020     0.575     0.000
   169.754    97.813     9.000     0.026     0.575     0.000
   169.754    98.153    10.000     0.031     0.575     0.000
   169.754    98.494    11.000     0.037     0.575     0.000
   169.754    98.836    12.000     0.043     0.575     0.000
   169.754    99.172    13.000     0.048     0.575     0.000
   169.754    99.510    14.000     0.054     0.575     0.000
   169.754    99.847    15.000     0.060     0.575     0.000
   169.754   100.185    16.000     0.065     0.575     0.000
   169.754   100.523    17.000     0.071     0.575     0.000
   169.754   100.860    18.000     0.076     0.575     0.000
   169.754   101.197    19.000     0.082     0.575     0.000
   169.754   101.535    20.000     0.088     0.575     0.000
   169.754   101.873    21.000     0.093     0.575     0.000
   169.755   102.211    22.000     0.099     0.575     0.000
   169.755   102.549    23.000     0.104     0.575     0.000
   169.755   102.888    24.000     0.110     0.575     0.000
   169.756   103.227    25.000     0.115     0.575     0.000
   169.756   103.566    26.000     0.121     0.575     0.000
   169.758   103.905    27.000     0.127     0.575     0.000
   169.759   104.245    28.000     0.132     0.575     0.000
   169.762   104.585    29.000     0.138     0.575     0.000
   169.765   104.925    30.000     0.143     0.575     0.000
   169.769   105.266    31.000     0.149     0.575     0.000
   169.775   105.606    32.000     0.154     0.575     0.000
   169.782   105.948    33.000     0.160     0.575     0.000
   169.790   106.289    34.000     0.166     0.575     0.000
   169.801   106.631    35.000     0.171     0.575     0.000
   169.813   106.973    36.000     0.177     0.575     0.000
   169.828   107.315    37.000     0.182     0.575     0.000
   169.845   107.658    38.000     0.188     0.575     0.000
   169.865   108.001    39.000     0.193     0.575     0.000
   169.888   108.345    40.000     0.199     0.575     0.000
   169.914   108.688    41.000     0.205     0.575     0.000
   169.943   109.032    42.000     0.210     0.574     0.000
   169.976   109.377    43.000     0.216     0.574     0.000
   170.013   109.721    44.000     0.221     0.574     0.000
   170.054   110.067    45.000     0.227     0.574     0.000
   170.099   110.412    46.000     0.232     0.574     0.000
   170.148   110.757    47.000     0.238     0.574     0.000
   170.201   111.103    48.000     0.243     0.574     0.000
   170.259   111.450    49.000     0.249     0.574     0.000
   170.321   111.796    50.000     0.255     0.574     0.000
   170.388   112.143    51.000     0.260     0.573     0.000
   170.460   112.491    52.000     0.266     0.573     0.000
   170.536   112.838    53.000     0.271     0.573     0.000
   170.618   113.186    54.000     0.277     0.573     0.000
   170.704   113.534    55.000     0.282     0.573     0.000
   170.795   113.883    56.000     0.288     0.572     0.000
   170.892   114.231    57.000     0.293     0.572     0.000
   170.993   114.581    58.000     0.299     0.572     0.000
   171.100   114.930    59.000     0.304     0.572     0.000
   171.212   115.280    60.000     0.310     0.572     0.000
   171.329   115.630    61.000     0.316     0.570     0.000
   171.450   115.980    62.000     0.321     0.570     0.000
   171.577   116.331    63.000     0.327     0.570     0.000
   171.710   116.682    64.000     0.332     0.570     0.000
   171.847   117.034    65.000     0.338     0.570     0.000
   171.989   117.385    66.000     0.343     0.568     0.000
   172.136   117.737    67.000     0.349     0.568     0.000
   172.288   118.090    68.000     0.354     0.568     0.000
   172.445   118.442    69.000     0.360     0.568     0.000
   172.607   118.795    70.000     0.365     0.568     0.000
   172.774   119.148    71.000     0.371     0.565     0.000
   172.946   119.502    72.000     0.377     0.565     0.000
   173.122   119.856    73.000     0.382     0.565     0.000
   173.303   120.210    74.000     0.388     0.565     0.000
   173.489   120.565    75.000     0.393     0.565     0.000
   173.680   120.920    76.000     0.399     0.563     0.000
   173.875   121.275    77.000     0.404     0.563     0.000
   174.074   121.630    78.000     0.410     0.563     0.000
   174.278   121.986    79.000     0.415     0.563     0.000
   174.487   122.342    80.000     0.421     0.563     0.000
   174.700   122.699    81.000     0.426     0.560     0.000
   174.917   123.055    82.000     0.432     0.560     0.000
   175.138   123.412    83.000     0.437     0.560     0.000
   175.363   123.770    84.000     0.443     0.560     0.000
   175.593   124.128    85.000     0.449     0.556     0.000
   175.827   124.486    86.000     0.454     0.556     0.000
   176.064   124.844    87.000     0.460     0.556     0.000
   176.306   125.203    88.000     0.465     0.556     0.000
   176.551   125.562    89.000     0.471     0.556     0.000
   176.800   125.921    90.000     0.476     0.553     0.000
   177.053   126.281    91.000     0.482     0.553     0.000
   177.310   126.640    92.000     0.487     0.553     0.000
   177.571   127.001    93.000     0.493     0.553     0.000
   177.835   127.361    94.000     0.498     0.553     0.000
   178.102   127.722    95.000     0.504     0.549     0.000
   178.373   128.083    96.000     0.509     0.549     0.000
   178.648   128.445    97.000     0.515     0.549     0.000
   178.925   128.807    98.000     0.521     0.549     0.000
   179.207   129.169    99.000     0.526     0.549     0.000
   179.491   129.532   100.000     0.532     0.545     0.000
   179.779   129.894   101.000     0.537     0.545     0.000
............................. Reached Chronic Mixing Zone ..........................
   180.070   130.258   102.000     0.543     0.545     0.000
   180.364   130.621   103.000     0.548     0.545     0.000
   180.661   130.985   104.000     0.554     0.545     0.000
   180.961   131.349   105.000     0.559     0.541     0.000
   181.264   131.713   106.000     0.565     0.541     0.000
   181.570   132.078   107.000     0.570     0.541     0.000
   181.879   132.443   108.000     0.576     0.541     0.000
   182.190   132.809   109.000     0.581     0.541     0.000
   182.505   133.174   110.000     0.587     0.536     0.000
   182.822   133.540   111.000     0.592     0.536     0.000
   183.142   133.907   112.000     0.598     0.536     0.000
   183.465   134.273   113.000     0.603     0.536     0.000
   183.790   134.641   114.000     0.609     0.536     0.000
   184.118   135.008   115.000     0.615     0.532     0.000
   184.449   135.375   116.000     0.620     0.532     0.000
   184.782   135.743   117.000     0.626     0.532     0.000
   185.117   136.112   118.000     0.631     0.532     0.000
   185.455   136.480   119.000     0.637     0.532     0.000
   185.796   136.849   120.000     0.642     0.527     0.000
   186.138   137.218   121.000     0.648     0.527     0.000
   186.483   137.588   122.000     0.653     0.527     0.000
   186.831   137.958   123.000     0.659     0.527     0.000
   187.180   138.328   124.000     0.664     0.523     0.000
   187.532   138.699   125.000     0.670     0.523     0.000
   187.886   139.070   126.000     0.675     0.523     0.000
   188.242   139.441   127.000     0.681     0.523     0.000
   188.600   139.812   128.000     0.686     0.523     0.000
   188.961   140.184   129.000     0.692     0.518     0.000
   189.323   140.556   130.000     0.697     0.518     0.000
   189.688   140.929   131.000     0.703     0.518     0.000
   190.054   141.301   132.000     0.708     0.518     0.000
   190.423   141.674   133.000     0.714     0.518     0.000
   190.793   142.048   134.000     0.719     0.513     0.000
   191.166   142.422   135.000     0.725     0.513     0.000
   191.540   142.796   136.000     0.731     0.513     0.000
   191.916   143.170   137.000     0.736     0.513     0.000
   192.294   143.545   138.000     0.742     0.513     0.000
   192.674   143.920   139.000     0.747     0.508     0.000
   193.056   144.295   140.000     0.753     0.508     0.000
   193.439   144.671   141.000     0.758     0.508     0.000
   193.824   145.047   142.000     0.764     0.508     0.000
   194.211   145.423   143.000     0.769     0.508     0.000
   194.600   145.800   144.000     0.775     0.503     0.000
   194.990   146.176   145.000     0.780     0.503     0.000
   195.382   146.554   146.000     0.786     0.503     0.000
   195.776   146.931   147.000     0.791     0.503     0.000
   196.171   147.309   148.000     0.797     0.503     0.000
   196.568   147.687   149.000     0.802     0.499     0.000
   196.966   148.066   150.000     0.808     0.499     0.000
   197.366   148.445   151.000     0.813     0.499     0.000
   197.767   148.824   152.000     0.819     0.499     0.000
   198.170   149.203   153.000     0.824     0.499     0.000
   198.575   149.583   154.000     0.830     0.494     0.000
   198.981   149.963   155.000     0.835     0.494     0.000
   199.388   150.344   156.000     0.841     0.494     0.000
   199.797   150.724   157.000     0.847     0.494     0.000
   200.207   151.105   158.000     0.852     0.494     0.000
   200.619   151.487   159.000     0.858     0.489     0.000
   201.032   151.869   160.000     0.863     0.489     0.000
   201.447   152.251   161.000     0.869     0.489     0.000
   201.862   152.633   162.000     0.874     0.489     0.000
   202.280   153.015   163.000     0.880     0.489     0.000
   202.698   153.398   164.000     0.885     0.484     0.000
   203.118   153.782   165.000     0.891     0.484     0.000
   203.539   154.165   166.000     0.896     0.484     0.000
   203.961   154.549   167.000     0.902     0.484     0.000
   204.385   154.933   168.000     0.907     0.479     0.000
   204.810   155.318   169.000     0.913     0.479     0.000
   205.236   155.703   170.000     0.918     0.479     0.000
   205.664   156.088   171.000     0.924     0.479     0.000
   206.092   156.473   172.000     0.929     0.479     0.000
   206.522   156.859   173.000     0.935     0.475     0.000
   206.953   157.245   174.000     0.940     0.475     0.000
   207.385   157.632   175.000     0.946     0.475     0.000
   207.818   158.019   176.000     0.951     0.475     0.000
   208.253   158.406   177.000     0.957     0.475     0.000
   208.689   158.793   178.000     0.962     0.470     0.000
   209.125   159.181   179.000     0.968     0.470     0.000
   209.563   159.569   180.000     0.974     0.470     0.000
   210.002   159.957   181.000     0.979     0.470     0.000
   210.442   160.346   182.000     0.985     0.470     0.000
   210.883   160.734   183.000     0.990     0.465     0.000
   211.326   161.124   184.000     0.996     0.465     0.000
   211.769   161.513   185.000     1.001     0.465     0.000
   212.213   161.903   186.000     1.007     0.465     0.000
   212.659   162.293   187.000     1.012     0.465     0.000
   213.105   162.684   188.000     1.018     0.461     0.000
   213.552   163.075   189.000     1.023     0.461     0.000
   214.001   163.466   190.000     1.029     0.461     0.000
   214.450   163.857   191.000     1.034     0.461     0.000
   214.901   164.249   192.000     1.040     0.461     0.000
   215.352   164.641   193.000     1.045     0.456     0.000
   215.804   165.033   194.000     1.051     0.456     0.000
   216.258   165.426   195.000     1.056     0.456     0.000
   216.712   165.819   196.000     1.062     0.456     0.000
   217.167   166.212   197.000     1.067     0.456     0.000
   217.624   166.606   198.000     1.073     0.451     0.000
   218.081   167.000   199.000     1.078     0.451     0.000
   218.539   167.394   200.000     1.084     0.451     0.000
   218.998   167.788   201.000     1.089     0.451     0.000
   219.458   168.183   202.000     1.095     0.451     0.000
   219.918   168.578   203.000     1.101     0.447     0.000
   220.380   168.974   204.000     1.106     0.447     0.000
   220.843   169.370   205.000     1.112     0.447     0.000
   221.306   169.766   206.000     1.117     0.447     0.000
   221.770   170.162   207.000     1.123     0.447     0.000
   222.235   170.559   208.000     1.128     0.442     0.000
   222.701   170.956   209.000     1.134     0.442     0.000
   223.168   171.353   210.000     1.139     0.442     0.000
   223.636   171.751   211.000     1.145     0.442     0.000
   224.105   172.149   212.000     1.150     0.438     0.000
   224.574   172.547   213.000     1.156     0.438     0.000
   225.044   172.946   214.000     1.161     0.438     0.000
   225.515   173.344   215.000     1.167     0.438     0.000
   225.987   173.744   216.000     1.172     0.438     0.000
   226.460   174.143   217.000     1.178     0.434     0.000
   226.933   174.543   218.000     1.183     0.434     0.000
   227.407   174.943   219.000     1.189     0.434     0.000
   227.882   175.343   220.000     1.194     0.434     0.000
   228.358   175.744   221.000     1.200     0.434     0.000
   228.835   176.145   222.000     1.205     0.429     0.000
   229.312   176.546   223.000     1.211     0.429     0.000
   229.790   176.948   224.000     1.216     0.429     0.000
   230.269   177.350   225.000     1.222     0.429     0.000
   230.749   177.752   226.000     1.228     0.429     0.000
   231.229   178.154   227.000     1.233     0.425     0.000
   231.710   178.557   228.000     1.239     0.425     0.000
   232.192   178.960   229.000     1.244     0.425     0.000
   232.675   179.364   230.000     1.250     0.425     0.000
   233.158   179.768   231.000     1.255     0.425     0.000
   233.642   180.172   232.000     1.261     0.421     0.000
   234.127   180.576   233.000     1.266     0.421     0.000
   234.612   180.981   234.000     1.272     0.421     0.000
   235.099   181.385   235.000     1.277     0.421     0.000
   235.586   181.791   236.000     1.283     0.421     0.000
   236.073   182.196   237.000     1.288     0.417     0.000
   236.562   182.602   238.000     1.294     0.417     0.000
   237.051   183.008   239.000     1.299     0.417     0.000
   237.540   183.415   240.000     1.305     0.417     0.000
   238.031   183.822   241.000     1.310     0.417     0.000
   238.522   184.229   242.000     1.316     0.413     0.000
   239.013   184.636   243.000     1.321     0.413     0.000
   239.506   185.044   244.000     1.327     0.413     0.000
   239.999   185.452   245.000     1.332     0.413     0.000
   240.493   185.860   246.000     1.338     0.413     0.000
   240.987   186.268   247.000     1.343     0.408     0.000
   241.482   186.677   248.000     1.349     0.408     0.000
   241.978   187.086   249.000     1.355     0.408     0.000
   242.474   187.496   250.000     1.360     0.408     0.000
   242.971   187.906   251.000     1.366     0.408     0.000
   243.469   188.316   252.000     1.371     0.404     0.000
   243.967   188.726   253.000     1.377     0.404     0.000
   244.466   189.137   254.000     1.382     0.404     0.000
   244.966   189.548   255.000     1.388     0.404     0.000
   245.466   189.959   256.000     1.393     0.404     0.000
   245.967   190.371   257.000     1.399     0.401     0.000
   246.468   190.782   258.000     1.404     0.401     0.000
   246.970   191.195   259.000     1.410     0.401     0.000
   247.473   191.607   260.000     1.415     0.401     0.000
   247.976   192.020   261.000     1.421     0.397     0.000
   248.480   192.433   262.000     1.426     0.397     0.000
   248.984   192.846   263.000     1.432     0.397     0.000
   249.489   193.260   264.000     1.437     0.397     0.000
   249.995   193.674   265.000     1.443     0.397     0.000
   250.501   194.088   266.000     1.448     0.393     0.000
   251.008   194.503   267.000     1.454     0.393     0.000
   251.516   194.917   268.000     1.459     0.393     0.000
   252.024   195.333   269.000     1.465     0.393     0.000
   252.532   195.748   270.000     1.471     0.393     0.000
   253.042   196.164   271.000     1.476     0.389     0.000
   253.552   196.580   272.000     1.482     0.389     0.000
   254.062   196.996   273.000     1.487     0.389     0.000
   254.573   197.413   274.000     1.493     0.389     0.000
   255.084   197.830   275.000     1.498     0.389     0.000
   255.597   198.247   276.000     1.504     0.385     0.000
   256.109   198.664   277.000     1.509     0.385     0.000
   256.623   199.082   278.000     1.515     0.385     0.000
   257.136   199.500   279.000     1.520     0.385     0.000
   257.651   199.919   280.000     1.526     0.385     0.000
   258.166   200.337   281.000     1.531     0.382     0.000
   258.681   200.756   282.000     1.537     0.382     0.000
   259.197   201.175   283.000     1.542     0.382     0.000
   259.714   201.595   284.000     1.548     0.382     0.000
   260.231   202.015   285.000     1.553     0.382     0.000
   260.749   202.435   286.000     1.559     0.378     0.000
   261.267   202.855   287.000     1.564     0.378     0.000
   261.786   203.276   288.000     1.570     0.378     0.000
   262.305   203.697   289.000     1.575     0.378     0.000
   262.825   204.119   290.000     1.581     0.378     0.000
   263.345   204.540   291.000     1.586     0.374     0.000
   263.866   204.962   292.000     1.592     0.374     0.000
   264.387   205.384   293.000     1.598     0.374     0.000
   264.909   205.807   294.000     1.603     0.374     0.000
   265.432   206.229   295.000     1.609     0.374     0.000
   265.955   206.653   296.000     1.614     0.371     0.000
   266.478   207.076   297.000     1.620     0.371     0.000
   267.003   207.500   298.000     1.625     0.371     0.000
   267.527   207.924   299.000     1.631     0.371     0.000
   268.052   208.348   300.000     1.636     0.371     0.000
   268.578   208.772   301.000     1.642     0.367     0.000
   269.104   209.197   302.000     1.647     0.367     0.000
   269.631   209.622   303.000     1.653     0.367     0.000
   270.158   210.048   304.000     1.658     0.367     0.000
   270.685   210.473   305.000     1.664     0.364     0.000
   271.214   210.899   306.000     1.669     0.364     0.000
   271.742   211.325   307.000     1.675     0.364     0.000
   272.271   211.752   308.000     1.680     0.364     0.000
   272.801   212.179   309.000     1.686     0.364     0.000
   273.331   212.606   310.000     1.691     0.360     0.000
   273.862   213.033   311.000     1.697     0.360     0.000
   274.393   213.461   312.000     1.702     0.360     0.000
   274.925   213.889   313.000     1.708     0.360     0.000
   275.457   214.317   314.000     1.714     0.360     0.000
   275.990   214.746   315.000     1.719     0.357     0.000
   276.523   215.175   316.000     1.725     0.357     0.000
   277.056   215.604   317.000     1.730     0.357     0.000
   277.591   216.033   318.000     1.736     0.357     0.000
   278.125   216.463   319.000     1.741     0.357     0.000
   278.660   216.893   320.000     1.747     0.354     0.000
   279.196   217.323   321.000     1.752     0.354     0.000
   279.732   217.754   322.000     1.758     0.354     0.000
   280.268   218.185   323.000     1.763     0.354     0.000
   280.805   218.616   324.000     1.769     0.354     0.000
   281.343   219.047   325.000     1.774     0.351     0.000
   281.881   219.479   326.000     1.780     0.351     0.000
   282.419   219.911   327.000     1.785     0.351     0.000
   282.958   220.343   328.000     1.791     0.351     0.000
   283.498   220.776   329.000     1.796     0.351     0.000
   284.037   221.209   330.000     1.802     0.347     0.000
   284.578   221.642   331.000     1.807     0.347     0.000
   285.118   222.075   332.000     1.813     0.347     0.000
   285.660   222.509   333.000     1.818     0.347     0.000
   286.201   222.943   334.000     1.824     0.347     0.000
   286.744   223.377   335.000     1.830     0.344     0.000
   287.286   223.812   336.000     1.835     0.344     0.000
   287.829   224.247   337.000     1.841     0.344     0.000
   288.373   224.682   338.000     1.846     0.344     0.000
   288.917   225.117   339.000     1.852     0.344     0.000
   289.461   225.553   340.000     1.857     0.341     0.000
   290.006   225.989   341.000     1.863     0.341     0.000
   290.552   226.425   342.000     1.868     0.341     0.000
   291.097   226.862   343.000     1.874     0.341     0.000
   291.644   227.299   344.000     1.879     0.341     0.000
   292.191   227.736   345.000     1.885     0.338     0.000
   292.738   228.173   346.000     1.890     0.338     0.000
   293.285   228.611   347.000     1.896     0.338     0.000
   293.833   229.049   348.000     1.901     0.338     0.000
   294.382   229.487   349.000     1.907     0.335     0.000
   294.931   229.926   350.000     1.912     0.335     0.000
   295.480   230.365   351.000     1.918     0.335     0.000
   296.030   230.804   352.000     1.923     0.335     0.000
   296.580   231.243   353.000     1.929     0.335     0.000
   297.131   231.683   354.000     1.935     0.332     0.000
   297.682   232.123   355.000     1.940     0.332     0.000
   298.234   232.563   356.000     1.946     0.332     0.000
   298.786   233.003   357.000     1.951     0.332     0.000
   299.339   233.444   358.000     1.957     0.332     0.000
   299.892   233.885   359.000     1.962     0.329     0.000
   300.445   234.326   360.000     1.968     0.329     0.000
   300.999   234.768   361.000     1.973     0.329     0.000
   301.553   235.210   362.000     1.979     0.329     0.000
   302.108   235.652   363.000     1.984     0.329     0.000
   302.663   236.095   364.000     1.990     0.326     0.000
   303.218   236.537   365.000     1.995     0.326     0.000
   303.774   236.980   366.000     2.001     0.326     0.000
   304.331   237.424   367.000     2.006     0.326     0.000
   304.887   237.867   368.000     2.012     0.326     0.000
   305.445   238.311   369.000     2.017     0.323     0.000
   306.002   238.755   370.000     2.023     0.323     0.000
   306.560   239.200   371.000     2.028     0.323     0.000
   307.119   239.644   372.000     2.034     0.323     0.000
   307.678   240.089   373.000     2.039     0.323     0.000
   308.237   240.534   374.000     2.045     0.320     0.000
   308.797   240.980   375.000     2.051     0.320     0.000
   309.357   241.426   376.000     2.056     0.320     0.000
   309.918   241.872   377.000     2.062     0.320     0.000
   310.479   242.318   378.000     2.067     0.320     0.000
   311.040   242.765   379.000     2.073     0.318     0.000
   311.602   243.212   380.000     2.078     0.318     0.000
   312.164   243.659   381.000     2.084     0.318     0.000
   312.727   244.106   382.000     2.089     0.318     0.000
   313.290   244.554   383.000     2.095     0.318     0.000
   313.854   245.002   384.000     2.100     0.315     0.000
   314.418   245.450   385.000     2.106     0.315     0.000
   314.982   245.899   386.000     2.111     0.315     0.000
   315.547   246.348   387.000     2.117     0.315     0.000
   316.112   246.797   388.000     2.122     0.312     0.000
   316.678   247.246   389.000     2.128     0.312     0.000
   317.244   247.696   390.000     2.133     0.312     0.000
   317.810   248.146   391.000     2.139     0.312     0.000
   318.377   248.596   392.000     2.144     0.312     0.000
   318.944   249.046   393.000     2.150     0.310     0.000
   319.512   249.497   394.000     2.156     0.310     0.000
   320.080   249.948   395.000     2.161     0.310     0.000
   320.648   250.399   396.000     2.167     0.310     0.000
   321.217   250.851   397.000     2.172     0.310     0.000
   321.786   251.303   398.000     2.178     0.307     0.000
   322.356   251.755   399.000     2.183     0.307     0.000
   322.926   252.207   400.000     2.189     0.307     0.000
   323.496   252.660   401.000     2.194     0.307     0.000
   324.067   253.113   402.000     2.200     0.307     0.000
   324.638   253.566   403.000     2.205     0.304     0.000
   325.210   254.020   404.000     2.211     0.304     0.000
   325.782   254.473   405.000     2.216     0.304     0.000
   326.355   254.927   406.000     2.222     0.304     0.000
   326.927   255.382   407.000     2.227     0.304     0.000
   327.501   255.836   408.000     2.233     0.302     0.000
   328.074   256.291   409.000     2.238     0.302     0.000
   328.648   256.746   410.000     2.244     0.302     0.000
   329.223   257.202   411.000     2.249     0.302     0.000
   329.798   257.657   412.000     2.255     0.302     0.000
   330.373   258.113   413.000     2.261     0.299     0.000
   330.948   258.569   414.000     2.266     0.299     0.000
   331.524   259.026   415.000     2.272     0.299     0.000
   332.101   259.483   416.000     2.277     0.299     0.000
   332.677   259.940   417.000     2.283     0.299     0.000
   333.255   260.397   418.000     2.288     0.297     0.000
   333.832   260.854   419.000     2.294     0.297     0.000
   334.410   261.312   420.000     2.299     0.297     0.000
   334.988   261.770   421.000     2.305     0.297     0.000
   335.567   262.229   422.000     2.310     0.297     0.000
   336.146   262.687   423.000     2.316     0.294     0.000
   336.726   263.146   424.000     2.321     0.294     0.000
   337.306   263.605   425.000     2.327     0.294     0.000
   337.886   264.065   426.000     2.332     0.294     0.000
   338.467   264.525   427.000     2.338     0.294     0.000
   339.048   264.985   428.000     2.343     0.292     0.000
   339.629   265.445   429.000     2.349     0.292     0.000
   340.211   265.905   430.000     2.355     0.292     0.000
   340.793   266.366   431.000     2.360     0.292     0.000
   341.376   266.827   432.000     2.366     0.289     0.000
   341.959   267.288   433.000     2.371     0.289     0.000
   342.542   267.750   434.000     2.377     0.289     0.000
   343.126   268.212   435.000     2.382     0.289     0.000
   343.710   268.674   436.000     2.388     0.289     0.000
   344.294   269.136   437.000     2.393     0.287     0.000
   344.879   269.599   438.000     2.399     0.287     0.000
   345.464   270.062   439.000     2.404     0.287     0.000
   346.050   270.525   440.000     2.410     0.287     0.000
   346.636   270.989   441.000     2.415     0.287     0.000
   347.222   271.452   442.000     2.421     0.285     0.000
   347.809   271.916   443.000     2.426     0.285     0.000
   348.396   272.381   444.000     2.432     0.285     0.000
   348.984   272.845   445.000     2.437     0.285     0.000
   349.571   273.310   446.000     2.443     0.285     0.000
   350.160   273.775   447.000     2.448     0.282     0.000
   350.748   274.240   448.000     2.454     0.282     0.000
   351.337   274.706   449.000     2.460     0.282     0.000
   351.927   275.172   450.000     2.465     0.282     0.000
   352.516   275.638   451.000     2.471     0.282     0.000
   353.106   276.104   452.000     2.476     0.280     0.000
   353.697   276.571   453.000     2.482     0.280     0.000
   354.288   277.038   454.000     2.487     0.280     0.000
   354.879   277.505   455.000     2.493     0.280     0.000
   355.471   277.972   456.000     2.498     0.280     0.000
   356.062   278.440   457.000     2.504     0.278     0.000
   356.655   278.908   458.000     2.509     0.278     0.000
   357.248   279.376   459.000     2.515     0.278     0.000
   357.841   279.845   460.000     2.520     0.278     0.000
   358.434   280.314   461.000     2.526     0.278     0.000
   359.028   280.783   462.000     2.531     0.276     0.000
   359.622   281.252   463.000     2.537     0.276     0.000
   360.217   281.722   464.000     2.542     0.276     0.000
   360.811   282.191   465.000     2.548     0.276     0.000
   361.407   282.661   466.000     2.554     0.276     0.000
   362.002   283.132   467.000     2.559     0.273     0.000
   362.598   283.602   468.000     2.565     0.273     0.000
   363.195   284.073   469.000     2.570     0.273     0.000
   363.791   284.544   470.000     2.576     0.273     0.000
   364.388   285.016   471.000     2.581     0.273     0.000
   364.986   285.487   472.000     2.587     0.271     0.000
   365.584   285.959   473.000     2.592     0.271     0.000
   366.182   286.432   474.000     2.598     0.271     0.000
   366.780   286.904   475.000     2.603     0.271     0.000
   367.379   287.377   476.000     2.609     0.269     0.000
   367.979   287.850   477.000     2.614     0.269     0.000
   368.578   288.323   478.000     2.620     0.269     0.000
   369.178   288.796   479.000     2.625     0.269     0.000
   369.779   289.270   480.000     2.631     0.269     0.000
   370.379   289.744   481.000     2.636     0.267     0.000
   370.980   290.218   482.000     2.642     0.267     0.000
   371.582   290.693   483.000     2.648     0.267     0.000
   372.183   291.168   484.000     2.653     0.267     0.000
   372.786   291.643   485.000     2.659     0.267     0.000
   373.388   292.118   486.000     2.664     0.265     0.000
   373.991   292.594   487.000     2.670     0.265     0.000
   374.594   293.070   488.000     2.675     0.265     0.000
   375.198   293.546   489.000     2.681     0.265     0.000
   375.802   294.022   490.000     2.686     0.265     0.000
   376.406   294.499   491.000     2.692     0.263     0.000
   377.011   294.976   492.000     2.697     0.263     0.000
   377.616   295.453   493.000     2.703     0.263     0.000
   378.221   295.930   494.000     2.708     0.263     0.000
   378.827   296.408   495.000     2.714     0.263     0.000
   379.433   296.886   496.000     2.719     0.261     0.000
   380.039   297.364   497.000     2.725     0.261     0.000
   380.646   297.842   498.000     2.730     0.261     0.000
   381.253   298.321   499.000     2.736     0.261     0.000
   381.860   298.800   500.000     2.742     0.261     0.000
   382.074   298.969   500.352     2.743     0.259     0.000
