****************************************************************************************************
----------------------------------------------------------------------------------------------------
Ambient Table:
     Depth   Amb-cur   Amb-dir   Amb-sal   Amb-tem   Amb-pol     Decay   Far-spd   Far-dir   Disprsn
       (m)     (m/s)     (deg)     (psu)       (C)    (mg/L)   (1/day)     (m/s)     (deg)(m0.67/s2)
     0.000     0.090     0.000    32.000    14.000     0.000     0.000     0.050     0.000   0.00030
     2.000     0.085     0.000    32.000    12.000     0.000     0.000     0.050     0.000   0.00030
     4.000     0.070     0.000    32.000     8.000     0.000     0.000     0.050     0.000   0.00030
     6.000     0.065     0.000    32.000     8.000     0.000     0.000     0.050     0.000   0.00030
     8.000     0.060     0.000    32.000     8.000     0.000     0.000     0.050     0.000   0.00030
    10.000     0.055     0.000    32.000     8.000     0.000     0.000     0.050     0.000   0.00030
    12.000     0.050     0.000    32.000     8.000     0.000     0.000     0.050     0.000   0.00030
----------------------------------------------------------------------------------------------------
Diffuser Table:
     P-dia    P-elev   V-angle   H-angle     Ports   Spacing   AcuteMZ   ChrncMZ   P-depth   Ttl-flo   Eff-sal      Temp   Polutnt
       (m)       (m)     (deg)     (deg)       ( )       (m)       (m)       (m)       (m)     (MGD)     (psu)       (C)    (mg/L)
      0.08      0.31     45.00     30.00     18.00      6.10     10.20    102.00     11.00      8.00      0.00      2.63    100.00
----------------------------------------------------------------------------------------------------
Simulation Results:
              Dilutn     P-dia    x-posn    y-posn     Depth        TA       DIC        pH    OmegaC    OmegaA     R_cal     R_arg
      Step (FluxAvg)       (m)       (m)       (m)       (m) (mmol/m3) (mmol/m3)   (total)        ()        () (umol/hr) (umol/hr)
         5     1.101     0.083     0.011     0.007   -10.987  3792.695  1641.700    11.281    40.928    22.417 35451.802  5822.949
        10     1.213     0.091     0.024     0.014   -10.972  3604.846  1637.769    10.995    42.187    23.042 38754.299  6226.675
        15     1.337     0.101     0.038     0.022   -10.956  3434.704  1634.208    10.702    40.408    22.310 34141.005  5755.040
        20     1.474     0.111     0.054     0.031   -10.938  3280.602  1630.983    10.417    37.476    20.980 27347.606  4952.838
        25     1.624     0.122     0.071     0.040   -10.919  3141.027  1628.063    10.171    34.056    19.333 20616.169  4053.028
        30     1.791     0.135     0.089     0.051   -10.898  3014.609  1625.417     9.971    30.662    17.632 15106.345  3230.505
        35     1.975     0.149     0.110     0.063   -10.874  2900.109  1623.021     9.805    27.523    16.012 10958.450  2544.145
        40     2.178     0.164     0.133     0.076   -10.848  2796.403  1620.851     9.665    24.702    14.518  7935.757  1992.998
        45     2.402     0.181     0.158     0.090   -10.820  2702.473  1618.885     9.543    22.197    13.163  5759.510  1558.227
        50     2.650     0.199     0.185     0.105   -10.789  2617.397  1617.105     9.435    19.986    11.944  4198.229  1218.374
        55     2.923     0.220     0.216     0.122   -10.754  2540.342  1615.493     9.339    18.039    10.854  3077.568   954.005
        60     3.225     0.242     0.249     0.141   -10.717  2470.550  1614.032     9.252    16.327     9.881  2270.972   748.837
        65     3.558     0.266     0.286     0.161   -10.676  2407.338  1612.709     9.173    14.822     9.016  1688.016   589.717
        70     3.926     0.293     0.326     0.183   -10.631  2350.085  1611.511     9.100    13.498     8.247  1264.532   466.234
        75     4.332     0.323     0.370     0.207   -10.582  2298.229  1610.426     9.034    12.334     7.564   955.099   370.255
        80     4.780     0.355     0.419     0.233   -10.528  2251.261  1609.443     8.972    11.309     6.958   727.561     0.000
        85     5.275     0.391     0.472     0.261   -10.469  2208.721  1608.553     8.915    10.405     6.421   559.111     0.000
        90     5.822     0.430     0.530     0.292   -10.405  2170.191  1607.747     8.862     9.607     5.943   433.527     0.000
        95     6.425     0.472     0.594     0.325   -10.335  2135.294  1607.016     8.813     8.902     5.519   339.221     0.000
       100     7.092     0.518     0.663     0.360   -10.259  2103.686  1606.355     8.768     8.278     5.142   267.882     0.000
       105     7.827     0.569     0.738     0.399   -10.176  2075.058  1605.756     8.725     7.725     4.807   213.516     0.000
       110     8.640     0.624     0.820     0.440   -10.085  2049.128  1605.213     8.686     7.234     4.508   171.775     0.000
       115     9.536     0.683     0.910     0.484    -9.987  2025.643  1604.722     8.649     6.798     4.242   139.490     0.000
       120    10.527     0.747     1.007     0.531    -9.879  2004.372  1604.277     8.615     6.410     4.004   114.333     0.000
       125    11.620     0.817     1.111     0.581    -9.763  1985.106  1603.874     8.583     6.064     3.792    94.588     0.000
       130    12.827     0.892     1.225     0.633    -9.636  1967.656  1603.508     8.554     5.755     3.602    78.977     0.000
       135    14.159     0.972     1.346     0.689    -9.499  1951.851  1603.178     8.527     5.480     3.433    66.549     0.000
       140    15.631     1.059     1.476     0.747    -9.351  1937.536  1602.878     8.501     5.234     3.281    56.585     0.000
       145    17.255     1.151     1.614     0.806    -9.192  1924.571  1602.607     8.478     5.014     3.145    48.541     0.000
       150    19.049     1.250     1.758     0.867    -9.024  1912.828  1602.361     8.456     4.816     3.023    42.005     0.000
       155    21.029     1.355     1.910     0.929    -8.844  1902.192  1602.138     8.436     4.640     2.913    36.660     0.000
       160    23.215     1.467     2.069     0.992    -8.654  1892.558  1601.937     8.417     4.481     2.815    32.261     0.000
       165    25.629     1.586     2.235     1.055    -8.453  1883.833  1601.754     8.400     4.339     2.727    28.619     0.000
       170    28.294     1.713     2.407     1.118    -8.241  1875.930  1601.589     8.384     4.211     2.647    25.586     0.000
       175    31.236     1.847     2.586     1.181    -8.017  1868.772  1601.439     8.370     4.096     2.576    23.045     0.000
       180    34.485     1.988     2.771     1.244    -7.782  1862.289  1601.303     8.356     3.993     2.512    20.906     0.000
       185    38.072     2.139     2.963     1.306    -7.536  1856.417  1601.181     8.344     3.900     2.454    19.096     0.000
       190    42.032     2.298     3.162     1.367    -7.278  1851.099  1601.069     8.333     3.816     2.402    17.557     0.000
       195    46.404     2.466     3.369     1.427    -7.008  1846.282  1600.969     8.322     3.741     2.355    16.242     0.000
       200    51.232     2.644     3.583     1.486    -6.726  1841.919  1600.877     8.313     3.673     2.312    15.114     0.000
       205    56.562     2.832     3.805     1.544    -6.432  1837.967  1600.795     8.304     3.612     2.274    14.142     0.000
       210    62.446     3.031     4.035     1.600    -6.126  1834.388  1600.720     8.296     3.556     2.240    13.302     0.000
       215    68.943     3.241     4.275     1.655    -5.807  1831.146  1600.652     8.289     3.507     2.209    12.572     0.000
       220    76.117     3.463     4.525     1.708    -5.475  1828.210  1600.590     8.282     3.462     2.181    11.937     0.000
       225    84.036     3.698     4.785     1.760    -5.132  1825.551  1600.535     8.276     3.421     2.155    11.382     0.000
       230    92.781     3.947     5.057     1.811    -4.775  1823.142  1600.484     8.271     3.385     2.133    10.896     0.000
       235   102.435     4.209     5.341     1.860    -4.406  1820.960  1600.439     8.266     3.352     2.112    10.469     0.000
       240   113.094     4.486     5.639     1.907    -4.024  1818.985  1600.397     8.261     3.322     2.093    10.093     0.000
       245   124.863     4.784     5.949     1.952    -3.632  1817.195  1600.360     8.257     3.295     2.077     9.763     0.000
       250   137.648     5.144     6.256     1.994    -3.263  1815.598  1600.326     8.252     3.272     2.063     9.483     0.000
---------------------------- Plume traps -----------------------------
       255   147.499     5.462     6.466     2.020    -3.029  1814.556  1600.305     8.248     3.258     2.054     9.309     0.000
------------------------- merging happened ---------------------------
       260   155.017     5.722     6.621     2.038    -2.869  1813.850  1600.290     8.245     3.248     2.048     9.195     0.000
       265   161.123     5.987     6.763     2.055    -2.732  1813.325  1600.279     8.242     3.241     2.044     9.113     0.000
       270   165.961     6.243     6.894     2.069    -2.614  1812.937  1600.271     8.240     3.236     2.041     9.053     0.000
---------------------------- Plume surfaces --------------------------
       275   169.754     6.481     7.017     2.082    -2.512  1812.648  1600.265     8.239     3.232     2.039     9.010     0.000
-------------------- Starting Farfield Calculations --------------------
Farfield dispersion based on wastefield width of :      96.29 (m)
4/3 Power Law based Eddy Diffusivity is used:
  Dilution     Width  Distance      Time        TA       DIC        pH    OmegaC    OmegaA
        ()       (m)       (m)    (hrs.) (mmol/m3) (mmol/m3)   (total)        ()        ()
   169.754    97.242     7.320     0.016  1812.648  1600.265     8.239     3.232     2.039
   169.754    98.151    10.000     0.031  1812.648  1600.265     8.239     3.227     2.036
   169.754    99.847    15.000     0.060  1812.648  1600.265     8.239     3.227     2.036
   169.754   101.535    20.000     0.088  1812.648  1600.265     8.239     3.227     2.036
   169.756   103.227    25.000     0.115  1812.648  1600.265     8.239     3.227     2.036
   169.765   104.925    30.000     0.143  1812.647  1600.265     8.239     3.227     2.036
   169.801   106.631    35.000     0.171  1812.642  1600.265     8.239     3.227     2.036
   169.888   108.344    40.000     0.199  1812.630  1600.264     8.239     3.227     2.036
   170.054   110.066    45.000     0.227  1812.609  1600.264     8.239     3.227     2.036
   170.321   111.796    50.000     0.255  1812.575  1600.263     8.239     3.226     2.035
   170.704   113.533    55.000     0.282  1812.575  1600.263     8.239     3.226     2.035
   171.211   115.278    60.000     0.310  1812.527  1600.262     8.239     3.226     2.035
   171.845   117.030    65.000     0.338  1812.467  1600.261     8.238     3.225     2.035
   172.605   118.791    70.000     0.365  1812.394  1600.259     8.238     3.224     2.034
   173.486   120.559    75.000     0.393  1812.309  1600.258     8.237     3.223     2.033
   174.483   122.335    80.000     0.421  1812.309  1600.258     8.237     3.223     2.033
   175.587   124.119    85.000     0.448  1812.213  1600.256     8.237     3.222     2.033
   176.793   125.910    90.000     0.476  1812.108  1600.253     8.236     3.220     2.032
   178.093   127.710    95.000     0.504  1811.994  1600.251     8.236     3.219     2.031
   179.479   129.517   100.000     0.531  1811.873  1600.248     8.235     3.217     2.030
............................. Reached Chronic Mixing Zone ..........................
   180.792   131.144   104.484     0.556  1811.873  1600.248     8.235     3.217     2.030
