****************************************************************************************************
----------------------------------------------------------------------------------------------------
Ambient Table:
     Depth   Amb-cur   Amb-dir   Amb-sal   Amb-tem   Amb-pol     Decay   Far-spd   Far-dir   Disprsn
       (m)     (m/s)     (deg)     (psu)       (C)    (mg/L)   (1/day)     (m/s)     (deg)(m0.67/s2)
     0.000     0.020    90.000    30.900    11.200     0.000     0.000     0.020    90.000   0.00030
     3.000     0.020    90.000    31.200    10.400     0.000     0.000     0.020    90.000   0.00030
     6.000     0.020    90.000    31.200     9.690     0.000     0.000     0.020    90.000   0.00030
     9.000     0.020    90.000    31.700     9.440     0.000     0.000     0.020    90.000   0.00030
    12.000     0.020    90.000    31.800     9.340     0.000     0.000     0.020    90.000   0.00030
    15.000     0.050    90.000    31.900     9.220     0.000     0.000     0.020    90.000   0.00030
----------------------------------------------------------------------------------------------------
Diffuser Table:
     P-dia    P-elev   V-angle   H-angle     Ports   Spacing   AcuteMZ   ChrncMZ   P-depth   Ttl-flo   Eff-sal      Temp   Polutnt
       (m)       (m)     (deg)     (deg)       ( )       (m)       (m)       (m)       (m)     (cms)     (psu)       (C)    (mg/L)
      0.20     15.00    -45.00     90.00      1.00      0.00     20.70    207.00      2.40      0.01     25.00     10.00 100000.00
----------------------------------------------------------------------------------------------------
Simulation Results:
              Dilutn     P-dia    x-posn    y-posn     Depth      Time   Net-Dil     P-Den    P-Con.     P-Sal    P-Temp  Amb-Curr    CL-Dil
      Step (FluxAvg)       (m)       (m)       (m)       (m)       (s)        ()   (kg/m3)    (mg/L)     (psu)       (C)     (m/s)        ()
         1     1.020     0.158     0.000     0.006    -2.406     0.032     1.020  1019.291 98048.043    25.120    10.011     0.020     1.000
         2     1.040     0.161     0.000     0.011    -2.411     0.064     1.040  1019.381 96134.016    25.238    10.022     0.020     1.000
         3     1.061     0.165     0.000     0.017    -2.417     0.097     1.061  1019.469 94257.191    25.354    10.032     0.020     1.000
         4     1.082     0.168     0.000     0.023    -2.423     0.131     1.082  1019.556 92416.850    25.468    10.043     0.020     1.000
         5     1.104     0.172     0.000     0.029    -2.428     0.167     1.104  1019.641 90612.291    25.579    10.053     0.020     1.000
         6     1.126     0.175     0.000     0.035    -2.434     0.204     1.126  1019.724 88842.823    25.688    10.062     0.020     1.000
         7     1.148     0.179     0.000     0.042    -2.440     0.243     1.148  1019.805 87107.771    25.795    10.072     0.020     1.000
         8     1.171     0.183     0.000     0.048    -2.446     0.284     1.171  1019.885 85406.469    25.900    10.081     0.020     1.000
         9     1.194     0.187     0.000     0.055    -2.452     0.327     1.194  1019.964 83738.268    26.003    10.091     0.020     1.000
        10     1.217     0.191     0.000     0.062    -2.458     0.370     1.217  1020.039 82136.427    26.101    10.099     0.020     1.000
        11     1.240     0.195     0.000     0.068    -2.464     0.414     1.240  1020.109 80634.559    26.194    10.108     0.020     1.000
        12     1.262     0.199     0.000     0.075    -2.469     0.457     1.262  1020.176 79222.649    26.281    10.115     0.020     1.000
        13     1.284     0.203     0.000     0.081    -2.475     0.501     1.284  1020.238 77894.124    26.363    10.122     0.020     1.000
        14     1.305     0.207     0.000     0.088    -2.480     0.544     1.305  1020.297 76641.316    26.440    10.129     0.020     1.000
        15     1.325     0.210     0.000     0.094    -2.485     0.586     1.325  1020.353 75457.751    26.513    10.136     0.020     1.000
        16     1.345     0.214     0.000     0.100    -2.490     0.629     1.345  1020.405 74337.597    26.582    10.142     0.020     1.000
        17     1.365     0.218     0.000     0.106    -2.495     0.672     1.365  1020.455 73275.686    26.647    10.147     0.020     1.000
        18     1.384     0.221     0.000     0.112    -2.500     0.714     1.384  1020.503 72267.396    26.710    10.153     0.020     1.000
        19     1.402     0.225     0.000     0.117    -2.504     0.756     1.402  1020.548 71308.584    26.769    10.158     0.020     1.000
        20     1.421     0.228     0.000     0.123    -2.509     0.798     1.421  1020.591 70395.528    26.825    10.163     0.020     1.000
        21     1.438     0.231     0.000     0.129    -2.513     0.840     1.438  1020.631 69524.870    26.879    10.167     0.020     1.000
        22     1.456     0.235     0.000     0.134    -2.517     0.881     1.456  1020.671 68693.576    26.930    10.172     0.020     1.000
        23     1.473     0.238     0.000     0.140    -2.521     0.922     1.473  1020.708 67898.895    26.979    10.176     0.020     1.000
        24     1.489     0.241     0.000     0.145    -2.525     0.963     1.489  1020.744 67138.329    27.026    10.180     0.020     1.000
        25     1.506     0.244     0.000     0.150    -2.529     1.004     1.506  1020.778 66409.602    27.071    10.183     0.020     1.000
        26     1.522     0.247     0.000     0.156    -2.532     1.045     1.522  1020.811 65710.638    27.114    10.187     0.020     1.000
        27     1.538     0.250     0.000     0.161    -2.536     1.085     1.538  1020.842 65039.537    27.155    10.191     0.020     1.000
        28     1.553     0.253     0.000     0.166    -2.539     1.126     1.553  1020.873 64394.561    27.195    10.194     0.020     1.000
        29     1.568     0.256     0.000     0.171    -2.543     1.166     1.568  1020.902 63774.110    27.233    10.197     0.020     1.000
        30     1.583     0.259     0.000     0.176    -2.546     1.206     1.583  1020.930 63176.715    27.270    10.200     0.020     1.000
        31     1.597     0.262     0.000     0.180    -2.549     1.245     1.597  1020.957 62601.023    27.306    10.203     0.020     1.000
        32     1.612     0.264     0.000     0.185    -2.552     1.285     1.612  1020.983 62045.784    27.340    10.206     0.020     1.000
        33     1.626     0.267     0.000     0.190    -2.555     1.324     1.626  1021.008 61509.842    27.373    10.209     0.020     1.000
        34     1.640     0.270     0.000     0.195    -2.558     1.363     1.640  1021.033 60992.127    27.405    10.211     0.020     1.000
        35     1.653     0.273     0.000     0.199    -2.561     1.402     1.653  1021.056 60491.649    27.436    10.214     0.020     1.000
        36     1.666     0.275     0.000     0.204    -2.564     1.440     1.666  1021.079 60007.485    27.465    10.216     0.020     1.000
        37     1.680     0.278     0.000     0.208    -2.566     1.479     1.680  1021.101 59538.780    27.494    10.219     0.020     1.000
        38     1.692     0.280     0.000     0.213    -2.569     1.517     1.692  1021.123 59084.737    27.522    10.221     0.020     1.000
        39     1.705     0.283     0.000     0.217    -2.572     1.555     1.705  1021.143 58644.611    27.550    10.223     0.020     1.000
        40     1.718     0.285     0.000     0.222    -2.574     1.593     1.718  1021.163 58217.710    27.576    10.225     0.020     1.000
        41     1.730     0.288     0.000     0.226    -2.577     1.631     1.730  1021.183 57803.385    27.601    10.227     0.020     1.000
        42     1.742     0.290     0.000     0.230    -2.579     1.668     1.742  1021.202 57401.030    27.626    10.229     0.020     1.000
        43     1.754     0.293     0.000     0.235    -2.581     1.705     1.754  1021.220 57010.077    27.650    10.231     0.020     1.000
        44     1.766     0.295     0.000     0.239    -2.583     1.743     1.766  1021.238 56629.992    27.674    10.233     0.020     1.000
        45     1.777     0.298     0.000     0.243    -2.586     1.780     1.777  1021.256 56260.277    27.697    10.235     0.020     1.000
        46     1.789     0.300     0.000     0.247    -2.588     1.816     1.789  1021.272 55900.462    27.719    10.237     0.020     1.000
        47     1.800     0.302     0.000     0.251    -2.590     1.853     1.800  1021.289 55550.105    27.740    10.238     0.020     1.000
        48     1.811     0.304     0.000     0.255    -2.592     1.890     1.811  1021.305 55208.790    27.761    10.240     0.020     1.000
        49     1.822     0.307     0.000     0.259    -2.594     1.926     1.822  1021.321 54876.127    27.782    10.242     0.020     1.000
        50     1.833     0.309     0.000     0.263    -2.596     1.962     1.833  1021.336 54551.745    27.802    10.243     0.020     1.000
        51     1.844     0.311     0.000     0.267    -2.597     1.998     1.844  1021.351 54235.297    27.822    10.245     0.020     1.000
        52     1.854     0.313     0.000     0.271    -2.599     2.034     1.854  1021.365 53926.453    27.841    10.246     0.020     1.000
        53     1.865     0.315     0.000     0.275    -2.601     2.070     1.865  1021.380 53624.902    27.859    10.248     0.020     1.000
        54     1.875     0.317     0.000     0.279    -2.603     2.106     1.875  1021.394 53330.350    27.877    10.249     0.020     1.000
        55     1.885     0.319     0.000     0.282    -2.604     2.141     1.885  1021.407 53042.518    27.895    10.251     0.020     1.000
        56     1.895     0.321     0.000     0.286    -2.606     2.176     1.895  1021.420 52761.142    27.912    10.252     0.020     1.000
        57     1.905     0.324     0.000     0.290    -2.607     2.212     1.905  1021.433 52485.972    27.929    10.253     0.020     1.000
        58     1.915     0.326     0.000     0.294    -2.609     2.247     1.915  1021.446 52216.770    27.946    10.255     0.020     1.000
        59     1.925     0.328     0.000     0.297    -2.610     2.282     1.925  1021.458 51953.311    27.962    10.256     0.020     1.000
        60     1.934     0.329     0.000     0.301    -2.612     2.317     1.934  1021.471 51695.380    27.978    10.257     0.020     1.000
        61     1.944     0.331     0.000     0.305    -2.613     2.351     1.944  1021.483 51442.773    27.994    10.258     0.020     1.000
        62     1.953     0.333     0.000     0.308    -2.615     2.386     1.953  1021.494 51195.297    28.009    10.259     0.020     1.000
        63     1.963     0.335     0.000     0.312    -2.616     2.420     1.963  1021.506 50952.767    28.024    10.261     0.020     1.000
        64     1.972     0.337     0.000     0.315    -2.617     2.455     1.972  1021.517 50715.007    28.039    10.262     0.020     1.000
        65     1.981     0.339     0.000     0.319    -2.618     2.489     1.981  1021.528 50481.850    28.053    10.263     0.020     1.000
        66     1.990     0.341     0.000     0.322    -2.620     2.523     1.990  1021.539 50253.136    28.067    10.264     0.020     1.000
        67     1.999     0.343     0.000     0.326    -2.621     2.557     1.999  1021.549 50028.712    28.081    10.265     0.020     1.000
        68     2.008     0.344     0.000     0.329    -2.622     2.591     2.008  1021.560 49808.433    28.095    10.266     0.020     1.004
        69     2.016     0.346     0.000     0.333    -2.623     2.625     2.016  1021.570 49592.158    28.108    10.267     0.020     1.008
        70     2.025     0.348     0.000     0.336    -2.624     2.659     2.025  1021.580 49379.757    28.121    10.268     0.020     1.013
        71     2.034     0.350     0.000     0.340    -2.625     2.693     2.034  1021.590 49171.100    28.134    10.269     0.020     1.017
        72     2.042     0.351     0.000     0.343    -2.626     2.726     2.042  1021.599 48966.066    28.147    10.270     0.020     1.021
        73     2.051     0.353     0.000     0.346    -2.627     2.760     2.051  1021.609 48764.539    28.159    10.271     0.020     1.025
        74     2.059     0.355     0.000     0.350    -2.628     2.793     2.059  1021.618 48566.407    28.171    10.272     0.020     1.030
        75     2.067     0.356     0.000     0.353    -2.629     2.826     2.067  1021.627 48371.563    28.183    10.273     0.020     1.034
        76     2.076     0.358     0.000     0.356    -2.630     2.860     2.076  1021.636 48179.903    28.195    10.274     0.020     1.038
        77     2.084     0.360     0.000     0.360    -2.631     2.893     2.084  1021.645 47991.329    28.207    10.275     0.020     1.042
        78     2.092     0.361     0.000     0.363    -2.632     2.926     2.092  1021.654 47805.748    28.218    10.275     0.020     1.046
        79     2.100     0.363     0.000     0.366    -2.632     2.959     2.100  1021.663 47623.066    28.230    10.276     0.020     1.050
        80     2.108     0.364     0.000     0.369    -2.633     2.992     2.108  1021.671 47443.198    28.241    10.277     0.020     1.054
        81     2.116     0.366     0.000     0.373    -2.634     3.025     2.116  1021.679 47266.059    28.252    10.278     0.020     1.058
        82     2.124     0.367     0.000     0.376    -2.635     3.058     2.124  1021.688 47091.568    28.262    10.279     0.020     1.062
        83     2.131     0.369     0.000     0.379    -2.635     3.091     2.131  1021.696 46919.648    28.273    10.280     0.020     1.066
        84     2.139     0.370     0.000     0.382    -2.636     3.124     2.139  1021.704 46750.223    28.284    10.280     0.020     1.070
        85     2.147     0.372     0.000     0.385    -2.637     3.157     2.147  1021.712 46583.221    28.294    10.281     0.020     1.073
        86     2.154     0.373     0.000     0.388    -2.637     3.189     2.154  1021.719 46418.572    28.304    10.282     0.020     1.077
        87     2.162     0.375     0.000     0.392    -2.638     3.222     2.162  1021.727 46256.209    28.314    10.283     0.020     1.081
        88     2.169     0.376     0.000     0.395    -2.638     3.255     2.169  1021.735 46096.068    28.324    10.283     0.020     1.085
        89     2.177     0.378     0.000     0.398    -2.639     3.287     2.177  1021.742 45938.086    28.334    10.284     0.020     1.088
        90     2.184     0.379     0.000     0.401    -2.640     3.320     2.184  1021.749 45782.201    28.343    10.285     0.020     1.092
        91     2.192     0.380     0.000     0.404    -2.640     3.352     2.192  1021.757 45628.356    28.353    10.286     0.020     1.096
        92     2.199     0.382     0.000     0.407    -2.640     3.385     2.199  1021.764 45476.494    28.362    10.286     0.020     1.099
        93     2.206     0.383     0.000     0.410    -2.641     3.417     2.206  1021.771 45326.560    28.371    10.287     0.020     1.103
        94     2.213     0.384     0.000     0.413    -2.641     3.450     2.213  1021.778 45178.502    28.381    10.288     0.020     1.107
        95     2.221     0.386     0.000     0.416    -2.642     3.482     2.221  1021.785 45032.267    28.390    10.288     0.020     1.110
        96     2.228     0.387     0.000     0.419    -2.642     3.515     2.228  1021.792 44887.806    28.398    10.289     0.020     1.114
        97     2.235     0.388     0.000     0.422    -2.642     3.547     2.235  1021.798 44745.071    28.407    10.290     0.020     1.117
        98     2.242     0.390     0.000     0.425    -2.643     3.580     2.242  1021.805 44604.016    28.416    10.290     0.020     1.121
        99     2.249     0.391     0.000     0.428    -2.643     3.612     2.249  1021.812 44464.593    28.425    10.291     0.020     1.124
       100     2.256     0.392     0.000     0.431    -2.643     3.644     2.256  1021.818 44326.760    28.433    10.292     0.020     1.128
       101     2.263     0.393     0.000     0.434    -2.644     3.677     2.263  1021.825 44190.473    28.442    10.292     0.020     1.131
       102     2.270     0.394     0.000     0.437    -2.644     3.709     2.270  1021.831 44055.691    28.450    10.293     0.020     1.135
       103     2.277     0.396     0.000     0.440    -2.644     3.742     2.277  1021.837 43922.373    28.458    10.293     0.020     1.138
       104     2.284     0.397     0.000     0.443    -2.644     3.774     2.284  1021.843 43790.480    28.466    10.294     0.020     1.142
       105     2.290     0.398     0.000     0.446    -2.644     3.807     2.290  1021.850 43659.972    28.474    10.295     0.020     1.145
       106     2.297     0.399     0.000     0.449    -2.645     3.839     2.297  1021.856 43530.813    28.482    10.295     0.020     1.149
       107     2.304     0.400     0.000     0.452    -2.645     3.871     2.304  1021.862 43402.965    28.490    10.296     0.020     1.152
       108     2.311     0.401     0.000     0.455    -2.645     3.904     2.311  1021.868 43276.393    28.498    10.296     0.020     1.155
       109     2.317     0.402     0.000     0.458    -2.645     3.936     2.317  1021.874 43151.063    28.506    10.297     0.020     1.159
       110     2.324     0.404     0.000     0.461    -2.645     3.969     2.324  1021.879 43026.939    28.513    10.298     0.020     1.162
       111     2.331     0.405     0.000     0.464    -2.645     4.001     2.331  1021.885 42903.989    28.521    10.298     0.020     1.165
       112     2.337     0.406     0.000     0.467    -2.645     4.034     2.337  1021.891 42782.179    28.528    10.299     0.020     1.169
       113     2.344     0.407     0.000     0.470    -2.645     4.067     2.344  1021.897 42661.479    28.536    10.299     0.020     1.172
---------------------- Local maximum rise or fall --------------------
       114     2.351     0.408     0.000     0.473    -2.645     4.099     2.351  1021.902 42541.856    28.543    10.300     0.020     1.175
       115     2.357     0.409     0.000     0.476    -2.645     4.132     2.357  1021.908 42423.280    28.551    10.300     0.020     1.179
       116     2.364     0.410     0.000     0.479    -2.645     4.165     2.364  1021.913 42305.722    28.558    10.301     0.020     1.182
       117     2.370     0.411     0.000     0.481    -2.645     4.197     2.370  1021.919 42189.150    28.565    10.301     0.020     1.185
       118     2.377     0.412     0.000     0.484    -2.645     4.230     2.377  1021.924 42073.537    28.572    10.302     0.020     1.188
       119     2.383     0.413     0.000     0.487    -2.645     4.263     2.383  1021.930 41958.854    28.579    10.302     0.020     1.192
       120     2.390     0.414     0.000     0.490    -2.645     4.296     2.390  1021.935 41845.072    28.586    10.303     0.020     1.195
       121     2.396     0.415     0.000     0.493    -2.644     4.329     2.396  1021.941 41732.165    28.593    10.303     0.020     1.198
       122     2.403     0.416     0.000     0.496    -2.644     4.362     2.403  1021.946 41620.105    28.600    10.304     0.020     1.201
       123     2.409     0.416     0.000     0.499    -2.644     4.395     2.409  1021.951 41508.865    28.607    10.305     0.020     1.205
       124     2.416     0.417     0.000     0.502    -2.644     4.428     2.416  1021.956 41398.420    28.614    10.305     0.020     1.208
       125     2.422     0.418     0.000     0.505    -2.644     4.462     2.422  1021.961 41288.742    28.621    10.306     0.020     1.211
       126     2.428     0.419     0.000     0.508    -2.643     4.495     2.428  1021.967 41179.806    28.627    10.306     0.020     1.214
       127     2.435     0.420     0.000     0.511    -2.643     4.528     2.435  1021.972 41071.588    28.634    10.307     0.020     1.217
       128     2.441     0.421     0.000     0.514    -2.643     4.562     2.441  1021.977 40964.084    28.641    10.307     0.020     1.221
       129     2.448     0.422     0.000     0.517    -2.643     4.596     2.448  1021.982 40857.338    28.647    10.308     0.020     1.224
       130     2.454     0.422     0.000     0.519    -2.642     4.629     2.454  1021.987 40751.315    28.654    10.308     0.020     1.227
       131     2.460     0.423     0.000     0.522    -2.642     4.663     2.460  1021.992 40645.973    28.660    10.308     0.020     1.230
       132     2.467     0.424     0.000     0.525    -2.641     4.697     2.467  1021.997 40541.265    28.667    10.309     0.020     1.233
       133     2.473     0.425     0.000     0.528    -2.641     4.731     2.473  1022.002 40437.143    28.673    10.309     0.020     1.236
       134     2.479     0.426     0.000     0.531    -2.641     4.765     2.479  1022.006 40333.558    28.680    10.310     0.020     1.240
       135     2.486     0.426     0.000     0.534    -2.640     4.799     2.486  1022.011 40230.462    28.686    10.310     0.020     1.243
       136     2.492     0.427     0.000     0.537    -2.640     4.833     2.492  1022.016 40127.809    28.692    10.311     0.020     1.246
       137     2.498     0.428     0.000     0.540    -2.639     4.868     2.498  1022.021 40025.550    28.699    10.311     0.020     1.249
       138     2.505     0.429     0.000     0.543    -2.639     4.902     2.505  1022.026 39923.642    28.705    10.312     0.020     1.252
       139     2.511     0.429     0.000     0.546    -2.638     4.937     2.511  1022.031 39822.138    28.711    10.312     0.020     1.256
       140     2.518     0.430     0.000     0.549    -2.638     4.971     2.518  1022.035 39721.030    28.717    10.313     0.020     1.259
       141     2.524     0.431     0.000     0.552    -2.637     5.006     2.524  1022.040 39620.303    28.724    10.313     0.020     1.262
       142     2.530     0.431     0.000     0.555    -2.636     5.041     2.530  1022.045 39519.936    28.730    10.314     0.020     1.265
       143     2.537     0.432     0.000     0.558    -2.636     5.076     2.537  1022.050 39419.907    28.736    10.314     0.020     1.268
       144     2.543     0.433     0.000     0.561    -2.635     5.112     2.543  1022.054 39320.194    28.742    10.315     0.020     1.272
       145     2.550     0.433     0.000     0.564    -2.635     5.147     2.550  1022.059 39220.775    28.748    10.315     0.020     1.275
       146     2.556     0.434     0.000     0.567    -2.634     5.183     2.556  1022.064 39121.626    28.754    10.316     0.020     1.278
       147     2.563     0.435     0.000     0.570    -2.633     5.218     2.563  1022.068 39022.726    28.761    10.316     0.020     1.281
       148     2.569     0.435     0.000     0.573    -2.632     5.254     2.569  1022.073 38924.051    28.767    10.316     0.020     1.285
       149     2.576     0.436     0.000     0.576    -2.632     5.290     2.576  1022.078 38825.580    28.773    10.317     0.020     1.288
       150     2.582     0.436     0.000     0.579    -2.631     5.327     2.582  1022.082 38727.288    28.779    10.317     0.020     1.291
       151     2.589     0.437     0.000     0.582    -2.630     5.363     2.589  1022.087 38629.155    28.785    10.318     0.020     1.294
       152     2.595     0.438     0.000     0.585    -2.629     5.400     2.595  1022.091 38531.156    28.791    10.318     0.020     1.298
       153     2.602     0.438     0.000     0.588    -2.628     5.436     2.602  1022.096 38433.269    28.797    10.319     0.020     1.301
       154     2.609     0.439     0.000     0.591    -2.627     5.473     2.609  1022.101 38335.471    28.803    10.319     0.020     1.304
       155     2.615     0.439     0.000     0.594    -2.626     5.510     2.615  1022.105 38237.738    28.809    10.320     0.020     1.308
       156     2.622     0.440     0.000     0.597    -2.626     5.548     2.622  1022.110 38140.049    28.815    10.320     0.020     1.311
       157     2.629     0.440     0.000     0.600    -2.625     5.585     2.629  1022.114 38042.380    28.821    10.321     0.020     1.314
       158     2.635     0.441     0.000     0.603    -2.624     5.623     2.635  1022.119 37944.706    28.827    10.321     0.020     1.318
       159     2.642     0.441     0.000     0.606    -2.623     5.661     2.642  1022.124 37847.006    28.833    10.322     0.020     1.321
       160     2.649     0.442     0.000     0.610    -2.622     5.699     2.649  1022.128 37749.254    28.839    10.322     0.020     1.325
       161     2.656     0.442     0.000     0.613    -2.620     5.737     2.656  1022.133 37651.429    28.845    10.322     0.020     1.328
       162     2.663     0.443     0.000     0.616    -2.619     5.776     2.663  1022.137 37553.504    28.851    10.323     0.020     1.331
       163     2.670     0.443     0.000     0.619    -2.618     5.815     2.670  1022.142 37455.457    28.857    10.323     0.020     1.335
       164     2.677     0.444     0.000     0.622    -2.617     5.854     2.677  1022.147 37357.263    28.863    10.324     0.020     1.338
       165     2.684     0.444     0.000     0.625    -2.616     5.893     2.684  1022.151 37258.844    28.869    10.324     0.020     1.342
       166     2.691     0.445     0.000     0.629    -2.615     5.933     2.691  1022.156 37160.121    28.875    10.325     0.020     1.346
       167     2.698     0.445     0.000     0.632    -2.613     5.973     2.698  1022.161 37061.030    28.881    10.325     0.020     1.349
       168     2.706     0.446     0.000     0.635    -2.612     6.013     2.706  1022.165 36961.515    28.888    10.326     0.020     1.353
       169     2.713     0.446     0.000     0.638    -2.611     6.054     2.713  1022.170 36861.528    28.894    10.326     0.020     1.356
       170     2.720     0.446     0.000     0.642    -2.609     6.094     2.720  1022.175 36761.023    28.900    10.327     0.020     1.360
       171     2.728     0.447     0.000     0.645    -2.608     6.135     2.728  1022.180 36659.958    28.906    10.327     0.020     1.364
       172     2.735     0.447     0.000     0.648    -2.607     6.177     2.735  1022.184 36558.291    28.912    10.328     0.020     1.368
       173     2.743     0.448     0.000     0.651    -2.605     6.218     2.743  1022.189 36455.986    28.919    10.328     0.020     1.372
       174     2.751     0.448     0.000     0.655    -2.604     6.260     2.751  1022.194 36353.003    28.925    10.329     0.020     1.375
       175     2.759     0.449     0.000     0.658    -2.602     6.303     2.759  1022.199 36249.307    28.931    10.329     0.020     1.379
       176     2.767     0.449     0.000     0.662    -2.600     6.345     2.767  1022.204 36144.861    28.938    10.330     0.020     1.383
       177     2.775     0.449     0.000     0.665    -2.599     6.388     2.775  1022.209 36039.631    28.944    10.330     0.020     1.387
       178     2.783     0.450     0.000     0.668    -2.597     6.432     2.783  1022.214 35933.581    28.951    10.331     0.020     1.391
       179     2.791     0.450     0.000     0.672    -2.595     6.475     2.791  1022.219 35826.678    28.958    10.331     0.020     1.396
       180     2.800     0.451     0.000     0.675    -2.594     6.519     2.800  1022.224 35718.887    28.964    10.332     0.020     1.400
       181     2.808     0.451     0.000     0.679    -2.592     6.564     2.808  1022.229 35610.174    28.971    10.332     0.020     1.404
       182     2.817     0.452     0.000     0.682    -2.590     6.609     2.817  1022.234 35500.505    28.978    10.333     0.020     1.408
       183     2.826     0.452     0.000     0.686    -2.588     6.654     2.826  1022.239 35389.848    28.984    10.333     0.020     1.413
       184     2.835     0.452     0.000     0.689    -2.586     6.700     2.835  1022.244 35278.167    28.991    10.334     0.020     1.417
       185     2.844     0.453     0.000     0.693    -2.584     6.746     2.844  1022.250 35165.429    28.998    10.335     0.020     1.422
       186     2.853     0.453     0.000     0.697    -2.582     6.792     2.853  1022.255 35051.600    29.005    10.335     0.020     1.426
       187     2.862     0.454     0.000     0.700    -2.580     6.839     2.862  1022.261 34936.646    29.012    10.336     0.020     1.431
       188     2.872     0.454     0.000     0.704    -2.578     6.887     2.872  1022.266 34820.533    29.019    10.336     0.020     1.436
       189     2.882     0.455     0.000     0.708    -2.576     6.935     2.882  1022.271 34703.226    29.027    10.337     0.020     1.441
       190     2.891     0.455     0.000     0.711    -2.574     6.983     2.891  1022.277 34584.691    29.034    10.337     0.020     1.446
       191     2.902     0.455     0.000     0.715    -2.572     7.032     2.902  1022.283 34464.892    29.041    10.338     0.020     1.451
       192     2.912     0.456     0.000     0.719    -2.569     7.082     2.912  1022.288 34343.795    29.049    10.339     0.020     1.456
       193     2.922     0.456     0.000     0.723    -2.567     7.132     2.922  1022.294 34221.363    29.056    10.339     0.020     1.461
       194     2.933     0.457     0.000     0.726    -2.565     7.182     2.933  1022.300 34097.562    29.064    10.340     0.020     1.466
       195     2.944     0.457     0.000     0.730    -2.562     7.233     2.944  1022.306 33972.353    29.072    10.341     0.020     1.472
       196     2.955     0.458     0.000     0.734    -2.560     7.285     2.955  1022.312 33845.701    29.079    10.341     0.020     1.477
       197     2.966     0.458     0.000     0.738    -2.557     7.337     2.966  1022.318 33717.569    29.087    10.342     0.020     1.483
       198     2.977     0.459     0.000     0.742    -2.554     7.390     2.977  1022.324 33587.918    29.095    10.343     0.020     1.489
       199     2.989     0.459     0.000     0.746    -2.552     7.444     2.989  1022.330 33456.711    29.103    10.343     0.020     1.494
       200     3.001     0.460     0.000     0.750    -2.549     7.498     3.001  1022.336 33323.908    29.111    10.344     0.020     1.500
       201     3.013     0.460     0.000     0.754    -2.546     7.553     3.013  1022.342 33189.471    29.120    10.345     0.020     1.507
       202     3.025     0.461     0.000     0.758    -2.543     7.608     3.025  1022.349 33053.360    29.128    10.345     0.020     1.513
       203     3.038     0.461     0.000     0.763    -2.540     7.665     3.038  1022.355 32915.534    29.137    10.346     0.020     1.519
       204     3.051     0.462     0.000     0.767    -2.537     7.722     3.051  1022.362 32775.952    29.145    10.347     0.020     1.526
       205     3.064     0.462     0.000     0.771    -2.534     7.779     3.064  1022.368 32634.573    29.154    10.348     0.020     1.532
       206     3.078     0.463     0.000     0.775    -2.531     7.838     3.078  1022.375 32491.355    29.163    10.348     0.020     1.539
       207     3.092     0.464     0.000     0.780    -2.528     7.897     3.092  1022.382 32346.254    29.171    10.349     0.020     1.546
       208     3.106     0.464     0.000     0.784    -2.524     7.957     3.106  1022.389 32199.227    29.180    10.350     0.020     1.553
       209     3.120     0.465     0.000     0.788    -2.521     8.018     3.120  1022.396 32050.229    29.190    10.351     0.020     1.560
       210     3.135     0.465     0.000     0.793    -2.517     8.080     3.135  1022.403 31899.216    29.199    10.352     0.020     1.567
       211     3.150     0.466     0.000     0.797    -2.514     8.143     3.150  1022.410 31746.142    29.208    10.352     0.020     1.575
       212     3.165     0.467     0.000     0.802    -2.510     8.207     3.165  1022.417 31590.960    29.218    10.353     0.020     1.583
       213     3.181     0.467     0.000     0.807    -2.506     8.271     3.181  1022.425 31433.622    29.227    10.354     0.020     1.591
       214     3.198     0.468     0.000     0.811    -2.502     8.337     3.198  1022.432 31274.081    29.237    10.355     0.020     1.599
       215     3.214     0.469     0.000     0.816    -2.498     8.404     3.214  1022.439 31112.286    29.247    10.356     0.020     1.607
       216     3.231     0.470     0.000     0.821    -2.494     8.471     3.231  1022.447 30948.189    29.257    10.357     0.020     1.616
       217     3.249     0.470     0.000     0.826    -2.490     8.540     3.249  1022.455 30781.738    29.267    10.358     0.020     1.624
       218     3.267     0.471     0.000     0.831    -2.485     8.610     3.267  1022.463 30612.881    29.278    10.359     0.020     1.633
       219     3.285     0.472     0.000     0.836    -2.481     8.681     3.285  1022.471 30441.566    29.288    10.360     0.020     1.642
       220     3.304     0.473     0.000     0.841    -2.476     8.753     3.304  1022.479 30267.738    29.299    10.361     0.020     1.652
       221     3.323     0.474     0.000     0.846    -2.471     8.827     3.323  1022.487 30091.344    29.310    10.362     0.020     1.662
       222     3.343     0.475     0.000     0.851    -2.467     8.902     3.343  1022.495 29912.326    29.321    10.363     0.020     1.672
       223     3.364     0.476     0.000     0.856    -2.462     8.978     3.364  1022.504 29730.628    29.332    10.364     0.020     1.682
       224     3.385     0.477     0.000     0.861    -2.456     9.056     3.385  1022.512 29546.193    29.343    10.365     0.020     1.692
       225     3.406     0.478     0.000     0.867    -2.451     9.135     3.406  1022.521 29358.960    29.354    10.366     0.020     1.703
       226     3.428     0.479     0.000     0.872    -2.446     9.215     3.428  1022.530 29168.870    29.366    10.367     0.020     1.714
       227     3.451     0.480     0.000     0.878    -2.440     9.297     3.451  1022.539 28975.861    29.378    10.369     0.020     1.726
       228     3.475     0.481     0.000     0.883    -2.435     9.381     3.475  1022.548 28779.871    29.390    10.370     0.020     1.737
       229     3.499     0.482     0.000     0.889    -2.429     9.466     3.499  1022.557 28580.835    29.402    10.371     0.020     1.749
       230     3.524     0.483     0.000     0.895    -2.423     9.553     3.524  1022.567 28378.688    29.414    10.372     0.020     1.762
       231     3.549     0.484     0.000     0.901    -2.416     9.642     3.549  1022.576 28173.364    29.427    10.374     0.020     1.775
       232     3.576     0.486     0.000     0.907    -2.410     9.733     3.576  1022.586 27964.795    29.439    10.375     0.020     1.788
       233     3.603     0.487     0.000     0.913    -2.403     9.826     3.603  1022.596 27752.910    29.452    10.376     0.020     1.802
       234     3.631     0.488     0.000     0.919    -2.396     9.920     3.631  1022.605 27537.641    29.466    10.378     0.020     1.816
       235     3.660     0.490     0.000     0.925    -2.389    10.017     3.660  1022.616 27318.914    29.479    10.379     0.020     1.830
       236     3.690     0.491     0.000     0.932    -2.382    10.116     3.690  1022.626 27096.655    29.492    10.381     0.020     1.845
       237     3.722     0.493     0.000     0.938    -2.375    10.217     3.722  1022.636 26870.789    29.506    10.382     0.020     1.861
       238     3.754     0.494     0.000     0.945    -2.367    10.321     3.754  1022.647 26641.240    29.520    10.384     0.020     1.877
       239     3.787     0.496     0.000     0.951    -2.359    10.427     3.787  1022.658 26407.928    29.534    10.385     0.020     1.893
       240     3.821     0.498     0.000     0.958    -2.351    10.536     3.821  1022.669 26170.772    29.549    10.387     0.020     1.911
       241     3.857     0.500     0.000     0.965    -2.342    10.648     3.857  1022.680 25929.691    29.563    10.389     0.020     1.928
       242     3.893     0.501     0.000     0.972    -2.333    10.762     3.893  1022.691 25684.600    29.578    10.391     0.020     1.947
       243     3.932     0.503     0.000     0.980    -2.324    10.880     3.932  1022.702 25435.413    29.593    10.392     0.020     1.966
       244     3.971     0.506     0.000     0.987    -2.315    11.000     3.971  1022.714 25182.042    29.609    10.394     0.020     1.986
       245     4.012     0.508     0.000     0.995    -2.305    11.124     4.012  1022.726 24924.396    29.624    10.396     0.020     2.006
       246     4.055     0.510     0.000     1.002    -2.295    11.251     4.055  1022.738 24662.382    29.640    10.398     0.020     2.027
       247     4.099     0.512     0.000     1.010    -2.285    11.382     4.099  1022.750 24395.905    29.656    10.400     0.020     2.050
       248     4.145     0.515     0.000     1.018    -2.274    11.517     4.145  1022.762 24124.867    29.673    10.402     0.020     2.073
       249     4.193     0.517     0.000     1.026    -2.263    11.656     4.193  1022.775 23849.168    29.689    10.404     0.020     2.097
       250     4.243     0.520     0.000     1.035    -2.251    11.799     4.243  1022.788 23568.705    29.706    10.407     0.020     2.121
       251     4.295     0.523     0.000     1.043    -2.239    11.946     4.295  1022.801 23283.370    29.723    10.409     0.020     2.147
       252     4.349     0.526     0.000     1.052    -2.227    12.098     4.349  1022.814 22993.055    29.741    10.411     0.020     2.175
       253     4.406     0.529     0.000     1.061    -2.214    12.256     4.406  1022.827 22697.645    29.759    10.414     0.020     2.203
       254     4.465     0.532     0.000     1.070    -2.200    12.418     4.465  1022.841 22397.023    29.777    10.416     0.020     2.232
       255     4.527     0.535     0.000     1.080    -2.186    12.587     4.527  1022.855 22091.068    29.795    10.419     0.020     2.263
       256     4.591     0.539     0.000     1.089    -2.171    12.761     4.591  1022.869 21779.653    29.814    10.422     0.020     2.296
       257     4.659     0.542     0.000     1.099    -2.156    12.941     4.659  1022.883 21462.647    29.833    10.424     0.020     2.330
       258     4.730     0.546     0.000     1.110    -2.140    13.129     4.730  1022.898 21139.912    29.852    10.427     0.020     2.365
       259     4.805     0.550     0.000     1.120    -2.124    13.323     4.805  1022.912 20811.305    29.872    10.430     0.020     2.403
       260     4.884     0.555     0.000     1.131    -2.106    13.526     4.884  1022.927 20476.674    29.892    10.434     0.020     2.442
       261     4.966     0.559     0.000     1.142    -2.088    13.736     4.966  1022.943 20135.860    29.912    10.437     0.020     2.483
       262     5.053     0.564     0.000     1.154    -2.069    13.956     5.053  1022.958 19788.695    29.933    10.441     0.020     2.527
       263     5.145     0.569     0.000     1.166    -2.049    14.185     5.145  1022.974 19434.999    29.954    10.444     0.020     2.573
       264     5.243     0.574     0.000     1.178    -2.028    14.425     5.243  1022.990 19074.581    29.975    10.448     0.020     2.621
       265     5.346     0.580     0.000     1.191    -2.006    14.676     5.346  1023.006 18707.234    29.997    10.452     0.020     2.673
       266     5.452     0.586     0.000     1.203    -1.984    14.934     5.452  1023.022 18340.715    30.019    10.456     0.020     2.726
       267     5.561     0.592     0.000     1.216    -1.961    15.193     5.561  1023.038 17981.371    30.040    10.460     0.020     2.781
       268     5.672     0.598     0.000     1.229    -1.938    15.455     5.672  1023.053 17629.061    30.061    10.464     0.020     2.836
       269     5.786     0.604     0.000     1.242    -1.914    15.719     5.786  1023.068 17283.647    30.081    10.468     0.020     2.893
       270     5.901     0.611     0.000     1.255    -1.891    15.986     5.901  1023.083 16944.996    30.101    10.473     0.020     2.951
       271     6.019     0.617     0.000     1.267    -1.867    16.256     6.019  1023.097 16612.975    30.120    10.477     0.020     3.010
       272     6.140     0.624     0.000     1.280    -1.843    16.528     6.140  1023.112 16287.454    30.139    10.481     0.020     3.070
       273     6.262     0.630     0.000     1.293    -1.818    16.803     6.262  1023.125 15968.306    30.158    10.485     0.020     3.131
       274     6.388     0.637     0.000     1.305    -1.794    17.080     6.388  1023.139 15655.406    30.176    10.490     0.020     3.194
       275     6.515     0.644     0.000     1.318    -1.769    17.361     6.515  1023.152 15348.633    30.194    10.494     0.020     3.258
       276     6.645     0.651     0.000     1.331    -1.743    17.645     6.645  1023.164 15047.867    30.211    10.499     0.020     3.323
       277     6.778     0.659     0.000     1.343    -1.718    17.932     6.778  1023.177 14752.990    30.228    10.503     0.020     3.389
       278     6.914     0.666     0.000     1.356    -1.692    18.222     6.914  1023.189 14463.887    30.245    10.508     0.020     3.457
       279     7.052     0.674     0.000     1.369    -1.666    18.516     7.052  1023.201 14180.445    30.261    10.512     0.020     3.526
       280     7.193     0.681     0.000     1.382    -1.640    18.813     7.193  1023.212 13902.554    30.277    10.517     0.020     3.596
       281     7.337     0.689     0.000     1.394    -1.613    19.114     7.337  1023.224 13630.105    30.292    10.522     0.020     3.668
       282     7.483     0.697     0.000     1.407    -1.586    19.418     7.483  1023.235 13362.991    30.307    10.526     0.020     3.742
       283     7.633     0.705     0.000     1.420    -1.559    19.726     7.633  1023.245 13101.108    30.322    10.531     0.020     3.816
       284     7.786     0.713     0.000     1.433    -1.532    20.039     7.786  1023.256 12844.354    30.337    10.536     0.020     3.893
       285     7.941     0.721     0.000     1.445    -1.504    20.355     7.941  1023.266 12592.629    30.351    10.541     0.020     3.971
       286     8.100     0.730     0.000     1.458    -1.476    20.675     8.100  1023.276 12345.834    30.365    10.546     0.020     4.050
       287     8.262     0.739     0.000     1.471    -1.447    20.999     8.262  1023.285 12103.872    30.378    10.551     0.020     4.131
       288     8.427     0.747     0.000     1.484    -1.419    21.328     8.427  1023.295 11866.650    30.391    10.556     0.020     4.213
       289     8.595     0.756     0.000     1.497    -1.390    21.661     8.595  1023.304 11634.074    30.404    10.561     0.020     4.298
       290     8.767     0.765     0.000     1.510    -1.361    21.999     8.767  1023.313 11406.054    30.416    10.566     0.020     4.384
       291     8.943     0.775     0.000     1.523    -1.331    22.341     8.943  1023.321 11182.500    30.429    10.571     0.020     4.471
       292     9.121     0.784     0.000     1.537    -1.301    22.688     9.121  1023.330 10963.325    30.441    10.576     0.020     4.561
       293     9.304     0.794     0.000     1.550    -1.271    23.040     9.304  1023.338 10748.443    30.452    10.582     0.020     4.652
       294     9.490     0.803     0.000     1.563    -1.241    23.397     9.490  1023.346 10537.770    30.463    10.587     0.020     4.745
       295     9.679     0.813     0.000     1.577    -1.210    23.758     9.679  1023.353 10331.225    30.475    10.592     0.020     4.840
       296     9.873     0.823     0.000     1.590    -1.179    24.126     9.873  1023.361 10128.726    30.485    10.598     0.020     4.936
       297    10.070     0.834     0.000     1.603    -1.147    24.498    10.070  1023.368  9930.193    30.496    10.603     0.020     5.035
       298    10.272     0.844     0.000     1.617    -1.116    24.876    10.272  1023.375  9735.551    30.506    10.609     0.020     5.136
       299    10.477     0.855     0.000     1.631    -1.084    25.260    10.477  1023.382  9544.721    30.516    10.614     0.020     5.238
       300    10.686     0.866     0.000     1.644    -1.051    25.649    10.686  1023.388  9357.630    30.526    10.620     0.020     5.343
       301    10.900     0.877     0.000     1.658    -1.018    26.045    10.900  1023.395  9174.204    30.535    10.626     0.020     5.450
       302    11.118     0.888     0.000     1.672    -0.985    26.446    11.118  1023.401  8994.372    30.544    10.631     0.020     5.559
       303    11.340     0.899     0.000     1.686    -0.952    26.854    11.340  1023.407  8818.063    30.553    10.637     0.020     5.670
       304    11.567     0.911     0.000     1.700    -0.918    27.268    11.567  1023.413  8645.209    30.562    10.643     0.020     5.784
       305    11.798     0.923     0.000     1.715    -0.884    27.688    11.798  1023.418  8475.741    30.571    10.649     0.020     5.899
       306    12.034     0.935     0.000     1.729    -0.850    28.115    12.034  1023.424  8309.594    30.579    10.655     0.020     6.017
       307    12.275     0.947     0.000     1.744    -0.815    28.549    12.275  1023.429  8146.702    30.587    10.661     0.020     6.137
       308    12.520     0.960     0.000     1.758    -0.780    28.990    12.520  1023.434  7987.002    30.595    10.667     0.020     6.260
       309    12.771     0.972     0.000     1.773    -0.745    29.438    12.771  1023.439  7830.432    30.602    10.673     0.020     6.385
       310    13.026     0.985     0.000     1.788    -0.709    29.893    13.026  1023.443  7676.929    30.610    10.680     0.020     6.513
       311    13.287     0.999     0.000     1.803    -0.673    30.356    13.287  1023.448  7526.434    30.617    10.686     0.020     6.643
       312    13.552     1.012     0.000     1.818    -0.637    30.826    13.552  1023.452  7378.888    30.624    10.692     0.020     6.776
       313    13.823     1.026     0.000     1.833    -0.600    31.305    13.823  1023.456  7234.233    30.630    10.699     0.020     6.912
       314    14.100     1.040     0.000     1.848    -0.563    31.791    14.100  1023.460  7092.413    30.637    10.705     0.020     7.050
       315    14.382     1.054     0.000     1.864    -0.526    32.286    14.382  1023.464  6953.372    30.643    10.712     0.020     7.191
       316    14.669     1.069     0.000     1.880    -0.488    32.790    14.669  1023.468  6817.055    30.649    10.718     0.020     7.335
       317    14.962     1.084     0.000     1.895    -0.450    33.302    14.962  1023.471  6683.410    30.655    10.725     0.020     7.481
       318    15.262     1.099     0.000     1.911    -0.412    33.823    15.262  1023.475  6552.384    30.661    10.732     0.020     7.631
       319    15.567     1.114     0.000     1.928    -0.373    34.353    15.567  1023.478  6423.926    30.667    10.739     0.020     7.783
       320    15.878     1.130     0.000     1.944    -0.334    34.893    15.878  1023.481  6297.985    30.672    10.746     0.020     7.939
       321    16.196     1.147     0.000     1.961    -0.295    35.443    16.196  1023.484  6174.512    30.677    10.753     0.020     8.098
       322    16.519     1.163     0.000     1.977    -0.255    36.002    16.519  1023.486  6053.459    30.682    10.760     0.020     8.260
---------------------------- Plume surfaces --------------------------
       323    16.850     1.180     0.000     1.994    -0.215    36.572    16.850  1023.489  5934.779    30.687    10.767     0.020     8.425
-------------------- Starting Farfield Calculations --------------------
Farfield dispersion based on wastefield width of :       1.18 (m)
4/3 Power Law based Eddy Diffusivity is used:
  Dilution     Width  Distance      Time     Conc.    Bckgrd
        ()       (m)       (m)    (hrs.)    (mg/L)    (mg/L)
    16.850     1.184     1.994     0.000  5934.779     0.000
    16.850     1.185     2.000     0.000  5909.906     0.000
    16.923     1.381     3.000     0.014  5909.906     0.000
    17.805     1.586     4.000     0.028  5821.027     0.000
    19.427     1.800     5.000     0.042  5280.943     0.000
    21.429     2.024     6.000     0.056  5280.943     0.000
    23.651     2.255     7.000     0.070  4636.645     0.000
    26.026     2.496     8.000     0.084  4064.526     0.000
    28.522     2.744     9.000     0.098  3585.309     0.000
    31.119     2.999    10.000     0.111  3585.309     0.000
    33.808     3.263    11.000     0.125  3187.425     0.000
    36.581     3.533    12.000     0.139  2855.530     0.000
    39.433     3.811    13.000     0.153  2576.319     0.000
    42.361     4.096    14.000     0.167  2576.319     0.000
    45.362     4.387    15.000     0.181  2339.240     0.000
    48.433     4.685    16.000     0.195  2136.111     0.000
    51.572     4.989    17.000     0.209  1960.599     0.000
    54.778     5.300    18.000     0.223  1960.599     0.000
    58.049     5.617    19.000     0.236  1807.775     0.000
    61.383     5.940    20.000     0.250  1673.763     0.000
    64.779     6.269    21.000     0.264  1555.492     0.000
    68.236     6.604    22.000     0.278  1555.492     0.000
    71.753     6.944    23.000     0.292  1450.498     0.000
    75.329     7.290    24.000     0.306  1356.792     0.000
    78.962     7.642    25.000     0.320  1272.748     0.000
    82.653     8.000    26.000     0.334  1272.748     0.000
    86.399     8.362    27.000     0.348  1197.029     0.000
    90.200     8.730    28.000     0.361  1128.526     0.000
    94.056     9.103    29.000     0.375  1066.312     0.000
    97.965     9.482    30.000     0.389  1066.312     0.000
   101.927     9.865    31.000     0.403  1009.610     0.000
   105.941    10.254    32.000     0.417   957.758     0.000
   110.006    10.648    33.000     0.431   910.197     0.000
   114.122    11.046    34.000     0.445   910.197     0.000
   118.289    11.449    35.000     0.459   866.444     0.000
   122.505    11.857    36.000     0.473   826.087     0.000
   126.769    12.270    37.000     0.486   788.768     0.000
   131.083    12.688    38.000     0.500   788.768     0.000
   135.444    13.110    39.000     0.514   754.175     0.000
   139.852    13.536    40.000     0.528   722.039     0.000
   144.307    13.968    41.000     0.542   722.039     0.000
   148.809    14.403    42.000     0.556   692.122     0.000
   153.356    14.844    43.000     0.570   664.214     0.000
   157.949    15.288    44.000     0.584   638.133     0.000
   162.587    15.737    45.000     0.598   638.133     0.000
   167.269    16.190    46.000     0.611   613.715     0.000
   171.996    16.648    47.000     0.625   590.815     0.000
   176.766    17.110    48.000     0.639   569.305     0.000
   181.579    17.575    49.000     0.653   569.305     0.000
   186.436    18.045    50.000     0.667   549.069     0.000
   191.335    18.520    51.000     0.681   530.003     0.000
   196.276    18.998    52.000     0.695   512.016     0.000
   201.259    19.480    53.000     0.709   512.016     0.000
   206.283    19.967    54.000     0.723   495.024     0.000
   211.349    20.457    55.000     0.736   478.951     0.000
   216.455    20.951    56.000     0.750   463.729     0.000
   221.602    21.449    57.000     0.764   463.729     0.000
   226.789    21.951    58.000     0.778   449.297     0.000
   232.015    22.457    59.000     0.792   435.598     0.000
   237.282    22.967    60.000     0.806   422.582     0.000
   242.587    23.481    61.000     0.820   422.582     0.000
   247.932    23.998    62.000     0.834   410.201     0.000
   253.315    24.519    63.000     0.848   398.413     0.000
   258.737    25.044    64.000     0.861   387.178     0.000
   264.197    25.572    65.000     0.875   387.178     0.000
   269.695    26.104    66.000     0.889   376.463     0.000
   275.230    26.640    67.000     0.903   366.232     0.000
   280.803    27.180    68.000     0.917   356.456     0.000
   286.412    27.723    69.000     0.931   356.456     0.000
   292.059    28.269    70.000     0.945   347.108     0.000
   297.742    28.819    71.000     0.959   338.161     0.000
   303.462    29.373    72.000     0.973   329.592     0.000
   309.218    29.930    73.000     0.986   329.592     0.000
   315.010    30.491    74.000     1.000   321.379     0.000
   320.837    31.055    75.000     1.014   313.502     0.000
   326.700    31.622    76.000     1.028   313.502     0.000
   332.598    32.193    77.000     1.042   305.941     0.000
   338.532    32.767    78.000     1.056   298.679     0.000
   344.500    33.345    79.000     1.070   291.700     0.000
   350.503    33.926    80.000     1.084   291.700     0.000
   356.540    34.510    81.000     1.098   284.988     0.000
   362.612    35.098    82.000     1.111   278.530     0.000
   368.717    35.689    83.000     1.125   272.313     0.000
   374.857    36.283    84.000     1.139   272.313     0.000
   381.030    36.881    85.000     1.153   266.323     0.000
   387.237    37.482    86.000     1.167   260.550     0.000
   393.477    38.086    87.000     1.181   254.982     0.000
   399.751    38.693    88.000     1.195   254.982     0.000
   406.057    39.303    89.000     1.209   249.610     0.000
   412.396    39.917    90.000     1.223   244.423     0.000
   418.768    40.534    91.000     1.236   239.414     0.000
   425.172    41.153    92.000     1.250   239.414     0.000
   431.609    41.776    93.000     1.264   234.574     0.000
   438.077    42.403    94.000     1.278   229.895     0.000
   444.578    43.032    95.000     1.292   225.369     0.000
   451.111    43.664    96.000     1.306   225.369     0.000
   457.675    44.299    97.000     1.320   220.989     0.000
   464.271    44.938    98.000     1.334   216.750     0.000
   470.898    45.579    99.000     1.348   212.645     0.000
   477.556    46.224   100.000     1.361   212.645     0.000
   484.246    46.871   101.000     1.375   208.667     0.000
   490.966    47.522   102.000     1.389   204.812     0.000
   497.718    48.175   103.000     1.403   201.074     0.000
   504.500    48.832   104.000     1.417   201.074     0.000
   511.312    49.491   105.000     1.431   197.449     0.000
   518.155    50.153   106.000     1.445   193.931     0.000
   525.028    50.819   107.000     1.459   190.516     0.000
   531.931    51.487   108.000     1.473   190.516     0.000
   538.864    52.158   109.000     1.486   187.201     0.000
   545.828    52.832   110.000     1.500   183.980     0.000
   552.820    53.509   111.000     1.514   183.980     0.000
   559.843    54.189   112.000     1.528   180.851     0.000
   566.895    54.871   113.000     1.542   177.810     0.000
   573.976    55.557   114.000     1.556   174.853     0.000
   581.087    56.245   115.000     1.570   174.853     0.000
   588.226    56.936   116.000     1.584   171.976     0.000
   595.395    57.630   117.000     1.598   169.178     0.000
   602.592    58.326   118.000     1.611   166.455     0.000
   609.819    59.026   119.000     1.625   166.455     0.000
   617.074    59.728   120.000     1.639   163.804     0.000
   624.357    60.433   121.000     1.653   161.223     0.000
   631.669    61.141   122.000     1.667   158.709     0.000
   639.009    61.851   123.000     1.681   158.709     0.000
   646.378    62.565   124.000     1.695   156.260     0.000
   653.774    63.280   125.000     1.709   153.873     0.000
   661.199    63.999   126.000     1.723   151.546     0.000
   668.651    64.720   127.000     1.736   151.546     0.000
   676.132    65.444   128.000     1.750   149.277     0.000
   683.640    66.171   129.000     1.764   147.064     0.000
   691.175    66.901   130.000     1.778   144.906     0.000
   698.738    67.633   131.000     1.792   144.906     0.000
   706.329    68.367   132.000     1.806   142.799     0.000
   713.946    69.105   133.000     1.820   140.743     0.000
   721.591    69.845   134.000     1.834   138.736     0.000
   729.263    70.587   135.000     1.848   138.736     0.000
   736.962    71.332   136.000     1.861   136.777     0.000
   744.688    72.080   137.000     1.875   134.863     0.000
   752.441    72.831   138.000     1.889   132.993     0.000
   760.220    73.584   139.000     1.903   132.993     0.000
   768.026    74.339   140.000     1.917   131.166     0.000
   775.859    75.097   141.000     1.931   129.380     0.000
   783.718    75.858   142.000     1.945   127.635     0.000
   791.603    76.621   143.000     1.959   127.635     0.000
   799.515    77.387   144.000     1.973   125.928     0.000
   807.453    78.155   145.000     1.986   124.260     0.000
   815.417    78.926   146.000     2.000   122.627     0.000
   823.407    79.700   147.000     2.014   122.627     0.000
   831.423    80.475   148.000     2.028   121.031     0.000
   839.464    81.254   149.000     2.042   119.468     0.000
   847.532    82.035   150.000     2.056   119.468     0.000
   855.625    82.818   151.000     2.070   117.939     0.000
   863.744    83.604   152.000     2.084   116.442     0.000
   871.888    84.392   153.000     2.098   114.977     0.000
   880.058    85.183   154.000     2.111   114.977     0.000
   888.253    85.976   155.000     2.125   113.542     0.000
   896.473    86.772   156.000     2.139   112.136     0.000
   904.719    87.570   157.000     2.153   110.760     0.000
   912.990    88.371   158.000     2.167   110.760     0.000
   921.285    89.174   159.000     2.181   109.411     0.000
   929.606    89.979   160.000     2.195   108.090     0.000
   937.952    90.787   161.000     2.209   106.795     0.000
   946.322    91.597   162.000     2.223   106.795     0.000
   954.717    92.409   163.000     2.236   105.525     0.000
   963.137    93.224   164.000     2.250   104.281     0.000
   971.582    94.042   165.000     2.264   103.060     0.000
   980.051    94.862   166.000     2.278   103.060     0.000
   988.544    95.684   167.000     2.292   101.864     0.000
   997.062    96.508   168.000     2.306   100.690     0.000
  1005.604    97.335   169.000     2.320    99.539     0.000
  1014.171    98.164   170.000     2.334    99.539     0.000
  1022.761    98.996   171.000     2.348    98.409     0.000
  1031.376    99.829   172.000     2.361    97.301     0.000
  1040.015   100.666   173.000     2.375    96.213     0.000
  1048.678   101.504   174.000     2.389    96.213     0.000
  1057.365   102.345   175.000     2.403    95.146     0.000
  1066.075   103.188   176.000     2.417    94.098     0.000
  1074.810   104.034   177.000     2.431    93.069     0.000
  1083.568   104.881   178.000     2.445    93.069     0.000
  1092.349   105.731   179.000     2.459    92.059     0.000
  1101.155   106.584   180.000     2.473    91.067     0.000
  1109.984   107.438   181.000     2.486    90.092     0.000
  1118.836   108.295   182.000     2.500    90.092     0.000
  1127.712   109.154   183.000     2.514    89.135     0.000
  1136.611   110.015   184.000     2.528    88.195     0.000
  1145.533   110.879   185.000     2.542    88.195     0.000
  1154.479   111.745   186.000     2.556    87.271     0.000
  1163.448   112.613   187.000     2.570    86.363     0.000
  1172.440   113.483   188.000     2.584    85.471     0.000
  1181.455   114.356   189.000     2.598    85.471     0.000
  1190.493   115.231   190.000     2.611    84.594     0.000
  1199.554   116.108   191.000     2.625    83.732     0.000
  1208.637   116.987   192.000     2.639    82.884     0.000
  1217.744   117.868   193.000     2.653    82.884     0.000
  1226.873   118.752   194.000     2.667    82.051     0.000
  1236.025   119.638   195.000     2.681    81.231     0.000
  1245.200   120.526   196.000     2.695    80.426     0.000
  1254.397   121.416   197.000     2.709    80.426     0.000
  1263.617   122.309   198.000     2.723    79.633     0.000
  1272.859   123.203   199.000     2.736    78.853     0.000
  1282.124   124.100   200.000     2.750    78.086     0.000
  1291.411   124.999   201.000     2.764    78.086     0.000
  1300.720   125.900   202.000     2.778    77.331     0.000
  1310.052   126.803   203.000     2.792    76.589     0.000
  1319.406   127.709   204.000     2.806    75.858     0.000
  1328.782   128.616   205.000     2.820    75.858     0.000
  1338.180   129.526   206.000     2.834    75.138     0.000
............................. Reached Chronic Mixing Zone ..........................
  1347.600   130.438   207.000     2.848    74.430     0.000
  1357.042   131.351   208.000     2.861    73.733     0.000
  1366.506   132.268   209.000     2.875    73.733     0.000
  1375.992   133.186   210.000     2.889    73.047     0.000
  1385.500   134.106   211.000     2.903    72.372     0.000
  1395.030   135.028   212.000     2.917    71.706     0.000
  1404.581   135.953   213.000     2.931    71.706     0.000
  1414.154   136.880   214.000     2.945    71.051     0.000
  1423.749   137.808   215.000     2.959    70.406     0.000
  1433.365   138.739   216.000     2.973    69.771     0.000
  1443.003   139.672   217.000     2.986    69.771     0.000
  1452.663   140.607   218.000     3.000    69.145     0.000
  1462.344   141.544   219.000     3.014    68.528     0.000
  1472.046   142.483   220.000     3.028    68.528     0.000
  1481.770   143.424   221.000     3.042    67.920     0.000
  1491.515   144.367   222.000     3.056    67.322     0.000
  1501.281   145.313   223.000     3.070    66.732     0.000
  1511.068   146.260   224.000     3.084    66.732     0.000
  1520.877   147.209   225.000     3.098    66.151     0.000
  1530.707   148.161   226.000     3.111    65.578     0.000
  1540.558   149.114   227.000     3.125    65.013     0.000
  1550.429   150.070   228.000     3.139    65.013     0.000
  1560.322   151.027   229.000     3.153    64.456     0.000
  1570.236   151.987   230.000     3.167    63.908     0.000
  1580.171   152.949   231.000     3.181    63.367     0.000
  1590.127   153.912   232.000     3.195    63.367     0.000
  1600.103   154.878   233.000     3.209    62.833     0.000
  1610.100   155.846   234.000     3.223    62.307     0.000
  1620.118   156.815   235.000     3.236    61.788     0.000
  1630.157   157.787   236.000     3.250    61.788     0.000
  1640.216   158.761   237.000     3.264    61.277     0.000
  1650.296   159.736   238.000     3.278    60.772     0.000
  1660.397   160.714   239.000     3.292    60.275     0.000
  1670.518   161.693   240.000     3.306    60.275     0.000
  1680.659   162.675   241.000     3.320    59.784     0.000
  1690.821   163.659   242.000     3.334    59.300     0.000
  1701.003   164.644   243.000     3.348    58.822     0.000
  1711.206   165.632   244.000     3.361    58.822     0.000
  1721.429   166.621   245.000     3.375    58.351     0.000
  1731.672   167.613   246.000     3.389    57.885     0.000
  1741.936   168.606   247.000     3.403    57.427     0.000
  1752.219   169.602   248.000     3.417    57.427     0.000
  1762.523   170.599   249.000     3.431    56.974     0.000
  1772.847   171.598   250.000     3.445    56.527     0.000
  1783.191   172.599   251.000     3.459    56.085     0.000
  1793.555   173.603   252.000     3.473    56.085     0.000
  1803.940   174.608   253.000     3.486    55.650     0.000
  1814.344   175.615   254.000     3.500    55.220     0.000
  1824.768   176.624   255.000     3.514    55.220     0.000
  1835.211   177.635   256.000     3.528    54.796     0.000
  1845.675   178.647   257.000     3.542    54.377     0.000
  1856.159   179.662   258.000     3.556    53.963     0.000
  1866.662   180.679   259.000     3.570    53.963     0.000
  1877.185   181.697   260.000     3.584    53.555     0.000
  1887.728   182.718   261.000     3.598    53.151     0.000
  1898.290   183.740   262.000     3.611    52.753     0.000
  1908.872   184.764   263.000     3.625    52.753     0.000
  1919.474   185.791   264.000     3.639    52.360     0.000
  1930.095   186.819   265.000     3.653    51.971     0.000
  1940.736   187.849   266.000     3.667    51.588     0.000
  1951.396   188.880   267.000     3.681    51.588     0.000
  1962.076   189.914   268.000     3.695    51.209     0.000
  1972.775   190.950   269.000     3.709    50.834     0.000
  1983.493   191.987   270.000     3.723    50.465     0.000
  1994.231   193.026   271.000     3.736    50.465     0.000
  2004.988   194.068   272.000     3.750    50.099     0.000
  2015.764   195.111   273.000     3.764    49.738     0.000
  2026.560   196.156   274.000     3.778    49.382     0.000
  2037.375   197.202   275.000     3.792    49.382     0.000
  2048.209   198.251   276.000     3.806    49.029     0.000
  2059.062   199.302   277.000     3.820    48.681     0.000
  2069.934   200.354   278.000     3.834    48.337     0.000
  2080.825   201.408   279.000     3.848    48.337     0.000
  2091.736   202.464   280.000     3.861    47.997     0.000
  2102.665   203.522   281.000     3.875    47.661     0.000
  2113.613   204.582   282.000     3.889    47.328     0.000
  2124.580   205.643   283.000     3.903    47.328     0.000
  2135.567   206.707   284.000     3.917    47.000     0.000
  2146.572   207.772   285.000     3.931    46.675     0.000
  2157.595   208.839   286.000     3.945    46.354     0.000
  2168.638   209.908   287.000     3.959    46.354     0.000
  2179.699   210.978   288.000     3.973    46.037     0.000
  2190.780   212.051   289.000     3.986    45.724     0.000
  2201.878   213.125   290.000     4.000    45.724     0.000
  2212.996   214.201   291.000     4.014    45.414     0.000
  2224.132   215.279   292.000     4.028    45.107     0.000
  2235.287   216.359   293.000     4.042    44.804     0.000
  2246.460   217.440   294.000     4.056    44.804     0.000
  2257.652   218.524   295.000     4.070    44.504     0.000
  2268.863   219.609   296.000     4.084    44.208     0.000
  2280.092   220.696   297.000     4.098    43.914     0.000
  2291.339   221.784   298.000     4.111    43.914     0.000
  2302.605   222.875   299.000     4.125    43.624     0.000
  2313.889   223.967   300.000     4.139    43.338     0.000
  2325.192   225.061   301.000     4.153    43.054     0.000
  2336.513   226.157   302.000     4.167    43.054     0.000
  2347.852   227.254   303.000     4.181    42.773     0.000
  2359.210   228.354   304.000     4.195    42.496     0.000
  2370.586   229.455   305.000     4.209    42.221     0.000
  2381.980   230.557   306.000     4.223    42.221     0.000
  2393.392   231.662   307.000     4.236    41.950     0.000
  2404.823   232.768   308.000     4.250    41.681     0.000
  2416.271   233.877   309.000     4.264    41.415     0.000
  2427.738   234.986   310.000     4.278    41.415     0.000
  2439.223   236.098   311.000     4.292    41.152     0.000
  2450.725   237.211   312.000     4.306    40.892     0.000
  2462.246   238.327   313.000     4.320    40.634     0.000
  2473.785   239.443   314.000     4.334    40.634     0.000
  2485.342   240.562   315.000     4.348    40.380     0.000
  2496.917   241.682   316.000     4.361    40.127     0.000
  2508.509   242.805   317.000     4.375    39.878     0.000
  2520.120   243.928   318.000     4.389    39.878     0.000
  2531.748   245.054   319.000     4.403    39.631     0.000
  2543.395   246.181   320.000     4.417    39.386     0.000
  2555.059   247.310   321.000     4.431    39.145     0.000
  2566.741   248.441   322.000     4.445    39.145     0.000
  2578.440   249.573   323.000     4.459    38.905     0.000
  2590.157   250.707   324.000     4.473    38.668     0.000
  2601.892   251.843   325.000     4.486    38.433     0.000
  2613.645   252.981   326.000     4.500    38.433     0.000
  2625.415   254.120   327.000     4.514    38.201     0.000
  2637.203   255.261   328.000     4.528    37.971     0.000
  2649.009   256.404   329.000     4.542    37.971     0.000
  2660.832   257.548   330.000     4.556    37.743     0.000
  2672.673   258.694   331.000     4.570    37.518     0.000
  2684.531   259.842   332.000     4.584    37.295     0.000
  2696.406   260.991   333.000     4.598    37.295     0.000
  2708.299   262.143   334.000     4.611    37.074     0.000
  2720.210   263.295   335.000     4.625    36.855     0.000
  2732.138   264.450   336.000     4.639    36.639     0.000
  2744.083   265.606   337.000     4.653    36.639     0.000
  2756.046   266.764   338.000     4.667    36.424     0.000
  2768.026   267.924   339.000     4.681    36.212     0.000
  2780.023   269.085   340.000     4.695    36.001     0.000
  2792.038   270.248   341.000     4.709    36.001     0.000
  2804.069   271.412   342.000     4.723    35.793     0.000
  2816.119   272.579   343.000     4.736    35.586     0.000
  2828.185   273.747   344.000     4.750    35.382     0.000
  2840.268   274.916   345.000     4.764    35.382     0.000
  2852.369   276.087   346.000     4.778    35.180     0.000
  2864.487   277.260   347.000     4.792    34.979     0.000
  2876.622   278.435   348.000     4.806    34.781     0.000
  2888.774   279.611   349.000     4.820    34.781     0.000
  2900.943   280.789   350.000     4.834    34.584     0.000
  2913.129   281.968   351.000     4.848    34.389     0.000
  2925.332   283.150   352.000     4.861    34.196     0.000
  2937.552   284.332   353.000     4.875    34.196     0.000
  2949.789   285.517   354.000     4.889    34.005     0.000
  2962.043   286.703   355.000     4.903    33.815     0.000
  2974.314   287.891   356.000     4.917    33.627     0.000
  2986.602   289.080   357.000     4.931    33.627     0.000
  2998.906   290.271   358.000     4.945    33.441     0.000
  3011.228   291.464   359.000     4.959    33.257     0.000
  3023.566   292.658   360.000     4.973    33.075     0.000
  3035.922   293.854   361.000     4.986    33.075     0.000
  3048.293   295.051   362.000     5.000    32.894     0.000
  3060.682   296.250   363.000     5.014    32.714     0.000
  3073.088   297.451   364.000     5.028    32.714     0.000
  3085.510   298.653   365.000     5.042    32.537     0.000
  3097.949   299.857   366.000     5.056    32.361     0.000
  3110.404   301.063   367.000     5.070    32.186     0.000
  3122.877   302.270   368.000     5.084    32.186     0.000
  3135.365   303.479   369.000     5.098    32.013     0.000
  3147.871   304.689   370.000     5.111    31.842     0.000
  3160.393   305.902   371.000     5.125    31.672     0.000
  3172.931   307.115   372.000     5.139    31.672     0.000
  3185.486   308.330   373.000     5.153    31.503     0.000
  3198.058   309.547   374.000     5.167    31.337     0.000
  3210.646   310.766   375.000     5.181    31.171     0.000
  3223.251   311.986   376.000     5.195    31.171     0.000
  3235.872   313.207   377.000     5.209    31.007     0.000
  3248.509   314.430   378.000     5.223    30.845     0.000
  3261.163   315.655   379.000     5.236    30.684     0.000
  3273.834   316.882   380.000     5.250    30.684     0.000
  3286.520   318.110   381.000     5.264    30.524     0.000
  3299.223   319.339   382.000     5.278    30.366     0.000
  3311.942   320.570   383.000     5.292    30.209     0.000
  3324.678   321.803   384.000     5.306    30.209     0.000
  3337.430   323.037   385.000     5.320    30.053     0.000
  3350.198   324.273   386.000     5.334    29.899     0.000
  3362.983   325.511   387.000     5.348    29.746     0.000
  3375.783   326.750   388.000     5.361    29.746     0.000
  3388.600   327.990   389.000     5.375    29.594     0.000
  3401.433   329.232   390.000     5.389    29.444     0.000
  3414.282   330.476   391.000     5.403    29.295     0.000
  3427.147   331.721   392.000     5.417    29.295     0.000
  3440.029   332.968   393.000     5.431    29.147     0.000
  3452.926   334.216   394.000     5.445    29.000     0.000
  3465.840   335.466   395.000     5.459    28.855     0.000
  3478.770   336.718   396.000     5.473    28.855     0.000
  3491.715   337.971   397.000     5.486    28.711     0.000
  3504.677   339.225   398.000     5.500    28.568     0.000
  3517.655   340.482   399.000     5.514    28.568     0.000
  3530.649   341.739   400.000     5.528    28.426     0.000
  3543.658   342.998   401.000     5.542    28.285     0.000
  3556.684   344.259   402.000     5.556    28.146     0.000
  3569.725   345.522   403.000     5.570    28.146     0.000
  3582.783   346.785   404.000     5.584    28.007     0.000
  3595.856   348.051   405.000     5.598    27.870     0.000
  3608.945   349.318   406.000     5.611    27.734     0.000
  3622.050   350.586   407.000     5.625    27.734     0.000
  3635.171   351.856   408.000     5.639    27.599     0.000
  3648.308   353.128   409.000     5.653    27.465     0.000
  3661.460   354.401   410.000     5.667    27.332     0.000
  3674.628   355.675   411.000     5.681    27.332     0.000
  3687.812   356.951   412.000     5.695    27.201     0.000
  3701.012   358.229   413.000     5.709    27.070     0.000
  3714.227   359.508   414.000     5.723    26.940     0.000
  3727.458   360.789   415.000     5.736    26.940     0.000
  3740.705   362.071   416.000     5.750    26.812     0.000
  3753.968   363.355   417.000     5.764    26.684     0.000
  3767.246   364.640   418.000     5.778    26.557     0.000
  3780.539   365.927   419.000     5.792    26.557     0.000
  3793.849   367.215   420.000     5.806    26.432     0.000
  3807.173   368.504   421.000     5.820    26.307     0.000
  3820.514   369.796   422.000     5.834    26.184     0.000
  3833.870   371.088   423.000     5.848    26.184     0.000
  3847.241   372.383   424.000     5.861    26.061     0.000
  3860.628   373.678   425.000     5.875    25.939     0.000
  3874.031   374.976   426.000     5.889    25.818     0.000
  3887.449   376.274   427.000     5.903    25.818     0.000
  3900.882   377.575   428.000     5.917    25.699     0.000
  3914.331   378.876   429.000     5.931    25.580     0.000
  3927.795   380.180   430.000     5.945    25.462     0.000
  3941.275   381.484   431.000     5.959    25.462     0.000
  3954.770   382.791   432.000     5.973    25.345     0.000
  3968.281   384.098   433.000     5.986    25.228     0.000
  3981.806   385.407   434.000     6.000    25.228     0.000
  3995.347   386.718   435.000     6.014    25.113     0.000
  4008.904   388.030   436.000     6.028    24.999     0.000
  4022.476   389.344   437.000     6.042    24.885     0.000
  4036.063   390.659   438.000     6.056    24.885     0.000
  4049.665   391.976   439.000     6.070    24.772     0.000
  4063.282   393.294   440.000     6.084    24.661     0.000
  4076.915   394.613   441.000     6.098    24.549     0.000
  4090.563   395.934   442.000     6.111    24.549     0.000
  4104.226   397.257   443.000     6.125    24.439     0.000
  4117.905   398.581   444.000     6.139    24.330     0.000
  4131.598   399.906   445.000     6.153    24.221     0.000
  4145.307   401.233   446.000     6.167    24.221     0.000
  4159.031   402.561   447.000     6.181    24.114     0.000
  4172.770   403.891   448.000     6.195    24.007     0.000
  4186.524   405.222   449.000     6.209    23.901     0.000
  4200.293   406.555   450.000     6.223    23.901     0.000
  4214.077   407.889   451.000     6.236    23.795     0.000
  4227.876   409.225   452.000     6.250    23.691     0.000
  4241.690   410.562   453.000     6.264    23.587     0.000
  4255.519   411.901   454.000     6.278    23.587     0.000
  4269.364   413.241   455.000     6.292    23.484     0.000
  4283.223   414.582   456.000     6.306    23.381     0.000
  4297.097   415.925   457.000     6.320    23.280     0.000
  4310.986   417.269   458.000     6.334    23.280     0.000
  4324.890   418.615   459.000     6.348    23.179     0.000
  4338.809   419.962   460.000     6.361    23.079     0.000
  4352.743   421.311   461.000     6.375    22.979     0.000
  4366.692   422.661   462.000     6.389    22.979     0.000
  4380.655   424.013   463.000     6.403    22.880     0.000
  4394.634   425.366   464.000     6.417    22.782     0.000
  4408.627   426.720   465.000     6.431    22.685     0.000
  4422.635   428.076   466.000     6.445    22.685     0.000
  4436.658   429.433   467.000     6.459    22.589     0.000
  4450.696   430.792   468.000     6.473    22.493     0.000
  4464.748   432.152   469.000     6.486    22.397     0.000
  4478.816   433.514   470.000     6.500    22.397     0.000
  4492.898   434.877   471.000     6.514    22.303     0.000
  4506.994   436.241   472.000     6.528    22.209     0.000
  4521.106   437.607   473.000     6.542    22.209     0.000
  4535.232   438.974   474.000     6.556    22.116     0.000
  4549.373   440.343   475.000     6.570    22.023     0.000
  4563.528   441.713   476.000     6.584    21.931     0.000
  4577.698   443.085   477.000     6.598    21.931     0.000
  4591.883   444.458   478.000     6.611    21.840     0.000
  4606.083   445.832   479.000     6.625    21.749     0.000
  4620.297   447.208   480.000     6.639    21.659     0.000
  4634.525   448.585   481.000     6.653    21.659     0.000
  4648.768   449.964   482.000     6.667    21.569     0.000
  4663.026   451.344   483.000     6.681    21.481     0.000
  4677.298   452.725   484.000     6.695    21.392     0.000
  4691.585   454.108   485.000     6.709    21.392     0.000
  4705.887   455.492   486.000     6.723    21.305     0.000
  4720.202   456.878   487.000     6.736    21.218     0.000
  4734.533   458.265   488.000     6.750    21.131     0.000
  4748.878   459.653   489.000     6.764    21.131     0.000
  4763.237   461.043   490.000     6.778    21.045     0.000
  4777.610   462.434   491.000     6.792    20.960     0.000
  4791.999   463.827   492.000     6.806    20.875     0.000
  4806.401   465.221   493.000     6.820    20.875     0.000
  4820.818   466.617   494.000     6.834    20.791     0.000
  4835.249   468.013   495.000     6.848    20.708     0.000
  4849.695   469.412   496.000     6.861    20.625     0.000
  4864.155   470.811   497.000     6.875    20.625     0.000
  4878.630   472.212   498.000     6.889    20.542     0.000
  4893.118   473.615   499.000     6.903    20.460     0.000
  4907.621   475.018   500.000     6.917    20.379     0.000
  4922.139   476.423   501.000     6.931    20.379     0.000
  4926.496   476.845   501.300     6.935    20.298     0.000
