****************************************************************************************************
----------------------------------------------------------------------------------------------------
Ambient Table:
     Depth   Amb-cur   Amb-dir   Amb-sal   Amb-tem   Amb-pol     Decay   Far-spd   Far-dir   Disprsn
       (m)     (m/s)     (deg)     (psu)       (C)    (mg/L)   (1/day)     (m/s)     (deg)(m0.67/s2)
     0.000     0.020    90.000    30.900    11.200     0.000     0.000     0.020    90.000   0.00030
     3.000     0.020    90.000    31.200    10.400     0.000     0.000     0.020    90.000   0.00030
     6.000     0.020    90.000    31.200     9.690     0.000     0.000     0.020    90.000   0.00030
     9.000     0.020    90.000    31.700     9.440     0.000     0.000     0.020    90.000   0.00030
    12.000     0.020    90.000    31.800     9.340     0.000     0.000     0.020    90.000   0.00030
    15.000     0.050    90.000    31.900     9.220     0.000     0.000     0.020    90.000   0.00030
----------------------------------------------------------------------------------------------------
Diffuser Table:
     P-dia    P-elev   V-angle   H-angle     Ports   Spacing   AcuteMZ   ChrncMZ   P-depth   Ttl-flo   Eff-sal      Temp   Polutnt
       (m)       (m)     (deg)     (deg)       ( )       (m)       (m)       (m)       (m)     (cms)     (psu)       (C)    (mg/L)
      0.20     15.00    -45.00     90.00      1.00      0.00     20.70    207.00      2.00      0.01     30.00     10.00 100000.00
----------------------------------------------------------------------------------------------------
Simulation Results:
              Dilutn     P-dia    x-posn    y-posn     Depth      Time   Net-Dil     P-Den    P-Con.     P-Sal    P-Temp  Amb-Curr    CL-Dil
      Step (FluxAvg)       (m)       (m)       (m)       (m)       (s)        ()   (kg/m3)    (mg/L)     (psu)       (C)     (m/s)        ()
         1     1.020     0.158     0.000     0.006    -2.006     0.032     1.020  1023.097 98040.621    30.022    10.013     0.020     1.000
         2     1.040     0.161     0.000     0.011    -2.011     0.064     1.040  1023.111 96119.607    30.043    10.026     0.020     1.000
         3     1.061     0.164     0.000     0.017    -2.017     0.097     1.061  1023.125 94236.208    30.063    10.038     0.020     1.000
         4     1.082     0.167     0.000     0.023    -2.023     0.131     1.082  1023.139 92389.689    30.084    10.051     0.020     1.000
         5     1.104     0.171     0.000     0.029    -2.029     0.166     1.104  1023.152 90579.328    30.104    10.063     0.020     1.000
         6     1.126     0.174     0.000     0.035    -2.035     0.203     1.126  1023.166 88804.419    30.123    10.074     0.020     1.000
         7     1.149     0.177     0.000     0.041    -2.041     0.241     1.149  1023.179 87064.269    30.143    10.086     0.020     1.000
         8     1.172     0.181     0.000     0.048    -2.047     0.281     1.172  1023.192 85358.197    30.161    10.097     0.020     1.000
         9     1.195     0.184     0.000     0.054    -2.053     0.322     1.195  1023.204 83685.536    30.180    10.108     0.020     1.000
        10     1.219     0.188     0.000     0.061    -2.060     0.365     1.219  1023.217 82045.634    30.198    10.119     0.020     1.000
        11     1.243     0.192     0.000     0.068    -2.066     0.409     1.243  1023.229 80437.850    30.216    10.129     0.020     1.000
        12     1.268     0.196     0.000     0.075    -2.073     0.456     1.268  1023.241 78861.554    30.233    10.139     0.020     1.000
        13     1.293     0.199     0.000     0.082    -2.080     0.504     1.293  1023.252 77316.132    30.250    10.149     0.020     1.000
        14     1.319     0.203     0.000     0.089    -2.086     0.554     1.319  1023.264 75800.979    30.267    10.159     0.020     1.000
        15     1.346     0.207     0.000     0.096    -2.093     0.606     1.346  1023.275 74315.503    30.284    10.169     0.020     1.000
        16     1.373     0.212     0.000     0.104    -2.100     0.660     1.373  1023.286 72859.123    30.300    10.178     0.020     1.000
        17     1.400     0.216     0.000     0.112    -2.108     0.716     1.400  1023.297 71431.270    30.316    10.187     0.020     1.000
        18     1.428     0.220     0.000     0.120    -2.115     0.775     1.428  1023.308 70031.386    30.331    10.196     0.020     1.000
        19     1.456     0.224     0.000     0.128    -2.122     0.836     1.456  1023.318 68658.924    30.347    10.205     0.020     1.000
        20     1.486     0.229     0.000     0.136    -2.130     0.899     1.486  1023.328 67313.346    30.362    10.213     0.020     1.000
        21     1.515     0.233     0.000     0.144    -2.138     0.965     1.515  1023.338 65994.127    30.376    10.221     0.020     1.000
        22     1.546     0.238     0.000     0.153    -2.146     1.033     1.546  1023.348 64700.751    30.391    10.229     0.020     1.000
        23     1.576     0.243     0.000     0.162    -2.154     1.105     1.576  1023.358 63432.712    30.405    10.237     0.020     1.000
        24     1.608     0.247     0.000     0.171    -2.162     1.179     1.608  1023.368 62189.514    30.419    10.245     0.020     1.000
        25     1.640     0.252     0.000     0.180    -2.170     1.255     1.640  1023.377 60970.671    30.432    10.252     0.020     1.000
        26     1.673     0.257     0.000     0.190    -2.178     1.335     1.673  1023.386 59775.706    30.446    10.260     0.020     1.000
        27     1.706     0.262     0.000     0.199    -2.187     1.419     1.706  1023.395 58604.152    30.459    10.267     0.020     1.000
        28     1.740     0.268     0.000     0.209    -2.195     1.505     1.740  1023.404 57455.550    30.472    10.274     0.020     1.000
        29     1.775     0.273     0.000     0.219    -2.204     1.595     1.775  1023.413 56329.452    30.485    10.280     0.020     1.000
        30     1.811     0.278     0.000     0.230    -2.213     1.688     1.811  1023.421 55225.417    30.497    10.287     0.020     1.000
        31     1.847     0.284     0.000     0.240    -2.222     1.786     1.847  1023.430 54143.012    30.509    10.293     0.020     1.000
        32     1.884     0.289     0.000     0.251    -2.231     1.887     1.884  1023.438 53081.815    30.521    10.300     0.020     1.000
        33     1.922     0.295     0.000     0.262    -2.240     1.992     1.922  1023.446 52041.410    30.533    10.306     0.020     1.000
        34     1.960     0.301     0.000     0.274    -2.250     2.101     1.960  1023.454 51021.390    30.545    10.311     0.020     1.000
        35     1.999     0.307     0.000     0.285    -2.259     2.214     1.999  1023.462 50021.356    30.556    10.317     0.020     1.000
        36     2.039     0.313     0.000     0.297    -2.269     2.332     2.039  1023.470 49040.916    30.567    10.323     0.020     1.020
        37     2.080     0.319     0.000     0.309    -2.279     2.454     2.080  1023.478 48079.688    30.578    10.328     0.020     1.040
        38     2.121     0.326     0.000     0.321    -2.289     2.580     2.121  1023.485 47137.294    30.589    10.333     0.020     1.061
        39     2.164     0.332     0.000     0.334    -2.299     2.711     2.164  1023.493 46213.366    30.599    10.338     0.020     1.082
        40     2.207     0.339     0.000     0.347    -2.309     2.848     2.207  1023.500 45307.542    30.610    10.343     0.020     1.104
        41     2.251     0.346     0.000     0.360    -2.319     2.989     2.251  1023.507 44419.469    30.620    10.348     0.020     1.126
        42     2.296     0.352     0.000     0.373    -2.329     3.135     2.296  1023.514 43548.797    30.630    10.353     0.020     1.148
        43     2.342     0.359     0.000     0.387    -2.339     3.287     2.342  1023.521 42695.187    30.640    10.357     0.020     1.171
        44     2.389     0.367     0.000     0.401    -2.350     3.445     2.389  1023.528 41858.304    30.650    10.362     0.020     1.195
        45     2.437     0.374     0.000     0.415    -2.361     3.608     2.437  1023.534 41037.821    30.659    10.366     0.020     1.218
        46     2.485     0.381     0.000     0.430    -2.371     3.778     2.485  1023.541 40233.416    30.668    10.370     0.020     1.243
        47     2.535     0.389     0.000     0.445    -2.382     3.953     2.535  1023.547 39444.775    30.678    10.374     0.020     1.268
        48     2.586     0.397     0.000     0.460    -2.393     4.135     2.586  1023.554 38671.589    30.687    10.378     0.020     1.293
        49     2.638     0.405     0.000     0.476    -2.404     4.324     2.638  1023.560 37913.554    30.695    10.381     0.020     1.319
        50     2.690     0.413     0.000     0.491    -2.414     4.516     2.690  1023.566 37180.957    30.704    10.385     0.020     1.345
        51     2.741     0.421     0.000     0.507    -2.425     4.710     2.741  1023.572 36484.558    30.712    10.388     0.020     1.370
        52     2.792     0.429     0.000     0.522    -2.435     4.903     2.792  1023.577 35821.514    30.720    10.391     0.020     1.396
        53     2.842     0.437     0.000     0.537    -2.445     5.097     2.842  1023.583 35190.463    30.727    10.394     0.020     1.421
        54     2.891     0.444     0.000     0.552    -2.455     5.290     2.891  1023.588 34588.876    30.735    10.397     0.020     1.446
        55     2.940     0.452     0.000     0.567    -2.464     5.484     2.940  1023.593 34014.789    30.741    10.399     0.020     1.470
        56     2.988     0.460     0.000     0.581    -2.473     5.679     2.988  1023.597 33466.287    30.748    10.401     0.020     1.494
        57     3.036     0.467     0.000     0.596    -2.482     5.873     3.036  1023.602 32941.681    30.754    10.404     0.020     1.518
        58     3.083     0.474     0.000     0.610    -2.491     6.067     3.083  1023.606 32439.413    30.760    10.406     0.020     1.541
        59     3.129     0.482     0.000     0.624    -2.499     6.262     3.129  1023.610 31958.065    30.766    10.408     0.020     1.565
        60     3.175     0.489     0.000     0.638    -2.507     6.456     3.175  1023.614 31496.339    30.771    10.410     0.020     1.587
        61     3.220     0.496     0.000     0.652    -2.515     6.650     3.220  1023.618 31053.044    30.777    10.411     0.020     1.610
        62     3.265     0.503     0.000     0.665    -2.523     6.845     3.265  1023.622 30627.082    30.782    10.413     0.020     1.633
        63     3.309     0.510     0.000     0.679    -2.531     7.039     3.309  1023.625 30217.447    30.787    10.415     0.020     1.655
        64     3.353     0.517     0.000     0.692    -2.538     7.234     3.353  1023.629 29823.207    30.792    10.416     0.020     1.677
        65     3.396     0.524     0.000     0.706    -2.546     7.428     3.396  1023.632 29443.503    30.796    10.417     0.020     1.698
        66     3.439     0.530     0.000     0.719    -2.553     7.622     3.439  1023.635 29077.539    30.801    10.419     0.020     1.720
        67     3.481     0.537     0.000     0.732    -2.559     7.816     3.481  1023.639 28724.579    30.805    10.420     0.020     1.741
        68     3.523     0.543     0.000     0.745    -2.566     8.010     3.523  1023.642 28383.938    30.809    10.421     0.020     1.762
        69     3.564     0.550     0.000     0.758    -2.573     8.204     3.564  1023.645 28054.981    30.813    10.422     0.020     1.782
        70     3.605     0.556     0.000     0.770    -2.579     8.398     3.605  1023.647 27737.117    30.817    10.423     0.020     1.803
        71     3.646     0.563     0.000     0.783    -2.585     8.591     3.646  1023.650 27429.795    30.821    10.424     0.020     1.823
        72     3.686     0.569     0.000     0.795    -2.591     8.785     3.686  1023.653 27132.501    30.824    10.425     0.020     1.843
        73     3.725     0.575     0.000     0.808    -2.597     8.978     3.725  1023.655 26844.754    30.828    10.426     0.020     1.863
        74     3.764     0.581     0.000     0.820    -2.603     9.172     3.764  1023.658 26566.106    30.831    10.427     0.020     1.882
        75     3.803     0.587     0.000     0.832    -2.608     9.365     3.803  1023.660 26296.137    30.835    10.428     0.020     1.901
        76     3.841     0.593     0.000     0.845    -2.614     9.558     3.841  1023.663 26034.454    30.838    10.429     0.020     1.921
        77     3.879     0.599     0.000     0.857    -2.619     9.751     3.879  1023.665 25780.686    30.841    10.429     0.020     1.939
        78     3.916     0.605     0.000     0.869    -2.624     9.944     3.916  1023.667 25534.488    30.844    10.430     0.020     1.958
        79     3.953     0.611     0.000     0.880    -2.629    10.136     3.953  1023.670 25295.532    30.847    10.431     0.020     1.977
        80     3.990     0.616     0.000     0.892    -2.634    10.329     3.990  1023.672 25063.513    30.850    10.431     0.020     1.995
        81     4.026     0.622     0.000     0.904    -2.639    10.521     4.026  1023.674 24838.141    30.853    10.432     0.020     2.013
        82     4.062     0.628     0.000     0.916    -2.644    10.714     4.062  1023.676 24619.143    30.856    10.433     0.020     2.031
        83     4.097     0.633     0.000     0.927    -2.648    10.906     4.097  1023.678 24406.264    30.858    10.433     0.020     2.049
        84     4.132     0.638     0.000     0.939    -2.652    11.098     4.132  1023.680 24199.259    30.861    10.434     0.020     2.066
        85     4.167     0.644     0.000     0.950    -2.657    11.290     4.167  1023.682 23997.899    30.863    10.434     0.020     2.084
        86     4.201     0.649     0.000     0.961    -2.661    11.482     4.201  1023.683 23801.968    30.866    10.435     0.020     2.101
        87     4.235     0.654     0.000     0.973    -2.665    11.674     4.235  1023.685 23611.258    30.868    10.435     0.020     2.118
        88     4.269     0.660     0.000     0.984    -2.669    11.866     4.269  1023.687 23425.574    30.871    10.436     0.020     2.134
        89     4.302     0.665     0.000     0.995    -2.673    12.057     4.302  1023.689 23244.732    30.873    10.436     0.020     2.151
        90     4.335     0.670     0.000     1.006    -2.676    12.249     4.335  1023.690 23068.556    30.875    10.436     0.020     2.167
        91     4.367     0.675     0.000     1.017    -2.680    12.441     4.367  1023.692 22896.876    30.877    10.437     0.020     2.184
        92     4.400     0.680     0.000     1.028    -2.684    12.632     4.400  1023.694 22729.535    30.879    10.437     0.020     2.200
        93     4.431     0.684     0.000     1.039    -2.687    12.824     4.431  1023.695 22566.379    30.882    10.437     0.020     2.216
        94     4.463     0.689     0.000     1.050    -2.690    13.015     4.463  1023.697 22407.264    30.884    10.438     0.020     2.231
        95     4.494     0.694     0.000     1.061    -2.693    13.207     4.494  1023.698 22252.051    30.885    10.438     0.020     2.247
        96     4.525     0.699     0.000     1.072    -2.697    13.398     4.525  1023.700 22100.607    30.887    10.438     0.020     2.262
        97     4.555     0.703     0.000     1.082    -2.700    13.590     4.555  1023.701 21952.805    30.889    10.439     0.020     2.278
        98     4.585     0.708     0.000     1.093    -2.703    13.782     4.585  1023.702 21808.521    30.891    10.439     0.020     2.293
        99     4.615     0.712     0.000     1.104    -2.705    13.973     4.615  1023.704 21667.639    30.893    10.439     0.020     2.308
       100     4.645     0.717     0.000     1.114    -2.708    14.165     4.645  1023.705 21530.044    30.895    10.439     0.020     2.322
       101     4.674     0.721     0.000     1.125    -2.711    14.356     4.674  1023.706 21395.627    30.896    10.440     0.020     2.337
       102     4.703     0.725     0.000     1.135    -2.713    14.548     4.703  1023.708 21264.282    30.898    10.440     0.020     2.351
       103     4.731     0.730     0.000     1.146    -2.716    14.740     4.731  1023.709 21135.903    30.900    10.440     0.020     2.366
       104     4.760     0.734     0.000     1.156    -2.718    14.932     4.760  1023.710 21010.391    30.901    10.440     0.020     2.380
       105     4.788     0.738     0.000     1.167    -2.720    15.124     4.788  1023.711 20887.645    30.903    10.441     0.020     2.394
       106     4.815     0.742     0.000     1.177    -2.723    15.316     4.815  1023.712 20767.568    30.905    10.441     0.020     2.408
       107     4.843     0.746     0.000     1.188    -2.725    15.508     4.843  1023.714 20650.061    30.906    10.441     0.020     2.421
       108     4.870     0.750     0.000     1.198    -2.727    15.700     4.870  1023.715 20535.026    30.908    10.441     0.020     2.435
       109     4.897     0.754     0.000     1.208    -2.729    15.892     4.897  1023.716 20422.364    30.909    10.441     0.020     2.448
       110     4.923     0.758     0.000     1.218    -2.731    16.085     4.923  1023.717 20311.969    30.910    10.442     0.020     2.462
       111     4.950     0.762     0.000     1.229    -2.733    16.277     4.950  1023.718 20203.731    30.912    10.442     0.020     2.475
       112     4.976     0.766     0.000     1.239    -2.734    16.470     4.976  1023.719 20097.523    30.913    10.442     0.020     2.488
       113     5.002     0.769     0.000     1.249    -2.736    16.663     5.002  1023.720 19993.164    30.915    10.442     0.020     2.501
       114     5.028     0.773     0.000     1.259    -2.738    16.856     5.028  1023.721 19890.525    30.916    10.442     0.020     2.514
       115     5.053     0.777     0.000     1.269    -2.739    17.049     5.053  1023.722 19789.528    30.917    10.442     0.020     2.527
       116     5.079     0.780     0.000     1.280    -2.741    17.243     5.079  1023.723 19690.112    30.918    10.442     0.020     2.539
       117     5.104     0.784     0.000     1.290    -2.742    17.436     5.104  1023.724 19592.226    30.920    10.443     0.020     2.552
       118     5.129     0.787     0.000     1.300    -2.743    17.630     5.129  1023.725 19495.821    30.921    10.443     0.020     2.565
       119     5.154     0.791     0.000     1.310    -2.744    17.824     5.154  1023.726 19400.855    30.922    10.443     0.020     2.577
       120     5.179     0.794     0.000     1.320    -2.746    18.019     5.179  1023.727 19307.283    30.923    10.443     0.020     2.590
       121     5.204     0.798     0.000     1.330    -2.747    18.213     5.204  1023.728 19215.066    30.925    10.443     0.020     2.602
       122     5.229     0.801     0.000     1.340    -2.748    18.408     5.229  1023.729 19124.163    30.926    10.443     0.020     2.614
       123     5.254     0.804     0.000     1.350    -2.749    18.604     5.254  1023.729 19034.538    30.927    10.443     0.020     2.627
       124     5.278     0.808     0.000     1.360    -2.749    18.799     5.278  1023.730 18946.152    30.928    10.443     0.020     2.639
       125     5.303     0.811     0.000     1.370    -2.750    18.995     5.303  1023.731 18858.969    30.929    10.444     0.020     2.651
       126     5.327     0.814     0.000     1.380    -2.751    19.192     5.327  1023.732 18772.956    30.930    10.444     0.020     2.663
       127     5.351     0.817     0.000     1.390    -2.752    19.388     5.351  1023.733 18688.078    30.931    10.444     0.020     2.676
       128     5.375     0.821     0.000     1.400    -2.752    19.586     5.375  1023.734 18604.302    30.933    10.444     0.020     2.688
       129     5.399     0.824     0.000     1.410    -2.753    19.783     5.399  1023.735 18521.597    30.934    10.444     0.020     2.700
       130     5.423     0.827     0.000     1.420    -2.753    19.982     5.423  1023.735 18439.931    30.935    10.444     0.020     2.712
       131     5.447     0.830     0.000     1.430    -2.753    20.180     5.447  1023.736 18359.273    30.936    10.444     0.020     2.723
       132     5.471     0.833     0.000     1.440    -2.754    20.379     5.471  1023.737 18279.595    30.937    10.444     0.020     2.735
       133     5.494     0.836     0.000     1.450    -2.754    20.579     5.494  1023.738 18200.868    30.938    10.444     0.020     2.747
       134     5.518     0.839     0.000     1.460    -2.754    20.780     5.518  1023.739 18123.062    30.939    10.444     0.020     2.759
       135     5.541     0.842     0.000     1.470    -2.754    20.980     5.541  1023.739 18046.151    30.940    10.444     0.020     2.771
       136     5.565     0.845     0.000     1.480    -2.754    21.182     5.565  1023.740 17970.107    30.941    10.445     0.020     2.782
---------------------- Local maximum rise or fall --------------------
       137     5.588     0.847     0.000     1.490    -2.754    21.384     5.588  1023.741 17894.904    30.942    10.445     0.020     2.794
       138     5.612     0.850     0.000     1.500    -2.754    21.587     5.612  1023.742 17820.517    30.943    10.445     0.020     2.806
       139     5.635     0.853     0.000     1.510    -2.754    21.791     5.635  1023.742 17746.919    30.944    10.445     0.020     2.817
       140     5.658     0.856     0.000     1.520    -2.754    21.995     5.658  1023.743 17674.085    30.945    10.445     0.020     2.829
       141     5.681     0.859     0.000     1.530    -2.753    22.200     5.681  1023.744 17601.991    30.946    10.445     0.020     2.841
       142     5.704     0.861     0.000     1.540    -2.753    22.406     5.704  1023.744 17530.613    30.947    10.445     0.020     2.852
       143     5.727     0.864     0.000     1.550    -2.752    22.612     5.727  1023.745 17459.927    30.948    10.445     0.020     2.864
       144     5.750     0.867     0.000     1.560    -2.752    22.820     5.750  1023.746 17389.909    30.948    10.445     0.020     2.875
       145     5.773     0.869     0.000     1.570    -2.751    23.028     5.773  1023.746 17320.536    30.949    10.445     0.020     2.887
       146     5.797     0.872     0.000     1.580    -2.751    23.237     5.797  1023.747 17251.785    30.950    10.445     0.020     2.898
       147     5.819     0.874     0.000     1.590    -2.750    23.448     5.819  1023.748 17183.634    30.951    10.446     0.020     2.910
       148     5.842     0.877     0.000     1.601    -2.749    23.659     5.842  1023.749 17116.059    30.952    10.446     0.020     2.921
       149     5.865     0.879     0.000     1.611    -2.748    23.871     5.865  1023.749 17049.040    30.953    10.446     0.020     2.933
       150     5.888     0.882     0.000     1.621    -2.747    24.084     5.888  1023.750 16982.553    30.954    10.446     0.020     2.944
       151     5.911     0.884     0.000     1.631    -2.746    24.298     5.911  1023.751 16916.577    30.955    10.446     0.020     2.956
       152     5.934     0.887     0.000     1.641    -2.745    24.514     5.934  1023.751 16851.090    30.955    10.446     0.020     2.967
       153     5.957     0.889     0.000     1.652    -2.744    24.730     5.957  1023.752 16786.071    30.956    10.446     0.020     2.979
       154     5.980     0.891     0.000     1.662    -2.742    24.948     5.980  1023.752 16721.498    30.957    10.446     0.020     2.990
       155     6.003     0.894     0.000     1.672    -2.741    25.167     6.003  1023.753 16657.350    30.958    10.446     0.020     3.002
       156     6.026     0.896     0.000     1.683    -2.740    25.387     6.026  1023.754 16593.604    30.959    10.446     0.020     3.013
       157     6.050     0.898     0.000     1.693    -2.738    25.609     6.050  1023.754 16530.240    30.960    10.446     0.020     3.025
       158     6.073     0.901     0.000     1.704    -2.736    25.831     6.073  1023.755 16467.159    30.960    10.446     0.020     3.036
       159     6.096     0.903     0.000     1.714    -2.735    26.056     6.096  1023.756 16404.184    30.961    10.447     0.020     3.048
       160     6.120     0.905     0.000     1.725    -2.733    26.281     6.120  1023.756 16341.182    30.962    10.447     0.020     3.060
       161     6.143     0.907     0.000     1.736    -2.731    26.509     6.143  1023.757 16278.039    30.963    10.447     0.020     3.072
       162     6.167     0.910     0.000     1.746    -2.729    26.738     6.167  1023.757 16214.664    30.964    10.447     0.020     3.084
       163     6.192     0.912     0.000     1.757    -2.727    26.968     6.192  1023.758 16150.981    30.965    10.447     0.020     3.096
       164     6.216     0.914     0.000     1.768    -2.725    27.201     6.216  1023.759 16086.921    30.965    10.447     0.020     3.108
       165     6.241     0.916     0.000     1.779    -2.723    27.435     6.241  1023.759 16022.428    30.966    10.447     0.020     3.121
       166     6.267     0.919     0.000     1.790    -2.721    27.671     6.267  1023.760 15957.447    30.967    10.447     0.020     3.133
       167     6.293     0.921     0.000     1.801    -2.718    27.909     6.293  1023.761 15891.932    30.968    10.447     0.020     3.146
       168     6.319     0.923     0.000     1.812    -2.716    28.149     6.319  1023.761 15825.836    30.969    10.447     0.020     3.159
       169     6.346     0.925     0.000     1.823    -2.713    28.392     6.346  1023.762 15759.117    30.970    10.448     0.020     3.173
       170     6.373     0.928     0.000     1.834    -2.710    28.636     6.373  1023.762 15691.735    30.970    10.448     0.020     3.186
       171     6.401     0.930     0.000     1.845    -2.708    28.883     6.401  1023.763 15623.652    30.971    10.448     0.020     3.200
       172     6.429     0.933     0.000     1.857    -2.705    29.133     6.429  1023.764 15554.828    30.972    10.448     0.020     3.214
       173     6.458     0.935     0.000     1.868    -2.702    29.385     6.458  1023.764 15485.228    30.973    10.448     0.020     3.229
       174     6.487     0.938     0.000     1.880    -2.699    29.639     6.487  1023.765 15414.814    30.974    10.448     0.020     3.244
       175     6.517     0.940     0.000     1.891    -2.695    29.897     6.517  1023.766 15343.552    30.975    10.448     0.020     3.259
       176     6.548     0.943     0.000     1.903    -2.692    30.157     6.548  1023.767 15271.404    30.976    10.448     0.020     3.274
       177     6.580     0.945     0.000     1.915    -2.689    30.420     6.580  1023.767 15198.334    30.977    10.449     0.020     3.290
       178     6.612     0.948     0.000     1.927    -2.685    30.687     6.612  1023.768 15124.306    30.978    10.449     0.020     3.306
       179     6.645     0.951     0.000     1.939    -2.681    30.957     6.645  1023.769 15049.284    30.979    10.449     0.020     3.322
       180     6.679     0.953     0.000     1.951    -2.678    31.230     6.679  1023.769 14973.228    30.980    10.449     0.020     3.339
       181     6.713     0.956     0.000     1.963    -2.674    31.507     6.713  1023.770 14896.103    30.981    10.449     0.020     3.357
       182     6.749     0.959     0.000     1.976    -2.669    31.787     6.749  1023.771 14817.867    30.982    10.450     0.020     3.374
       183     6.785     0.962     0.000     1.988    -2.665    32.072     6.785  1023.772 14738.480    30.983    10.450     0.020     3.392
       184     6.822     0.965     0.000     2.001    -2.661    32.361     6.822  1023.772 14657.902    30.984    10.450     0.020     3.411
       185     6.861     0.968     0.000     2.014    -2.656    32.654     6.861  1023.773 14576.088    30.985    10.450     0.020     3.430
       186     6.900     0.971     0.000     2.027    -2.652    32.951     6.900  1023.774 14492.994    30.986    10.450     0.020     3.450
       187     6.940     0.974     0.000     2.040    -2.647    33.254     6.940  1023.775 14408.573    30.987    10.451     0.020     3.470
       188     6.982     0.977     0.000     2.054    -2.642    33.561     6.982  1023.775 14322.777    30.988    10.451     0.020     3.491
       189     7.025     0.981     0.000     2.067    -2.636    33.873     7.025  1023.776 14235.554    30.989    10.451     0.020     3.512
       190     7.069     0.984     0.000     2.081    -2.631    34.191     7.069  1023.777 14146.851    30.990    10.451     0.020     3.534
       191     7.114     0.987     0.000     2.095    -2.626    34.515     7.114  1023.778 14056.612    30.991    10.452     0.020     3.557
       192     7.161     0.991     0.000     2.109    -2.620    34.845     7.161  1023.779 13964.775    30.992    10.452     0.020     3.580
       193     7.209     0.995     0.000     2.123    -2.614    35.181     7.209  1023.779 13871.279    30.993    10.452     0.020     3.605
       194     7.259     0.999     0.000     2.138    -2.608    35.524     7.259  1023.780 13776.056    30.994    10.453     0.020     3.629
       195     7.310     1.002     0.000     2.153    -2.601    35.875     7.310  1023.781 13679.033    30.996    10.453     0.020     3.655
       196     7.364     1.007     0.000     2.168    -2.594    36.233     7.364  1023.782 13580.134    30.997    10.453     0.020     3.682
       197     7.419     1.011     0.000     2.183    -2.588    36.599     7.419  1023.783 13479.277    30.998    10.454     0.020     3.709
       198     7.476     1.015     0.000     2.199    -2.580    36.973     7.476  1023.784 13376.373    30.999    10.454     0.020     3.738
       199     7.535     1.020     0.000     2.215    -2.573    37.357     7.535  1023.785 13271.325    31.000    10.455     0.020     3.768
       200     7.596     1.024     0.000     2.232    -2.565    37.750     7.596  1023.786 13164.029    31.002    10.455     0.020     3.798
       201     7.660     1.029     0.000     2.248    -2.557    38.154     7.660  1023.786 13054.373    31.003    10.456     0.020     3.830
       202     7.727     1.034     0.000     2.265    -2.549    38.569     7.727  1023.787 12942.231    31.004    10.456     0.020     3.863
       203     7.796     1.039     0.000     2.283    -2.540    38.995     7.796  1023.788 12827.467    31.006    10.457     0.020     3.898
       204     7.868     1.045     0.000     2.301    -2.531    39.435     7.868  1023.789 12709.931    31.007    10.457     0.020     3.934
       205     7.943     1.050     0.000     2.319    -2.521    39.888     7.943  1023.790 12589.455    31.008    10.458     0.020     3.972
       206     8.022     1.056     0.000     2.338    -2.511    40.357     8.022  1023.791 12465.853    31.010    10.459     0.020     4.011
       207     8.104     1.062     0.000     2.358    -2.501    40.842     8.104  1023.792 12338.914    31.011    10.459     0.020     4.052
       208     8.191     1.069     0.000     2.378    -2.490    41.344     8.191  1023.793 12208.403    31.013    10.460     0.020     4.096
       209     8.282     1.076     0.000     2.399    -2.479    41.866     8.282  1023.794 12074.049    31.014    10.461     0.020     4.141
       210     8.378     1.083     0.000     2.420    -2.467    42.410     8.378  1023.795 11935.543    31.016    10.462     0.020     4.189
       211     8.480     1.091     0.000     2.443    -2.454    42.977     8.480  1023.797 11792.526    31.017    10.463     0.020     4.240
       212     8.588     1.099     0.000     2.466    -2.441    43.571     8.588  1023.798 11644.580    31.019    10.464     0.020     4.294
       213     8.702     1.107     0.000     2.490    -2.426    44.194     8.702  1023.799 11491.209    31.021    10.465     0.020     4.351
       214     8.825     1.117     0.000     2.516    -2.411    44.852     8.825  1023.800 11331.820    31.022    10.466     0.020     4.412
       215     8.956     1.127     0.000     2.542    -2.395    45.547     8.956  1023.801 11165.695    31.024    10.467     0.020     4.478
       216     9.098     1.137     0.000     2.571    -2.378    46.288     9.098  1023.802 10991.945    31.026    10.469     0.020     4.549
       217     9.251     1.149     0.000     2.600    -2.360    47.080     9.251  1023.803 10809.454    31.028    10.470     0.020     4.626
       218     9.419     1.161     0.000     2.632    -2.339    47.934     9.419  1023.805 10616.785    31.030    10.472     0.020     4.710
       219     9.604     1.175     0.000     2.667    -2.317    48.864     9.604  1023.806 10412.038    31.032    10.474     0.020     4.802
       220     9.796     1.190     0.000     2.702    -2.295    49.815     9.796  1023.807 10207.893    31.034    10.476     0.020     4.898
       221     9.992     1.205     0.000     2.737    -2.272    50.768     9.992  1023.808 10007.749    31.036    10.478     0.020     4.996
       222    10.192     1.221     0.000     2.771    -2.249    51.725    10.192  1023.809  9811.529    31.038    10.480     0.020     5.096
       223    10.396     1.236     0.000     2.806    -2.226    52.688    10.396  1023.810  9619.155    31.039    10.482     0.020     5.198
       224    10.604     1.253     0.000     2.840    -2.203    53.658    10.604  1023.811  9430.553    31.041    10.484     0.020     5.302
       225    10.816     1.269     0.000     2.875    -2.180    54.634    10.816  1023.812  9245.648    31.043    10.487     0.020     5.408
       226    11.032     1.286     0.000     2.909    -2.157    55.619    11.032  1023.813  9064.367    31.044    10.489     0.020     5.516
       227    11.253     1.304     0.000     2.943    -2.133    56.612    11.253  1023.814  8886.641    31.046    10.492     0.020     5.626
       228    11.478     1.322     0.000     2.978    -2.110    57.614    11.478  1023.814  8712.398    31.047    10.494     0.020     5.739
       229    11.707     1.340     0.000     3.012    -2.086    58.627    11.707  1023.815  8541.572    31.048    10.497     0.020     5.854
       230    11.942     1.359     0.000     3.047    -2.063    59.650    11.942  1023.815  8374.094    31.050    10.500     0.020     5.971
       231    12.180     1.378     0.000     3.081    -2.040    60.685    12.180  1023.816  8209.899    31.051    10.503     0.020     6.090
       232    12.424     1.398     0.000     3.116    -2.016    61.731    12.424  1023.816  8048.924    31.052    10.506     0.020     6.212
       233    12.672     1.419     0.000     3.151    -1.993    62.791    12.672  1023.816  7891.104    31.053    10.509     0.020     6.336
       234    12.926     1.439     0.000     3.186    -1.969    63.864    12.926  1023.817  7736.378    31.054    10.512     0.020     6.463
       235    13.184     1.461     0.000     3.221    -1.946    64.951    13.184  1023.817  7584.686    31.055    10.515     0.020     6.592
       236    13.448     1.483     0.000     3.257    -1.923    66.053    13.448  1023.817  7435.967    31.056    10.518     0.020     6.724
       237    13.717     1.505     0.000     3.293    -1.899    67.171    13.717  1023.817  7290.164    31.056    10.521     0.020     6.859
---------------------------- Plume traps -----------------------------
       238    13.991     1.529     0.000     3.329    -1.876    68.306    13.991  1023.817  7147.220    31.057    10.524     0.020     6.996
       239    14.271     1.552     0.000     3.365    -1.853    69.458    14.271  1023.817  7007.078    31.058    10.528     0.020     7.136
       240    14.557     1.577     0.000     3.402    -1.831    70.628    14.557  1023.817  6869.684    31.058    10.531     0.020     7.278
       241    14.837     1.601     0.000     3.437    -1.809    71.773    14.837  1023.817  6739.976    31.059    10.534     0.020     7.418
       242    15.096     1.625     0.000     3.470    -1.789    72.824    15.096  1023.816  6624.086    31.059    10.537     0.020     7.548
       243    15.339     1.646     0.000     3.499    -1.772    73.793    15.339  1023.816  6519.400    31.059    10.540     0.020     7.669
       244    15.565     1.667     0.000     3.527    -1.756    74.689    15.565  1023.816  6424.828    31.060    10.543     0.020     7.782
       245    15.778     1.686     0.000     3.552    -1.741    75.532    15.778  1023.816  6337.973    31.060    10.545     0.020     7.889
       246    15.981     1.704     0.000     3.577    -1.728    76.332    15.981  1023.815  6257.611    31.060    10.548     0.020     7.990
       247    16.175     1.722     0.000     3.600    -1.715    77.098    16.175  1023.815  6182.544    31.060    10.550     0.020     8.087
       248    16.361     1.739     0.000     3.622    -1.703    77.835    16.361  1023.815  6112.051    31.061    10.552     0.020     8.181
       249    16.541     1.755     0.000     3.643    -1.692    78.547    16.541  1023.815  6045.510    31.061    10.554     0.020     8.271
       250    16.715     1.771     0.000     3.664    -1.681    79.237    16.715  1023.814  5982.473    31.061    10.556     0.020     8.358
       251    16.885     1.787     0.000     3.684    -1.671    79.908    16.885  1023.814  5922.562    31.061    10.558     0.020     8.442
       252    17.049     1.802     0.000     3.703    -1.661    80.561    17.049  1023.814  5865.472    31.061    10.560     0.020     8.524
       253    17.209     1.816     0.000     3.722    -1.651    81.198    17.209  1023.814  5810.944    31.061    10.562     0.020     8.604
       254    17.365     1.831     0.000     3.740    -1.643    81.821    17.365  1023.813  5758.759    31.061    10.564     0.020     8.682
       255    17.517     1.845     0.000     3.758    -1.634    82.431    17.517  1023.813  5708.728    31.061    10.565     0.020     8.759
       256    17.666     1.858     0.000     3.776    -1.626    83.029    17.666  1023.813  5660.687    31.061    10.567     0.020     8.833
       257    17.811     1.871     0.000     3.793    -1.618    83.615    17.811  1023.813  5614.493    31.061    10.568     0.020     8.906
       258    17.953     1.884     0.000     3.810    -1.610    84.192    17.953  1023.812  5570.018    31.061    10.570     0.020     8.977
       259    18.092     1.897     0.000     3.826    -1.603    84.758    18.092  1023.812  5527.152    31.061    10.572     0.020     9.046
       260    18.229     1.910     0.000     3.842    -1.596    85.316    18.229  1023.812  5485.795    31.061    10.573     0.020     9.114
       261    18.363     1.922     0.000     3.858    -1.589    85.866    18.363  1023.812  5445.858    31.061    10.575     0.020     9.181
       262    18.494     1.934     0.000     3.874    -1.583    86.408    18.494  1023.811  5407.260    31.061    10.576     0.020     9.247
       263    18.622     1.946     0.000     3.889    -1.576    86.942    18.622  1023.811  5369.930    31.061    10.577     0.020     9.311
       264    18.748     1.957     0.000     3.905    -1.570    87.470    18.748  1023.811  5333.803    31.061    10.579     0.020     9.374
       265    18.872     1.968     0.000     3.920    -1.564    87.992    18.872  1023.811  5298.819    31.061    10.580     0.020     9.436
       266    18.994     1.980     0.000     3.934    -1.558    88.508    18.994  1023.810  5264.924    31.061    10.581     0.020     9.497
       267    19.113     1.990     0.000     3.949    -1.553    89.018    19.113  1023.810  5232.069    31.061    10.583     0.020     9.556
       268    19.230     2.001     0.000     3.963    -1.548    89.522    19.230  1023.810  5200.209    31.061    10.584     0.020     9.615
       269    19.345     2.012     0.000     3.978    -1.543    90.022    19.345  1023.810  5169.303    31.061    10.585     0.020     9.672
       270    19.458     2.022     0.000     3.992    -1.538    90.517    19.458  1023.809  5139.313    31.061    10.586     0.020     9.729
       271    19.569     2.032     0.000     4.006    -1.533    91.008    19.569  1023.809  5110.203    31.061    10.587     0.020     9.784
       272    19.678     2.042     0.000     4.019    -1.528    91.494    19.678  1023.809  5081.942    31.061    10.588     0.020     9.839
       273    19.784     2.051     0.000     4.033    -1.524    91.977    19.784  1023.809  5054.499    31.061    10.590     0.020     9.892
------------------------- merging happened ---------------------------
       274    19.889     2.061     0.000     4.047    -1.519    92.456    19.889  1023.809  5028.002    31.061    10.591     0.020     9.944
       275    19.989     2.070     0.000     4.060    -1.515    92.932    19.989  1023.808  5002.668    31.061    10.592     0.020     9.995
       276    20.087     2.079     0.000     4.073    -1.511    93.406    20.087  1023.808  4978.459    31.061    10.593     0.020    10.043
       277    20.180     2.088     0.000     4.087    -1.507    93.877    20.180  1023.808  4955.357    31.061    10.594     0.020    10.090
       278    20.270     2.096     0.000     4.100    -1.503    94.347    20.270  1023.808  4933.310    31.061    10.594     0.020    10.135
       279    20.357     2.104     0.000     4.113    -1.499    94.815    20.357  1023.808  4912.271    31.060    10.595     0.020    10.179
       280    20.441     2.112     0.000     4.126    -1.496    95.281    20.441  1023.807  4892.194    31.060    10.596     0.020    10.220
       281    20.521     2.119     0.000     4.139    -1.492    95.745    20.521  1023.807  4873.034    31.060    10.597     0.020    10.261
       282    20.598     2.126     0.000     4.152    -1.489    96.207    20.598  1023.807  4854.749    31.060    10.598     0.020    10.299
       283    20.673     2.133     0.000     4.165    -1.486    96.667    20.673  1023.807  4837.299    31.060    10.598     0.020    10.336
       284    20.744     2.140     0.000     4.178    -1.482    97.125    20.744  1023.807  4820.644    31.060    10.599     0.020    10.372
       285    20.813     2.146     0.000     4.190    -1.479    97.582    20.813  1023.807  4804.750    31.060    10.600     0.020    10.406
       286    20.879     2.153     0.000     4.203    -1.476    98.036    20.879  1023.807  4789.580    31.060    10.600     0.020    10.439
       287    20.942     2.159     0.000     4.216    -1.474    98.488    20.942  1023.806  4775.103    31.060    10.601     0.020    10.471
       288    21.003     2.165     0.000     4.228    -1.471    98.939    21.003  1023.806  4761.287    31.060    10.602     0.020    10.501
       289    21.061     2.170     0.000     4.241    -1.468    99.387    21.061  1023.806  4748.104    31.060    10.602     0.020    10.531
       290    21.117     2.175     0.000     4.253    -1.466    99.834    21.117  1023.806  4735.524    31.060    10.603     0.020    10.558
       291    21.171     2.181     0.000     4.265    -1.463   100.279    21.171  1023.806  4723.523    31.060    10.603     0.020    10.585
       292    21.222     2.186     0.000     4.278    -1.461   100.722    21.222  1023.806  4712.074    31.060    10.604     0.020    10.611
       293    21.271     2.190     0.000     4.290    -1.459   101.164    21.271  1023.806  4701.156    31.060    10.604     0.020    10.636
       294    21.319     2.195     0.000     4.302    -1.457   101.604    21.319  1023.806  4690.745    31.060    10.605     0.020    10.659
       295    21.364     2.199     0.000     4.314    -1.455   102.042    21.364  1023.805  4680.820    31.060    10.605     0.020    10.682
       296    21.407     2.203     0.000     4.326    -1.453   102.479    21.407  1023.805  4671.363    31.060    10.606     0.020    10.704
       297    21.448     2.207     0.000     4.338    -1.451   102.914    21.448  1023.805  4662.354    31.060    10.606     0.020    10.724
       298    21.488     2.211     0.000     4.350    -1.449   103.348    21.488  1023.805  4653.775    31.060    10.606     0.020    10.744
       299    21.526     2.215     0.000     4.362    -1.448   103.781    21.526  1023.805  4645.610    31.060    10.607     0.020    10.763
       300    21.562     2.218     0.000     4.374    -1.446   104.212    21.562  1023.805  4637.844    31.060    10.607     0.020    10.781
       301    21.596     2.222     0.000     4.386    -1.445   104.642    21.596  1023.805  4630.461    31.060    10.607     0.020    10.798
       302    21.629     2.225     0.000     4.398    -1.443   105.071    21.629  1023.805  4623.446    31.060    10.608     0.020    10.814
       303    21.660     2.228     0.000     4.410    -1.442   105.498    21.660  1023.805  4616.788    31.060    10.608     0.020    10.830
       304    21.690     2.231     0.000     4.422    -1.441   105.925    21.690  1023.805  4610.472    31.060    10.608     0.020    10.845
       305    21.718     2.233     0.000     4.433    -1.440   106.351    21.718  1023.805  4604.487    31.060    10.609     0.020    10.859
       306    21.745     2.236     0.000     4.445    -1.439   106.775    21.745  1023.805  4598.820    31.060    10.609     0.020    10.872
       307    21.770     2.238     0.000     4.457    -1.438   107.199    21.770  1023.805  4593.460    31.060    10.609     0.020    10.885
       308    21.794     2.241     0.000     4.468    -1.437   107.623    21.794  1023.805  4588.395    31.060    10.609     0.020    10.897
       309    21.817     2.243     0.000     4.480    -1.436   108.045    21.817  1023.805  4583.614    31.060    10.610     0.020    10.908
       310    21.838     2.245     0.000     4.492    -1.435   108.467    21.838  1023.804  4579.104    31.060    10.610     0.020    10.919
       311    21.859     2.246     0.000     4.503    -1.435   108.888    21.859  1023.804  4574.853    31.060    10.610     0.020    10.929
       312    21.878     2.248     0.000     4.515    -1.434   109.309    21.878  1023.804  4570.844    31.060    10.610     0.020    10.939
       313    21.896     2.250     0.000     4.526    -1.434   109.730    21.896  1023.804  4567.058    31.060    10.610     0.020    10.948
       314    21.913     2.251     0.000     4.538    -1.434   110.150    21.913  1023.804  4563.460    31.060    10.610     0.020    10.957
       315    21.930     2.253     0.000     4.549    -1.433   110.570    21.930  1023.804  4560.002    31.060    10.611     0.020    10.965
       316    21.946     2.254     0.000     4.561    -1.433   110.990    21.946  1023.804  4556.664    31.060    10.611     0.020    10.973
       317    21.961     2.255     0.000     4.572    -1.433   111.410    21.961  1023.804  4553.435    31.059    10.611     0.020    10.981
       318    21.977     2.256     0.000     4.584    -1.433   111.830    21.977  1023.804  4550.309    31.059    10.611     0.020    10.988
---------------------- Local maximum rise or fall --------------------
       319    21.991     2.257     0.000     4.596    -1.433   112.250    21.991  1023.804  4547.282    31.059    10.611     0.020    10.996
       320    22.005     2.258     0.000     4.607    -1.433   112.670    22.005  1023.804  4544.348    31.059    10.611     0.020    11.003
       321    22.019     2.259     0.000     4.619    -1.433   113.091    22.019  1023.804  4541.505    31.059    10.611     0.020    11.010
       322    22.032     2.260     0.000     4.630    -1.434   113.512    22.032  1023.804  4538.750    31.059    10.612     0.020    11.016
       323    22.045     2.260     0.000     4.642    -1.434   113.934    22.045  1023.804  4536.078    31.059    10.612     0.020    11.023
       324    22.058     2.261     0.000     4.653    -1.434   114.357    22.058  1023.804  4533.488    31.059    10.612     0.020    11.029
       325    22.070     2.261     0.000     4.665    -1.435   114.780    22.070  1023.804  4530.971    31.059    10.612     0.020    11.035
       326    22.082     2.262     0.000     4.677    -1.436   115.204    22.082  1023.804  4528.482    31.059    10.612     0.020    11.041
       327    22.095     2.262     0.000     4.688    -1.436   115.630    22.095  1023.804  4525.987    31.059    10.612     0.020    11.047
       328    22.107     2.263     0.000     4.700    -1.437   116.057    22.107  1023.804  4523.460    31.059    10.612     0.020    11.053
       329    22.120     2.263     0.000     4.712    -1.438   116.485    22.120  1023.804  4520.883    31.059    10.612     0.020    11.060
       330    22.133     2.263     0.000     4.724    -1.439   116.914    22.133  1023.804  4518.240    31.059    10.612     0.020    11.066
       331    22.146     2.264     0.000     4.735    -1.440   117.346    22.146  1023.804  4515.519    31.059    10.613     0.020    11.073
       332    22.160     2.264     0.000     4.747    -1.441   117.779    22.160  1023.804  4512.709    31.059    10.613     0.020    11.080
       333    22.174     2.264     0.000     4.759    -1.442   118.215    22.174  1023.804  4509.799    31.059    10.613     0.020    11.087
       334    22.189     2.264     0.000     4.771    -1.444   118.652    22.189  1023.804  4506.780    31.059    10.613     0.020    11.094
       335    22.204     2.264     0.000     4.783    -1.445   119.093    22.204  1023.804  4503.642    31.059    10.613     0.020    11.102
       336    22.220     2.264     0.000     4.795    -1.447   119.536    22.220  1023.804  4500.374    31.059    10.613     0.020    11.110
       337    22.237     2.265     0.000     4.808    -1.448   119.981    22.237  1023.804  4496.965    31.059    10.613     0.020    11.119
       338    22.255     2.265     0.000     4.820    -1.450   120.430    22.255  1023.804  4493.403    31.059    10.614     0.020    11.127
       339    22.273     2.265     0.000     4.832    -1.452   120.882    22.273  1023.804  4489.678    31.059    10.614     0.020    11.137
       340    22.293     2.265     0.000     4.845    -1.454   121.338    22.293  1023.803  4485.774    31.059    10.614     0.020    11.146
       341    22.313     2.265     0.000     4.857    -1.456   121.798    22.313  1023.803  4481.678    31.059    10.614     0.020    11.157
       342    22.335     2.265     0.000     4.870    -1.458   122.262    22.335  1023.803  4477.373    31.059    10.614     0.020    11.167
       343    22.357     2.265     0.000     4.883    -1.460   122.730    22.357  1023.803  4472.844    31.059    10.615     0.020    11.179
       344    22.381     2.266     0.000     4.896    -1.462   123.203    22.381  1023.803  4468.069    31.059    10.615     0.020    11.191
       345    22.406     2.266     0.000     4.909    -1.465   123.681    22.406  1023.803  4463.029    31.059    10.615     0.020    11.203
       346    22.433     2.266     0.000     4.922    -1.467   124.165    22.433  1023.803  4457.699    31.059    10.615     0.020    11.217
       347    22.462     2.266     0.000     4.935    -1.470   124.654    22.462  1023.803  4452.053    31.059    10.615     0.020    11.231
       348    22.492     2.267     0.000     4.949    -1.473   125.150    22.492  1023.803  4446.061    31.059    10.616     0.020    11.246
       349    22.524     2.267     0.000     4.963    -1.476   125.653    22.524  1023.803  4439.689    31.059    10.616     0.020    11.262
       350    22.559     2.268     0.000     4.977    -1.479   126.163    22.559  1023.803  4432.900    31.059    10.616     0.020    11.279
       351    22.596     2.268     0.000     4.991    -1.482   126.681    22.596  1023.803  4425.648    31.059    10.617     0.020    11.298
       352    22.635     2.269     0.000     5.005    -1.485   127.207    22.635  1023.803  4417.884    31.059    10.617     0.020    11.318
       353    22.678     2.270     0.000     5.020    -1.489   127.743    22.678  1023.803  4409.548    31.059    10.617     0.020    11.339
       354    22.724     2.271     0.000     5.035    -1.493   128.289    22.724  1023.803  4400.573    31.059    10.618     0.020    11.362
       355    22.774     2.272     0.000     5.050    -1.497   128.846    22.774  1023.803  4390.876    31.059    10.618     0.020    11.387
       356    22.829     2.273     0.000     5.065    -1.501   129.415    22.829  1023.803  4380.428    31.059    10.618     0.020    11.414
       357    22.887     2.275     0.000     5.081    -1.505   129.997    22.887  1023.802  4369.347    31.059    10.619     0.020    11.443
       358    22.948     2.277     0.000     5.097    -1.510   130.593    22.948  1023.802  4357.659    31.059    10.619     0.020    11.474
       359    23.013     2.278     0.000     5.114    -1.515   131.204    23.013  1023.802  4345.366    31.059    10.620     0.020    11.507
       360    23.082     2.281     0.000     5.131    -1.520   131.831    23.082  1023.802  4332.446    31.059    10.620     0.020    11.541
       361    23.154     2.283     0.000     5.148    -1.525   132.475    23.154  1023.802  4318.863    31.059    10.621     0.020    11.577
       362    23.231     2.285     0.000     5.166    -1.530   133.138    23.231  1023.802  4304.567    31.059    10.622     0.020    11.616
       363    23.313     2.288     0.000     5.185    -1.536   133.822    23.313  1023.802  4289.501    31.059    10.622     0.020    11.656
       364    23.399     2.291     0.000     5.204    -1.543   134.529    23.399  1023.802  4273.597    31.059    10.623     0.020    11.700
       365    23.492     2.294     0.000     5.224    -1.549   135.262    23.492  1023.802  4256.775    31.059    10.623     0.020    11.746
       366    23.591     2.297     0.000     5.244    -1.556   136.024    23.591  1023.801  4238.940    31.059    10.624     0.020    11.795
       367    23.697     2.301     0.000     5.266    -1.564   136.817    23.697  1023.801  4219.981    31.059    10.625     0.020    11.848
       368    23.811     2.305     0.000     5.288    -1.572   137.648    23.811  1023.801  4199.766    31.059    10.626     0.020    11.905
       369    23.934     2.310     0.000     5.311    -1.580   138.520    23.934  1023.801  4178.131    31.059    10.626     0.020    11.967
       370    24.068     2.315     0.000     5.336    -1.589   139.441    24.068  1023.801  4154.879    31.059    10.627     0.020    12.034
       371    24.214     2.321     0.000     5.362    -1.599   140.419    24.214  1023.801  4129.759    31.059    10.628     0.020    12.107
       372    24.376     2.328     0.000     5.390    -1.610   141.465    24.376  1023.800  4102.449    31.059    10.629     0.020    12.188
       373    24.555     2.335     0.000     5.420    -1.622   142.595    24.555  1023.800  4072.526    31.059    10.630     0.020    12.277
       374    24.756     2.344     0.000     5.453    -1.635   143.827    24.756  1023.800  4039.408    31.059    10.631     0.020    12.378
       375    24.986     2.354     0.000     5.489    -1.650   145.192    24.986  1023.800  4002.269    31.059    10.633     0.020    12.493
       376    25.253     2.367     0.000     5.530    -1.667   146.735    25.253  1023.800  3959.861    31.059    10.634     0.020    12.627
       377    25.574     2.382     0.000     5.578    -1.687   148.530    25.574  1023.800  3910.151    31.059    10.636     0.020    12.787
       378    25.978     2.401     0.000     5.635    -1.711   150.717    25.978  1023.799  3849.457    31.059    10.637     0.020    12.989
       379    26.497     2.427     0.000     5.707    -1.742   153.448    26.497  1023.799  3773.976    31.059    10.640     0.020    13.249
       380    27.027     2.455     0.000     5.777    -1.773   156.149    27.027  1023.799  3699.976    31.059    10.642     0.020    13.514
       381    27.568     2.484     0.000     5.846    -1.803   158.801    27.568  1023.799  3627.427    31.060    10.644     0.020    13.784
       382    28.119     2.516     0.000     5.914    -1.832   161.416    28.119  1023.799  3556.301    31.060    10.645     0.020    14.060
---------------------------- Plume traps -----------------------------
       383    28.681     2.549     0.000     5.980    -1.859   163.997    28.681  1023.799  3486.570    31.060    10.647     0.020    14.341
-------------------- Starting Farfield Calculations --------------------
Farfield dispersion based on wastefield width of :       2.55 (m)
4/3 Power Law based Eddy Diffusivity is used:
  Dilution     Width  Distance      Time     Conc.    Bckgrd
        ()       (m)       (m)    (hrs.)    (mg/L)    (mg/L)
    28.681     2.554     5.980     0.000  3486.570     0.000
    28.681     2.559     6.000     0.001  3484.128     0.000
    28.687     2.809     7.000     0.014  3484.128     0.000
    28.960     3.067     8.000     0.028  3484.128     0.000
    29.865     3.332     9.000     0.042  3484.128     0.000
    31.283     3.605    10.000     0.056  3484.128     0.000
    33.038     3.884    11.000     0.070  3086.166     0.000
    35.018     4.170    12.000     0.084  3086.166     0.000
    37.159     4.463    13.000     0.098  3086.166     0.000
    39.422     4.763    14.000     0.112  3086.166     0.000
    41.784     5.069    15.000     0.126  3086.166     0.000
    44.228     5.381    16.000     0.139  2350.337     0.000
    46.746     5.700    17.000     0.153  2350.337     0.000
    49.329     6.024    18.000     0.167  2350.337     0.000
    51.973     6.355    19.000     0.181  2350.337     0.000
    54.674     6.691    20.000     0.195  1830.998     0.000
    57.428     7.033    21.000     0.209  1830.998     0.000
    60.234     7.381    22.000     0.223  1830.998     0.000
    63.089     7.734    23.000     0.237  1830.998     0.000
    65.993     8.093    24.000     0.251  1830.998     0.000
    68.943     8.457    25.000     0.264  1473.191     0.000
    71.938     8.826    26.000     0.278  1473.191     0.000
    74.977     9.201    27.000     0.292  1473.191     0.000
    78.060     9.581    28.000     0.306  1473.191     0.000
    81.186     9.966    29.000     0.320  1473.191     0.000
    84.354    10.355    30.000     0.334  1217.332     0.000
    87.562    10.750    31.000     0.348  1217.332     0.000
    90.812    11.150    32.000     0.362  1217.332     0.000
    94.101    11.554    33.000     0.376  1217.332     0.000
    97.430    11.964    34.000     0.389  1027.512     0.000
   100.797    12.378    35.000     0.403  1027.512     0.000
   104.203    12.796    36.000     0.417  1027.512     0.000
   107.647    13.220    37.000     0.431  1027.512     0.000
   111.128    13.648    38.000     0.445  1027.512     0.000
   114.647    14.080    39.000     0.459   882.260     0.000
   118.202    14.517    40.000     0.473   882.260     0.000
   121.793    14.958    41.000     0.487   882.260     0.000
   125.420    15.404    42.000     0.501   882.260     0.000
   129.083    15.854    43.000     0.514   882.260     0.000
   132.780    16.308    44.000     0.528   768.235     0.000
   136.513    16.767    45.000     0.542   768.235     0.000
   140.280    17.230    46.000     0.556   768.235     0.000
   144.081    17.697    47.000     0.570   768.235     0.000
   147.915    18.168    48.000     0.584   676.801     0.000
   151.784    18.643    49.000     0.598   676.801     0.000
   155.685    19.122    50.000     0.612   676.801     0.000
   159.620    19.606    51.000     0.626   676.801     0.000
   163.587    20.093    52.000     0.639   676.801     0.000
   167.587    20.584    53.000     0.653   602.160     0.000
   171.618    21.080    54.000     0.667   602.160     0.000
   175.682    21.579    55.000     0.681   602.160     0.000
   179.777    22.082    56.000     0.695   602.160     0.000
   183.903    22.589    57.000     0.709   602.160     0.000
   188.061    23.100    58.000     0.723   540.292     0.000
   192.250    23.614    59.000     0.737   540.292     0.000
   196.469    24.132    60.000     0.751   540.292     0.000
   200.719    24.654    61.000     0.764   540.292     0.000
   204.998    25.180    62.000     0.778   488.337     0.000
   209.308    25.710    63.000     0.792   488.337     0.000
   213.648    26.243    64.000     0.806   488.337     0.000
   218.017    26.779    65.000     0.820   488.337     0.000
   222.416    27.320    66.000     0.834   488.337     0.000
   226.844    27.864    67.000     0.848   444.204     0.000
   231.301    28.411    68.000     0.862   444.204     0.000
   235.787    28.962    69.000     0.876   444.204     0.000
   240.301    29.517    70.000     0.889   444.204     0.000
   244.844    30.075    71.000     0.903   444.204     0.000
   249.415    30.636    72.000     0.917   406.339     0.000
   254.014    31.201    73.000     0.931   406.339     0.000
   258.641    31.770    74.000     0.945   406.339     0.000
   263.296    32.341    75.000     0.959   406.339     0.000
   267.979    32.916    76.000     0.973   373.564     0.000
   272.689    33.495    77.000     0.987   373.564     0.000
   277.426    34.077    78.000     1.001   373.564     0.000
   282.190    34.662    79.000     1.014   373.564     0.000
   286.982    35.251    80.000     1.028   373.564     0.000
   291.800    35.843    81.000     1.042   344.969     0.000
   296.645    36.438    82.000     1.056   344.969     0.000
   301.516    37.036    83.000     1.070   344.969     0.000
   306.414    37.638    84.000     1.084   344.969     0.000
   311.338    38.242    85.000     1.098   344.969     0.000
   316.288    38.851    86.000     1.112   319.845     0.000
   321.264    39.462    87.000     1.126   319.845     0.000
   326.266    40.076    88.000     1.139   319.845     0.000
   331.293    40.694    89.000     1.153   319.845     0.000
   336.347    41.314    90.000     1.167   297.629     0.000
   341.425    41.938    91.000     1.181   297.629     0.000
   346.529    42.565    92.000     1.195   297.629     0.000
   351.658    43.195    93.000     1.209   297.629     0.000
   356.812    43.828    94.000     1.223   297.629     0.000
   361.991    44.464    95.000     1.237   277.870     0.000
   367.195    45.104    96.000     1.251   277.870     0.000
   372.424    45.746    97.000     1.264   277.870     0.000
   377.677    46.391    98.000     1.278   277.870     0.000
   382.954    47.039    99.000     1.292   277.870     0.000
   388.256    47.691   100.000     1.306   260.205     0.000
   393.583    48.345   101.000     1.320   260.205     0.000
   398.933    49.002   102.000     1.334   260.205     0.000
   404.307    49.662   103.000     1.348   260.205     0.000
   409.706    50.325   104.000     1.362   244.336     0.000
   415.128    50.991   105.000     1.376   244.336     0.000
   420.574    51.660   106.000     1.389   244.336     0.000
   426.043    52.332   107.000     1.403   244.336     0.000
   431.536    53.007   108.000     1.417   244.336     0.000
   437.053    53.685   109.000     1.431   230.016     0.000
   442.592    54.365   110.000     1.445   230.016     0.000
   448.155    55.048   111.000     1.459   230.016     0.000
   453.741    55.734   112.000     1.473   230.016     0.000
   459.350    56.423   113.000     1.487   230.016     0.000
   464.982    57.115   114.000     1.501   217.042     0.000
   470.637    57.810   115.000     1.514   217.042     0.000
   476.314    58.507   116.000     1.528   217.042     0.000
   482.015    59.207   117.000     1.542   217.042     0.000
   487.737    59.910   118.000     1.556   205.244     0.000
   493.482    60.616   119.000     1.570   205.244     0.000
   499.250    61.324   120.000     1.584   205.244     0.000
   505.040    62.036   121.000     1.598   205.244     0.000
   510.852    62.750   122.000     1.612   205.244     0.000
   516.686    63.466   123.000     1.626   194.477     0.000
   522.542    64.186   124.000     1.639   194.477     0.000
   528.421    64.908   125.000     1.653   194.477     0.000
   534.321    65.632   126.000     1.667   194.477     0.000
   540.243    66.360   127.000     1.681   194.477     0.000
   546.186    67.090   128.000     1.695   184.620     0.000
   552.152    67.823   129.000     1.709   184.620     0.000
   558.138    68.558   130.000     1.723   184.620     0.000
   564.147    69.296   131.000     1.737   184.620     0.000
   570.176    70.037   132.000     1.751   175.568     0.000
   576.227    70.780   133.000     1.764   175.568     0.000
   582.300    71.526   134.000     1.778   175.568     0.000
   588.393    72.274   135.000     1.792   175.568     0.000
   594.508    73.025   136.000     1.806   175.568     0.000
   600.643    73.779   137.000     1.820   167.232     0.000
   606.800    74.535   138.000     1.834   167.232     0.000
   612.977    75.294   139.000     1.848   167.232     0.000
   619.176    76.055   140.000     1.862   167.232     0.000
   625.395    76.819   141.000     1.876   167.232     0.000
   631.634    77.586   142.000     1.889   159.536     0.000
   637.895    78.355   143.000     1.903   159.536     0.000
   644.176    79.126   144.000     1.917   159.536     0.000
   650.477    79.900   145.000     1.931   159.536     0.000
   656.799    80.677   146.000     1.945   152.412     0.000
   663.141    81.456   147.000     1.959   152.412     0.000
   669.503    82.237   148.000     1.973   152.412     0.000
   675.886    83.021   149.000     1.987   152.412     0.000
   682.289    83.808   150.000     2.001   152.412     0.000
   688.712    84.597   151.000     2.014   145.803     0.000
   695.154    85.388   152.000     2.028   145.803     0.000
   701.617    86.182   153.000     2.042   145.803     0.000
   708.100    86.978   154.000     2.056   145.803     0.000
   714.603    87.777   155.000     2.070   145.803     0.000
   721.125    88.578   156.000     2.084   139.659     0.000
   727.667    89.382   157.000     2.098   139.659     0.000
   734.229    90.188   158.000     2.112   139.659     0.000
   740.810    90.996   159.000     2.126   139.659     0.000
   747.411    91.807   160.000     2.139   133.934     0.000
   754.032    92.620   161.000     2.153   133.934     0.000
   760.672    93.436   162.000     2.167   133.934     0.000
   767.331    94.254   163.000     2.181   133.934     0.000
   774.009    95.074   164.000     2.195   133.934     0.000
   780.707    95.897   165.000     2.209   128.590     0.000
   787.424    96.722   166.000     2.223   128.590     0.000
   794.161    97.549   167.000     2.237   128.590     0.000
   800.916    98.379   168.000     2.251   128.590     0.000
   807.690    99.211   169.000     2.264   128.590     0.000
   814.484   100.046   170.000     2.278   123.592     0.000
   821.296   100.882   171.000     2.292   123.592     0.000
   828.127   101.722   172.000     2.306   123.592     0.000
   834.977   102.563   173.000     2.320   123.592     0.000
   841.846   103.407   174.000     2.334   118.909     0.000
   848.733   104.253   175.000     2.348   118.909     0.000
   855.639   105.101   176.000     2.362   118.909     0.000
   862.564   105.952   177.000     2.376   118.909     0.000
   869.508   106.804   178.000     2.389   118.909     0.000
   876.470   107.660   179.000     2.403   114.515     0.000
   883.450   108.517   180.000     2.417   114.515     0.000
   890.449   109.377   181.000     2.431   114.515     0.000
   897.466   110.239   182.000     2.445   114.515     0.000
   904.502   111.103   183.000     2.459   114.515     0.000
   911.556   111.969   184.000     2.473   110.386     0.000
   918.628   112.838   185.000     2.487   110.386     0.000
   925.718   113.709   186.000     2.501   110.386     0.000
   932.826   114.582   187.000     2.514   110.386     0.000
   939.953   115.458   188.000     2.528   106.498     0.000
   947.098   116.335   189.000     2.542   106.498     0.000
   954.260   117.215   190.000     2.556   106.498     0.000
   961.441   118.097   191.000     2.570   106.498     0.000
   968.639   118.981   192.000     2.584   106.498     0.000
   975.856   119.868   193.000     2.598   102.833     0.000
   983.090   120.756   194.000     2.612   102.833     0.000
   990.342   121.647   195.000     2.626   102.833     0.000
   997.612   122.540   196.000     2.639   102.833     0.000
  1004.899   123.435   197.000     2.653   102.833     0.000
  1012.204   124.332   198.000     2.667    99.374     0.000
  1019.527   125.232   199.000     2.681    99.374     0.000
  1026.867   126.134   200.000     2.695    99.374     0.000
  1034.225   127.037   201.000     2.709    99.374     0.000
  1041.600   127.943   202.000     2.723    96.105     0.000
  1048.993   128.851   203.000     2.737    96.105     0.000
  1056.403   129.762   204.000     2.751    96.105     0.000
  1063.831   130.674   205.000     2.764    96.105     0.000
  1071.276   131.588   206.000     2.778    96.105     0.000
............................. Reached Chronic Mixing Zone ..........................
  1078.738   132.505   207.000     2.792    93.011     0.000
  1086.217   133.424   208.000     2.806    93.011     0.000
  1093.714   134.345   209.000     2.820    93.011     0.000
  1101.228   135.267   210.000     2.834    93.011     0.000
  1108.759   136.193   211.000     2.848    93.011     0.000
  1116.307   137.120   212.000     2.862    90.079     0.000
  1123.872   138.049   213.000     2.876    90.079     0.000
  1131.454   138.980   214.000     2.889    90.079     0.000
  1139.053   139.914   215.000     2.903    90.079     0.000
  1146.669   140.849   216.000     2.917    87.299     0.000
  1154.302   141.787   217.000     2.931    87.299     0.000
  1161.951   142.726   218.000     2.945    87.299     0.000
  1169.618   143.668   219.000     2.959    87.299     0.000
  1177.301   144.612   220.000     2.973    87.299     0.000
  1185.001   145.558   221.000     2.987    84.658     0.000
  1192.718   146.506   222.000     3.001    84.658     0.000
  1200.452   147.455   223.000     3.014    84.658     0.000
  1208.202   148.407   224.000     3.028    84.658     0.000
  1215.969   149.361   225.000     3.042    84.658     0.000
  1223.752   150.318   226.000     3.056    82.148     0.000
  1231.552   151.276   227.000     3.070    82.148     0.000
  1239.368   152.236   228.000     3.084    82.148     0.000
  1247.201   153.198   229.000     3.098    82.148     0.000
  1255.050   154.162   230.000     3.112    79.760     0.000
  1262.916   155.128   231.000     3.126    79.760     0.000
  1270.798   156.096   232.000     3.139    79.760     0.000
  1278.696   157.067   233.000     3.153    79.760     0.000
  1286.611   158.039   234.000     3.167    79.760     0.000
  1294.542   159.013   235.000     3.181    77.485     0.000
  1302.489   159.989   236.000     3.195    77.485     0.000
  1310.452   160.967   237.000     3.209    77.485     0.000
  1318.432   161.947   238.000     3.223    77.485     0.000
  1326.427   162.929   239.000     3.237    77.485     0.000
  1334.439   163.914   240.000     3.251    75.316     0.000
  1342.467   164.900   241.000     3.264    75.316     0.000
  1350.511   165.888   242.000     3.278    75.316     0.000
  1358.570   166.878   243.000     3.292    75.316     0.000
  1366.646   167.870   244.000     3.306    73.247     0.000
  1374.738   168.864   245.000     3.320    73.247     0.000
  1382.845   169.860   246.000     3.334    73.247     0.000
  1390.969   170.857   247.000     3.348    73.247     0.000
  1399.108   171.857   248.000     3.362    73.247     0.000
  1407.264   172.859   249.000     3.376    71.270     0.000
  1415.434   173.863   250.000     3.389    71.270     0.000
  1423.621   174.868   251.000     3.403    71.270     0.000
  1431.824   175.876   252.000     3.417    71.270     0.000
  1440.042   176.885   253.000     3.431    71.270     0.000
  1448.276   177.897   254.000     3.445    69.381     0.000
  1456.525   178.910   255.000     3.459    69.381     0.000
  1464.790   179.925   256.000     3.473    69.381     0.000
  1473.071   180.942   257.000     3.487    69.381     0.000
  1481.367   181.961   258.000     3.501    67.574     0.000
  1489.678   182.982   259.000     3.514    67.574     0.000
  1498.005   184.005   260.000     3.528    67.574     0.000
  1506.348   185.030   261.000     3.542    67.574     0.000
  1514.706   186.056   262.000     3.556    67.574     0.000
  1523.080   187.085   263.000     3.570    65.844     0.000
  1531.468   188.115   264.000     3.584    65.844     0.000
  1539.873   189.148   265.000     3.598    65.844     0.000
  1548.292   190.182   266.000     3.612    65.844     0.000
  1556.727   191.218   267.000     3.626    65.844     0.000
  1565.177   192.256   268.000     3.639    64.187     0.000
  1573.642   193.296   269.000     3.653    64.187     0.000
  1582.123   194.337   270.000     3.667    64.187     0.000
  1590.618   195.381   271.000     3.681    64.187     0.000
  1599.129   196.426   272.000     3.695    62.598     0.000
  1607.655   197.474   273.000     3.709    62.598     0.000
  1616.196   198.523   274.000     3.723    62.598     0.000
  1624.752   199.574   275.000     3.737    62.598     0.000
  1633.323   200.627   276.000     3.751    62.598     0.000
  1641.909   201.681   277.000     3.764    61.073     0.000
  1650.510   202.738   278.000     3.778    61.073     0.000
  1659.127   203.796   279.000     3.792    61.073     0.000
  1667.758   204.856   280.000     3.806    61.073     0.000
  1676.404   205.918   281.000     3.820    61.073     0.000
  1685.064   206.982   282.000     3.834    59.610     0.000
  1693.740   208.048   283.000     3.848    59.610     0.000
  1702.431   209.115   284.000     3.862    59.610     0.000
  1711.136   210.185   285.000     3.876    59.610     0.000
  1719.856   211.256   286.000     3.889    58.204     0.000
  1728.591   212.329   287.000     3.903    58.204     0.000
  1737.341   213.403   288.000     3.917    58.204     0.000
  1746.105   214.480   289.000     3.931    58.204     0.000
  1754.884   215.558   290.000     3.945    58.204     0.000
  1763.678   216.638   291.000     3.959    56.852     0.000
  1772.486   217.720   292.000     3.973    56.852     0.000
  1781.309   218.804   293.000     3.987    56.852     0.000
  1790.147   219.890   294.000     4.001    56.852     0.000
  1798.999   220.977   295.000     4.014    56.852     0.000
  1807.866   222.066   296.000     4.028    55.552     0.000
  1816.747   223.157   297.000     4.042    55.552     0.000
  1825.643   224.250   298.000     4.056    55.552     0.000
  1834.553   225.344   299.000     4.070    55.552     0.000
  1843.478   226.441   300.000     4.084    54.300     0.000
  1852.417   227.539   301.000     4.098    54.300     0.000
  1861.370   228.638   302.000     4.112    54.300     0.000
  1870.338   229.740   303.000     4.126    54.300     0.000
  1879.320   230.843   304.000     4.139    54.300     0.000
  1888.317   231.948   305.000     4.153    53.095     0.000
  1897.327   233.055   306.000     4.167    53.095     0.000
  1906.353   234.164   307.000     4.181    53.095     0.000
  1915.392   235.274   308.000     4.195    53.095     0.000
  1924.446   236.386   309.000     4.209    53.095     0.000
  1933.513   237.500   310.000     4.223    51.934     0.000
  1942.595   238.616   311.000     4.237    51.934     0.000
  1951.692   239.733   312.000     4.251    51.934     0.000
  1960.802   240.852   313.000     4.264    51.934     0.000
  1969.927   241.973   314.000     4.278    50.815     0.000
  1979.065   243.095   315.000     4.292    50.815     0.000
  1988.218   244.219   316.000     4.306    50.815     0.000
  1997.385   245.345   317.000     4.320    50.815     0.000
  2006.566   246.473   318.000     4.334    50.815     0.000
  2015.760   247.603   319.000     4.348    49.735     0.000
  2024.969   248.734   320.000     4.362    49.735     0.000
  2034.192   249.867   321.000     4.376    49.735     0.000
  2043.429   251.001   322.000     4.389    49.735     0.000
  2052.680   252.137   323.000     4.403    49.735     0.000
  2061.944   253.275   324.000     4.417    48.693     0.000
  2071.223   254.415   325.000     4.431    48.693     0.000
  2080.515   255.557   326.000     4.445    48.693     0.000
  2089.821   256.700   327.000     4.459    48.693     0.000
  2099.141   257.845   328.000     4.473    47.687     0.000
  2108.475   258.991   329.000     4.487    47.687     0.000
  2117.823   260.139   330.000     4.501    47.687     0.000
  2127.185   261.289   331.000     4.514    47.687     0.000
  2136.560   262.441   332.000     4.528    47.687     0.000
  2145.949   263.594   333.000     4.542    46.715     0.000
  2155.351   264.749   334.000     4.556    46.715     0.000
  2164.768   265.906   335.000     4.570    46.715     0.000
  2174.198   267.064   336.000     4.584    46.715     0.000
  2183.642   268.224   337.000     4.598    46.715     0.000
  2193.099   269.386   338.000     4.612    45.775     0.000
  2202.570   270.549   339.000     4.626    45.775     0.000
  2212.054   271.714   340.000     4.639    45.775     0.000
  2221.553   272.881   341.000     4.653    45.775     0.000
  2231.064   274.049   342.000     4.667    44.867     0.000
  2240.589   275.219   343.000     4.681    44.867     0.000
  2250.128   276.391   344.000     4.695    44.867     0.000
  2259.680   277.564   345.000     4.709    44.867     0.000
  2269.246   278.739   346.000     4.723    44.867     0.000
  2278.825   279.916   347.000     4.737    43.988     0.000
  2288.418   281.094   348.000     4.751    43.988     0.000
  2298.024   282.274   349.000     4.764    43.988     0.000
  2307.643   283.456   350.000     4.778    43.988     0.000
  2317.276   284.639   351.000     4.792    43.988     0.000
  2326.922   285.824   352.000     4.806    43.138     0.000
  2336.582   287.010   353.000     4.820    43.138     0.000
  2346.255   288.198   354.000     4.834    43.138     0.000
  2355.941   289.388   355.000     4.848    43.138     0.000
  2365.640   290.579   356.000     4.862    42.315     0.000
  2375.353   291.773   357.000     4.876    42.315     0.000
  2385.079   292.967   358.000     4.889    42.315     0.000
  2394.818   294.164   359.000     4.903    42.315     0.000
  2404.571   295.361   360.000     4.917    42.315     0.000
  2414.337   296.561   361.000     4.931    41.517     0.000
  2424.115   297.762   362.000     4.945    41.517     0.000
  2433.907   298.965   363.000     4.959    41.517     0.000
  2443.713   300.169   364.000     4.973    41.517     0.000
  2453.531   301.375   365.000     4.987    41.517     0.000
  2463.362   302.583   366.000     5.001    40.744     0.000
  2473.207   303.792   367.000     5.014    40.744     0.000
  2483.064   305.003   368.000     5.028    40.744     0.000
  2492.935   306.215   369.000     5.042    40.744     0.000
  2502.819   307.430   370.000     5.056    39.995     0.000
  2512.715   308.645   371.000     5.070    39.995     0.000
  2522.625   309.862   372.000     5.084    39.995     0.000
  2532.548   311.081   373.000     5.098    39.995     0.000
  2542.484   312.302   374.000     5.112    39.995     0.000
  2552.432   313.524   375.000     5.126    39.269     0.000
  2562.394   314.747   376.000     5.139    39.269     0.000
  2572.368   315.973   377.000     5.153    39.269     0.000
  2582.356   317.199   378.000     5.167    39.269     0.000
  2592.356   318.428   379.000     5.181    39.269     0.000
  2602.369   319.658   380.000     5.195    38.564     0.000
  2612.395   320.889   381.000     5.209    38.564     0.000
  2622.434   322.122   382.000     5.223    38.564     0.000
  2632.486   323.357   383.000     5.237    38.564     0.000
  2642.551   324.593   384.000     5.251    37.880     0.000
  2652.628   325.831   385.000     5.264    37.880     0.000
  2662.718   327.070   386.000     5.278    37.880     0.000
  2672.821   328.311   387.000     5.292    37.880     0.000
  2682.937   329.554   388.000     5.306    37.880     0.000
  2693.065   330.798   389.000     5.320    37.217     0.000
  2703.206   332.044   390.000     5.334    37.217     0.000
  2713.360   333.291   391.000     5.348    37.217     0.000
  2723.526   334.540   392.000     5.362    37.217     0.000
  2733.705   335.790   393.000     5.376    37.217     0.000
  2743.897   337.042   394.000     5.389    36.572     0.000
  2754.101   338.295   395.000     5.403    36.572     0.000
  2764.318   339.550   396.000     5.417    36.572     0.000
  2774.548   340.807   397.000     5.431    36.572     0.000
  2784.790   342.065   398.000     5.445    35.946     0.000
  2795.045   343.325   399.000     5.459    35.946     0.000
  2805.312   344.586   400.000     5.473    35.946     0.000
  2815.592   345.848   401.000     5.487    35.946     0.000
  2825.885   347.113   402.000     5.501    35.946     0.000
  2836.190   348.378   403.000     5.514    35.337     0.000
  2846.507   349.646   404.000     5.528    35.337     0.000
  2856.837   350.915   405.000     5.542    35.337     0.000
  2867.179   352.185   406.000     5.556    35.337     0.000
  2877.534   353.457   407.000     5.570    35.337     0.000
  2887.901   354.730   408.000     5.584    34.745     0.000
  2898.281   356.005   409.000     5.598    34.745     0.000
  2908.673   357.282   410.000     5.612    34.745     0.000
  2919.078   358.560   411.000     5.626    34.745     0.000
  2929.494   359.839   412.000     5.639    34.170     0.000
  2939.924   361.120   413.000     5.653    34.170     0.000
  2950.365   362.403   414.000     5.667    34.170     0.000
  2960.819   363.687   415.000     5.681    34.170     0.000
  2971.285   364.973   416.000     5.695    34.170     0.000
  2981.764   366.260   417.000     5.709    33.610     0.000
  2992.254   367.548   418.000     5.723    33.610     0.000
  3002.758   368.839   419.000     5.737    33.610     0.000
  3013.273   370.130   420.000     5.751    33.610     0.000
  3023.800   371.423   421.000     5.764    33.610     0.000
  3034.340   372.718   422.000     5.778    33.066     0.000
  3044.892   374.014   423.000     5.792    33.066     0.000
  3055.456   375.312   424.000     5.806    33.066     0.000
  3066.033   376.611   425.000     5.820    33.066     0.000
  3076.621   377.911   426.000     5.834    32.536     0.000
  3087.222   379.214   427.000     5.848    32.536     0.000
  3097.835   380.517   428.000     5.862    32.536     0.000
  3108.460   381.822   429.000     5.876    32.536     0.000
  3119.097   383.129   430.000     5.889    32.536     0.000
  3129.747   384.437   431.000     5.903    32.020     0.000
  3140.408   385.747   432.000     5.917    32.020     0.000
  3151.081   387.058   433.000     5.931    32.020     0.000
  3161.767   388.370   434.000     5.945    32.020     0.000
  3172.464   389.684   435.000     5.959    32.020     0.000
  3183.174   391.000   436.000     5.973    31.517     0.000
  3193.896   392.317   437.000     5.987    31.517     0.000
  3204.629   393.635   438.000     6.001    31.517     0.000
  3215.375   394.955   439.000     6.014    31.517     0.000
  3226.132   396.276   440.000     6.028    31.028     0.000
  3236.902   397.599   441.000     6.042    31.028     0.000
  3247.683   398.924   442.000     6.056    31.028     0.000
  3258.477   400.249   443.000     6.070    31.028     0.000
  3269.282   401.577   444.000     6.084    31.028     0.000
  3280.100   402.905   445.000     6.098    30.551     0.000
  3290.929   404.235   446.000     6.112    30.551     0.000
  3301.770   405.567   447.000     6.126    30.551     0.000
  3312.623   406.900   448.000     6.139    30.551     0.000
  3323.488   408.235   449.000     6.153    30.551     0.000
  3334.365   409.571   450.000     6.167    30.086     0.000
  3345.253   410.908   451.000     6.181    30.086     0.000
  3356.154   412.247   452.000     6.195    30.086     0.000
  3367.066   413.588   453.000     6.209    30.086     0.000
  3377.990   414.929   454.000     6.223    29.633     0.000
  3388.925   416.273   455.000     6.237    29.633     0.000
  3399.873   417.617   456.000     6.251    29.633     0.000
  3410.832   418.964   457.000     6.264    29.633     0.000
  3421.803   420.311   458.000     6.278    29.633     0.000
  3432.786   421.660   459.000     6.292    29.191     0.000
  3443.781   423.011   460.000     6.306    29.191     0.000
  3454.787   424.363   461.000     6.320    29.191     0.000
  3465.805   425.716   462.000     6.334    29.191     0.000
  3476.835   427.071   463.000     6.348    29.191     0.000
  3487.876   428.427   464.000     6.362    28.760     0.000
  3498.929   429.785   465.000     6.376    28.760     0.000
  3509.994   431.144   466.000     6.389    28.760     0.000
  3521.070   432.504   467.000     6.403    28.760     0.000
  3532.158   433.866   468.000     6.417    28.340     0.000
  3543.257   435.230   469.000     6.431    28.340     0.000
  3554.368   436.595   470.000     6.445    28.340     0.000
  3565.491   437.961   471.000     6.459    28.340     0.000
  3576.625   439.328   472.000     6.473    28.340     0.000
  3587.771   440.697   473.000     6.487    27.929     0.000
  3598.929   442.068   474.000     6.501    27.929     0.000
  3610.097   443.440   475.000     6.514    27.929     0.000
  3621.278   444.813   476.000     6.528    27.929     0.000
  3632.470   446.188   477.000     6.542    27.929     0.000
  3643.673   447.564   478.000     6.556    27.529     0.000
  3654.888   448.942   479.000     6.570    27.529     0.000
  3666.115   450.321   480.000     6.584    27.529     0.000
  3677.353   451.701   481.000     6.598    27.529     0.000
  3688.602   453.083   482.000     6.612    27.138     0.000
  3699.863   454.466   483.000     6.626    27.138     0.000
  3711.135   455.851   484.000     6.639    27.138     0.000
  3722.419   457.237   485.000     6.653    27.138     0.000
  3733.714   458.624   486.000     6.667    27.138     0.000
  3745.021   460.013   487.000     6.681    26.756     0.000
  3756.339   461.403   488.000     6.695    26.756     0.000
  3767.668   462.795   489.000     6.709    26.756     0.000
  3779.009   464.188   490.000     6.723    26.756     0.000
  3790.361   465.582   491.000     6.737    26.383     0.000
  3801.724   466.978   492.000     6.751    26.383     0.000
  3813.099   468.375   493.000     6.764    26.383     0.000
  3824.485   469.774   494.000     6.778    26.383     0.000
  3835.882   471.174   495.000     6.792    26.383     0.000
  3847.291   472.575   496.000     6.806    26.018     0.000
  3858.711   473.978   497.000     6.820    26.018     0.000
  3870.142   475.382   498.000     6.834    26.018     0.000
  3881.584   476.787   499.000     6.848    26.018     0.000
  3893.038   478.194   500.000     6.862    26.018     0.000
  3896.752   478.651   500.324     6.866    25.662     0.000
