****************************************************************************************************
----------------------------------------------------------------------------------------------------
Ambient Table:
     Depth   Amb-cur   Amb-dir   Amb-sal   Amb-tem   Amb-pol     Decay   Far-spd   Far-dir   Disprsn
       (m)     (m/s)     (deg)     (psu)       (C)    (mg/L)   (1/day)     (m/s)     (deg)(m0.67/s2)
     0.000     0.020    90.000    30.900    11.200     0.000     0.000     0.020    90.000   0.00030
     3.000     0.020    90.000    31.200    10.400     0.000     0.000     0.020    90.000   0.00030
     6.000     0.020    90.000    31.200     9.690     0.000     0.000     0.020    90.000   0.00030
     9.000     0.020    90.000    31.700     9.440     0.000     0.000     0.020    90.000   0.00030
    12.000     0.020    90.000    31.800     9.340     0.000     0.000     0.020    90.000   0.00030
    15.000     0.050    90.000    31.900     9.220     0.000     0.000     0.020    90.000   0.00030
----------------------------------------------------------------------------------------------------
Diffuser Table:
     P-dia    P-elev   V-angle   H-angle     Ports   Spacing   AcuteMZ   ChrncMZ   P-depth   Ttl-flo   Eff-sal      Temp   Polutnt
       (m)       (m)     (deg)     (deg)       ( )       (m)       (m)       (m)       (m)     (cms)     (psu)       (C)    (mg/L)
      0.50     15.00     45.00     90.00     25.00      2.00     20.70    207.00      2.00      0.01     45.00     10.00 100000.00
----------------------------------------------------------------------------------------------------
Simulation Results:
              Dilutn     P-dia    x-posn    y-posn     Depth      Time   Net-Dil     P-Den    P-Con.     P-Sal    P-Temp  Amb-Curr    CL-Dil
      Step (FluxAvg)       (m)       (m)       (m)       (m)       (s)        ()   (kg/m3)    (mg/L)     (psu)       (C)     (m/s)        ()
---------------------- Local maximum rise or fall --------------------
         1     1.000     0.391     0.000     0.000    -2.015     0.391     1.000  1034.809 99999.304    45.000    10.000     0.020     1.000
         2     1.000     0.080     0.000     0.000    -2.016     0.393     1.000  1034.809 99995.293    44.999    10.000     0.020     1.000
         3     1.020     0.081     0.000     0.001    -2.018     0.442     1.020  1034.592 98014.028    44.727    10.013     0.020     1.000
         4     1.041     0.078     0.000     0.001    -2.020     0.485     1.041  1034.379 96072.418    44.460    10.026     0.020     1.000
         5     1.062     0.076     0.000     0.001    -2.022     0.527     1.062  1034.170 94169.655    44.198    10.038     0.020     1.000
         6     1.083     0.074     0.000     0.001    -2.024     0.568     1.083  1033.966 92304.945    43.941    10.050     0.020     1.000
         7     1.105     0.072     0.000     0.001    -2.026     0.607     1.105  1033.766 90477.514    43.689    10.062     0.020     1.000
         8     1.128     0.071     0.000     0.001    -2.028     0.645     1.128  1033.569 88686.602    43.442    10.074     0.020     1.000
         9     1.150     0.071     0.000     0.001    -2.031     0.682     1.150  1033.377 86931.465    43.200    10.086     0.020     1.000
        10     1.174     0.070     0.000     0.001    -2.033     0.719     1.174  1033.188 85211.378    42.963    10.097     0.020     1.000
        11     1.197     0.070     0.000     0.001    -2.035     0.755     1.197  1033.004 83525.626    42.731    10.108     0.020     1.000
        12     1.221     0.069     0.000     0.002    -2.038     0.790     1.221  1032.822 81873.514    42.503    10.119     0.020     1.000
        13     1.246     0.069     0.000     0.002    -2.040     0.825     1.246  1032.645 80254.358    42.279    10.129     0.020     1.000
        14     1.271     0.069     0.000     0.002    -2.042     0.859     1.271  1032.471 78667.490    42.060    10.140     0.020     1.000
        15     1.297     0.069     0.000     0.002    -2.045     0.894     1.297  1032.301 77112.257    41.845    10.150     0.020     1.000
        16     1.323     0.069     0.000     0.002    -2.047     0.928     1.323  1032.134 75588.016    41.635    10.160     0.020     1.000
        17     1.350     0.069     0.000     0.003    -2.050     0.961     1.350  1031.970 74094.141    41.428    10.169     0.020     1.000
        18     1.377     0.069     0.000     0.003    -2.052     0.995     1.377  1031.809 72630.018    41.226    10.179     0.020     1.000
        19     1.405     0.069     0.000     0.003    -2.055     1.028     1.405  1031.652 71195.045    41.027    10.188     0.020     1.000
        20     1.433     0.069     0.000     0.003    -2.057     1.062     1.433  1031.498 69788.634    40.833    10.197     0.020     1.000
        21     1.462     0.070     0.000     0.003    -2.060     1.095     1.462  1031.347 68410.207    40.642    10.206     0.020     1.000
        22     1.491     0.070     0.000     0.004    -2.063     1.128     1.491  1031.199 67059.200    40.455    10.215     0.020     1.000
        23     1.521     0.070     0.000     0.004    -2.065     1.161     1.521  1031.053 65735.059    40.272    10.223     0.020     1.000
        24     1.552     0.071     0.000     0.004    -2.068     1.195     1.552  1030.911 64437.244    40.092    10.232     0.020     1.000
        25     1.583     0.071     0.000     0.005    -2.071     1.228     1.583  1030.772 63165.225    39.916    10.240     0.020     1.000
        26     1.615     0.071     0.000     0.005    -2.073     1.261     1.615  1030.635 61918.480    39.743    10.248     0.020     1.000
        27     1.648     0.072     0.000     0.005    -2.076     1.295     1.648  1030.501 60696.502    39.574    10.256     0.020     1.000
        28     1.681     0.072     0.000     0.005    -2.079     1.328     1.681  1030.370 59498.794    39.408    10.263     0.020     1.000
        29     1.715     0.073     0.000     0.006    -2.081     1.362     1.715  1030.241 58324.865    39.245    10.271     0.020     1.000
        30     1.749     0.073     0.000     0.006    -2.084     1.395     1.749  1030.115 57174.240    39.085    10.278     0.020     1.000
        31     1.784     0.074     0.000     0.006    -2.087     1.429     1.784  1029.991 56046.449    38.929    10.286     0.020     1.000
        32     1.820     0.074     0.000     0.007    -2.090     1.464     1.820  1029.870 54941.035    38.776    10.293     0.020     1.000
        33     1.857     0.075     0.000     0.007    -2.093     1.498     1.857  1029.751 53857.548    38.625    10.299     0.020     1.000
        34     1.894     0.076     0.000     0.007    -2.096     1.532     1.894  1029.635 52795.548    38.478    10.306     0.020     1.000
        35     1.932     0.076     0.000     0.008    -2.099     1.567     1.932  1029.521 51754.606    38.334    10.313     0.020     1.000
        36     1.971     0.077     0.000     0.008    -2.102     1.602     1.971  1029.409 50734.297    38.192    10.319     0.020     1.000
        37     2.011     0.078     0.000     0.008    -2.105     1.637     2.011  1029.300 49734.210    38.053    10.326     0.020     1.005
        38     2.051     0.078     0.000     0.009    -2.108     1.673     2.051  1029.192 48753.940    37.917    10.332     0.020     1.026
        39     2.092     0.079     0.000     0.009    -2.111     1.709     2.092  1029.087 47793.089    37.783    10.338     0.020     1.046
        40     2.134     0.080     0.000     0.010    -2.114     1.745     2.134  1028.984 46851.269    37.653    10.344     0.020     1.067
        41     2.177     0.080     0.000     0.010    -2.117     1.781     2.177  1028.882 45928.100    37.524    10.349     0.020     1.089
        42     2.221     0.081     0.000     0.010    -2.120     1.818     2.221  1028.783 45023.209    37.399    10.355     0.020     1.111
        43     2.266     0.082     0.000     0.011    -2.123     1.855     2.266  1028.686 44136.230    37.275    10.360     0.020     1.133
        44     2.311     0.083     0.000     0.011    -2.126     1.892     2.311  1028.591 43266.805    37.154    10.366     0.020     1.156
        45     2.358     0.084     0.000     0.012    -2.129     1.930     2.358  1028.497 42414.585    37.036    10.371     0.020     1.179
        46     2.405     0.084     0.000     0.012    -2.133     1.968     2.405  1028.406 41579.225    36.920    10.376     0.020     1.203
        47     2.453     0.085     0.000     0.013    -2.136     2.007     2.453  1028.316 40760.389    36.806    10.381     0.020     1.227
        48     2.503     0.086     0.000     0.013    -2.139     2.046     2.503  1028.228 39957.748    36.694    10.386     0.020     1.251
        49     2.553     0.087     0.000     0.014    -2.143     2.085     2.553  1028.142 39170.978    36.585    10.391     0.020     1.276
        50     2.604     0.088     0.000     0.014    -2.146     2.125     2.604  1028.057 38399.763    36.478    10.396     0.020     1.302
        51     2.656     0.089     0.000     0.015    -2.149     2.165     2.656  1027.974 37643.794    36.372    10.400     0.020     1.328
        52     2.710     0.090     0.000     0.015    -2.153     2.205     2.710  1027.893 36902.765    36.269    10.405     0.020     1.355
        53     2.764     0.091     0.000     0.016    -2.156     2.246     2.764  1027.814 36176.381    36.168    10.409     0.020     1.382
        54     2.820     0.092     0.000     0.016    -2.160     2.288     2.820  1027.736 35464.348    36.069    10.413     0.020     1.410
        55     2.876     0.092     0.000     0.017    -2.163     2.330     2.876  1027.659 34766.382    35.972    10.417     0.020     1.438
        56     2.934     0.093     0.000     0.017    -2.167     2.372     2.934  1027.584 34082.203    35.877    10.421     0.020     1.467
        57     2.993     0.094     0.000     0.018    -2.171     2.415     2.993  1027.511 33411.536    35.784    10.425     0.020     1.496
        58     3.053     0.095     0.000     0.019    -2.174     2.458     3.053  1027.439 32754.112    35.692    10.429     0.020     1.527
        59     3.114     0.097     0.000     0.019    -2.178     2.502     3.114  1027.368 32109.669    35.602    10.433     0.020     1.557
        60     3.177     0.098     0.000     0.020    -2.182     2.546     3.177  1027.299 31477.948    35.514    10.437     0.020     1.588
        61     3.241     0.099     0.000     0.020    -2.185     2.591     3.241  1027.231 30858.697    35.428    10.440     0.020     1.620
        62     3.306     0.100     0.000     0.021    -2.189     2.637     3.306  1027.165 30251.667    35.344    10.444     0.020     1.653
        63     3.372     0.101     0.000     0.022    -2.193     2.683     3.372  1027.100 29656.616    35.261    10.447     0.020     1.686
        64     3.440     0.102     0.000     0.022    -2.197     2.729     3.440  1027.036 29073.306    35.180    10.450     0.020     1.720
        65     3.509     0.103     0.000     0.023    -2.201     2.776     3.509  1026.973 28501.504    35.100    10.454     0.020     1.754
        66     3.579     0.104     0.000     0.024    -2.205     2.824     3.579  1026.912 27940.982    35.022    10.457     0.020     1.789
        67     3.651     0.105     0.000     0.025    -2.209     2.872     3.651  1026.852 27391.516    34.945    10.460     0.020     1.825
        68     3.724     0.107     0.000     0.025    -2.213     2.921     3.724  1026.793 26852.886    34.870    10.463     0.020     1.862
        69     3.799     0.108     0.000     0.026    -2.217     2.971     3.799  1026.735 26324.878    34.797    10.466     0.020     1.899
        70     3.875     0.109     0.000     0.027    -2.221     3.021     3.875  1026.678 25807.281    34.725    10.469     0.020     1.937
        71     3.953     0.110     0.000     0.028    -2.225     3.071     3.953  1026.623 25299.888    34.654    10.471     0.020     1.976
        72     4.032     0.112     0.000     0.028    -2.229     3.123     4.032  1026.569 24802.498    34.585    10.474     0.020     2.016
        73     4.113     0.113     0.000     0.029    -2.233     3.175     4.113  1026.515 24314.912    34.517    10.477     0.020     2.056
        74     4.195     0.114     0.000     0.030    -2.237     3.228     4.195  1026.463 23836.935    34.450    10.479     0.020     2.098
        75     4.279     0.115     0.000     0.031    -2.242     3.281     4.279  1026.412 23368.378    34.385    10.482     0.020     2.140
        76     4.365     0.117     0.000     0.032    -2.246     3.335     4.365  1026.362 22909.055    34.321    10.484     0.020     2.183
        77     4.453     0.118     0.000     0.032    -2.250     3.390     4.453  1026.312 22458.781    34.259    10.486     0.020     2.226
        78     4.542     0.119     0.000     0.033    -2.255     3.446     4.542  1026.264 22017.378    34.197    10.489     0.020     2.271
        79     4.633     0.121     0.000     0.034    -2.259     3.502     4.633  1026.217 21584.671    34.137    10.491     0.020     2.316
        80     4.726     0.122     0.000     0.035    -2.264     3.559     4.726  1026.171 21160.487    34.078    10.493     0.020     2.363
        81     4.821     0.124     0.000     0.036    -2.268     3.617     4.821  1026.125 20744.657    34.020    10.495     0.020     2.410
        82     4.917     0.125     0.000     0.037    -2.273     3.675     4.917  1026.081 20337.017    33.963    10.497     0.020     2.459
        83     5.016     0.127     0.000     0.038    -2.277     3.735     5.016  1026.037 19937.405    33.908    10.499     0.020     2.508
        84     5.116     0.128     0.000     0.039    -2.282     3.795     5.116  1025.994 19545.661    33.853    10.501     0.020     2.558
        85     5.219     0.130     0.000     0.040    -2.287     3.856     5.219  1025.952 19161.630    33.800    10.503     0.020     2.609
        86     5.323     0.131     0.000     0.041    -2.292     3.917     5.323  1025.911 18785.160    33.747    10.504     0.020     2.662
        87     5.430     0.133     0.000     0.042    -2.296     3.980     5.430  1025.871 18416.101    33.696    10.506     0.020     2.715
        88     5.539     0.134     0.000     0.043    -2.301     4.043     5.539  1025.832 18054.307    33.646    10.508     0.020     2.769
        89     5.650     0.136     0.000     0.044    -2.306     4.108     5.650  1025.793 17699.634    33.596    10.509     0.020     2.825
        90     5.763     0.137     0.000     0.045    -2.311     4.173     5.763  1025.755 17351.942    33.548    10.511     0.020     2.882
        91     5.879     0.139     0.000     0.046    -2.316     4.239     5.879  1025.718 17011.092    33.501    10.512     0.020     2.939
        92     5.996     0.141     0.000     0.047    -2.321     4.306     5.996  1025.682 16676.950    33.454    10.514     0.020     2.998
        93     6.116     0.142     0.000     0.049    -2.326     4.374     6.116  1025.646 16349.382    33.409    10.515     0.020     3.058
        94     6.239     0.144     0.000     0.050    -2.331     4.443     6.239  1025.611 16028.260    33.364    10.516     0.020     3.119
        95     6.364     0.146     0.000     0.051    -2.336     4.512     6.364  1025.577 15713.456    33.320    10.517     0.020     3.182
        96     6.491     0.147     0.000     0.052    -2.342     4.583     6.491  1025.543 15404.845    33.277    10.519     0.020     3.246
        97     6.622     0.149     0.000     0.053    -2.347     4.655     6.622  1025.510 15102.305    33.235    10.520     0.020     3.311
        98     6.754     0.151     0.000     0.055    -2.352     4.727     6.754  1025.478 14805.716    33.194    10.521     0.020     3.377
        99     6.889     0.153     0.000     0.056    -2.358     4.801     6.889  1025.447 14514.961    33.154    10.522     0.020     3.445
       100     7.027     0.155     0.000     0.057    -2.363     4.876     7.027  1025.416 14229.924    33.114    10.523     0.020     3.514
       101     7.168     0.156     0.000     0.059    -2.368     4.952     7.168  1025.385 13950.493    33.075    10.524     0.020     3.584
       102     7.312     0.158     0.000     0.060    -2.374     5.028     7.312  1025.356 13676.558    33.037    10.525     0.020     3.656
       103     7.458     0.160     0.000     0.061    -2.380     5.106     7.458  1025.326 13408.009    33.000    10.526     0.020     3.729
       104     7.608     0.162     0.000     0.063    -2.385     5.185     7.608  1025.298 13144.741    32.963    10.526     0.020     3.804
       105     7.760     0.164     0.000     0.064    -2.391     5.265     7.760  1025.270 12886.650    32.928    10.527     0.020     3.880
       106     7.915     0.166     0.000     0.065    -2.397     5.347     7.915  1025.243 12633.633    32.893    10.528     0.020     3.958
       107     8.074     0.168     0.000     0.067    -2.402     5.429     8.074  1025.216 12385.590    32.858    10.529     0.020     4.037
       108     8.236     0.170     0.000     0.068    -2.408     5.512     8.236  1025.189 12142.424    32.825    10.529     0.020     4.118
       109     8.401     0.172     0.000     0.070    -2.414     5.597     8.401  1025.164 11904.038    32.792    10.530     0.020     4.200
       110     8.569     0.174     0.000     0.071    -2.420     5.683     8.569  1025.138 11670.338    32.759    10.530     0.020     4.284
       111     8.740     0.176     0.000     0.073    -2.426     5.770     8.740  1025.114 11441.231    32.727    10.531     0.020     4.370
       112     8.915     0.179     0.000     0.075    -2.432     5.858     8.915  1025.089 11216.628    32.696    10.531     0.020     4.458
       113     9.094     0.181     0.000     0.076    -2.438     5.948     9.094  1025.066 10996.439    32.666    10.532     0.020     4.547
       114     9.276     0.183     0.000     0.078    -2.444     6.038     9.276  1025.042 10780.578    32.636    10.532     0.020     4.638
       115     9.462     0.185     0.000     0.079    -2.451     6.130     9.462  1025.020 10568.959    32.607    10.532     0.020     4.731
       116     9.651     0.187     0.000     0.081    -2.457     6.224     9.651  1024.997 10361.499    32.578    10.533     0.020     4.826
       117     9.844     0.190     0.000     0.083    -2.463     6.318     9.844  1024.975 10158.115    32.550    10.533     0.020     4.922
       118    10.041     0.192     0.000     0.085    -2.470     6.414    10.041  1024.954  9958.728    32.522    10.533     0.020     5.021
       119    10.242     0.194     0.000     0.086    -2.476     6.512    10.242  1024.933  9763.259    32.495    10.533     0.020     5.121
       120    10.448     0.197     0.000     0.088    -2.483     6.610    10.448  1024.912  9571.630    32.469    10.534     0.020     5.224
       121    10.657     0.199     0.000     0.090    -2.489     6.711    10.657  1024.892  9383.767    32.443    10.534     0.020     5.328
       122    10.870     0.202     0.000     0.092    -2.496     6.812    10.870  1024.872  9199.594    32.418    10.534     0.020     5.435
       123    11.088     0.204     0.000     0.094    -2.502     6.915    11.088  1024.853  9019.040    32.393    10.534     0.020     5.544
       124    11.310     0.207     0.000     0.096    -2.509     7.020    11.310  1024.834  8842.032    32.368    10.534     0.020     5.655
       125    11.536     0.209     0.000     0.098    -2.516     7.125    11.536  1024.816  8668.502    32.345    10.534     0.020     5.768
       126    11.767     0.212     0.000     0.100    -2.523     7.233    11.767  1024.797  8498.381    32.321    10.534     0.020     5.883
       127    12.002     0.214     0.000     0.102    -2.530     7.342    12.002  1024.780  8331.601    32.298    10.534     0.020     6.001
       128    12.243     0.217     0.000     0.104    -2.537     7.452    12.243  1024.762  8168.097    32.276    10.534     0.020     6.121
       129    12.488     0.220     0.000     0.106    -2.544     7.564    12.488  1024.745  8007.805    32.254    10.533     0.020     6.244
       130    12.738     0.222     0.000     0.108    -2.551     7.678    12.738  1024.728  7850.661    32.232    10.533     0.020     6.369
       131    12.993     0.225     0.000     0.110    -2.558     7.793    12.993  1024.712  7696.603    32.211    10.533     0.020     6.496
       132    13.253     0.228     0.000     0.112    -2.565     7.910    13.253  1024.696  7545.571    32.190    10.533     0.020     6.626
       133    13.518     0.231     0.000     0.114    -2.573     8.029    13.518  1024.680  7397.506    32.170    10.532     0.020     6.759
       134    13.789     0.233     0.000     0.117    -2.580     8.149    13.789  1024.665  7252.348    32.150    10.532     0.020     6.894
       135    14.065     0.236     0.000     0.119    -2.588     8.271    14.065  1024.650  7110.040    32.131    10.532     0.020     7.032
       136    14.346     0.239     0.000     0.121    -2.595     8.395    14.346  1024.635  6970.527    32.112    10.531     0.020     7.173
       137    14.633     0.242     0.000     0.123    -2.603     8.521    14.633  1024.621  6833.754    32.093    10.531     0.020     7.317
       138    14.926     0.245     0.000     0.126    -2.610     8.648    14.926  1024.606  6699.666    32.075    10.531     0.020     7.463
       139    15.225     0.248     0.000     0.128    -2.618     8.777    15.225  1024.593  6568.211    32.057    10.530     0.020     7.612
       140    15.530     0.251     0.000     0.131    -2.626     8.908    15.530  1024.579  6439.338    32.039    10.530     0.020     7.765
       141    15.840     0.254     0.000     0.133    -2.634     9.041    15.840  1024.566  6312.994    32.022    10.529     0.020     7.920
       142    16.157     0.258     0.000     0.136    -2.642     9.176    16.157  1024.553  6189.132    32.005    10.528     0.020     8.079
       143    16.481     0.261     0.000     0.138    -2.650     9.312    16.481  1024.540  6067.701    31.989    10.528     0.020     8.240
       144    16.811     0.264     0.000     0.141    -2.658     9.451    16.811  1024.528  5948.654    31.972    10.527     0.020     8.405
       145    17.147     0.267     0.000     0.144    -2.666     9.591    17.147  1024.515  5831.944    31.957    10.527     0.020     8.573
       146    17.490     0.271     0.000     0.146    -2.674     9.734    17.490  1024.503  5717.526    31.941    10.526     0.020     8.745
       147    17.840     0.274     0.000     0.149    -2.682     9.879    17.840  1024.492  5605.354    31.926    10.525     0.020     8.920
       148    18.197     0.277     0.000     0.152    -2.691    10.025    18.197  1024.480  5495.383    31.911    10.524     0.020     9.099
       149    18.561     0.281     0.000     0.155    -2.699    10.174    18.561  1024.469  5387.572    31.896    10.524     0.020     9.281
       150    18.933     0.284     0.000     0.157    -2.708    10.325    18.933  1024.458  5281.877    31.882    10.523     0.020     9.466
       151    19.312     0.288     0.000     0.160    -2.716    10.478    19.312  1024.447  5178.257    31.868    10.522     0.020     9.656
       152    19.698     0.291     0.000     0.163    -2.725    10.634    19.698  1024.437  5076.670    31.855    10.521     0.020     9.849
       153    20.092     0.295     0.000     0.166    -2.733    10.791    20.092  1024.427  4977.078    31.841    10.520     0.020    10.046
       154    20.494     0.299     0.000     0.169    -2.742    10.951    20.494  1024.417  4879.440    31.828    10.519     0.020    10.247
       155    20.904     0.302     0.000     0.173    -2.751    11.113    20.904  1024.407  4783.719    31.815    10.518     0.020    10.452
       156    21.323     0.306     0.000     0.176    -2.760    11.278    21.323  1024.397  4689.877    31.803    10.517     0.020    10.661
       157    21.749     0.310     0.000     0.179    -2.769    11.445    21.749  1024.388  4597.876    31.790    10.516     0.020    10.875
       158    22.184     0.314     0.000     0.182    -2.778    11.614    22.184  1024.379  4507.681    31.778    10.515     0.020    11.092
       159    22.628     0.318     0.000     0.185    -2.787    11.786    22.628  1024.370  4419.257    31.767    10.514     0.020    11.314
       160    23.081     0.322     0.000     0.189    -2.797    11.960    23.081  1024.361  4332.567    31.755    10.513     0.020    11.541
       161    23.543     0.326     0.000     0.192    -2.806    12.136    23.543  1024.352  4247.580    31.744    10.512     0.020    11.771
       162    24.014     0.330     0.000     0.196    -2.815    12.316    24.014  1024.344  4164.260    31.733    10.511     0.020    12.007
       163    24.494     0.334     0.000     0.199    -2.825    12.497    24.494  1024.336  4082.575    31.722    10.510     0.020    12.247
       164    24.984     0.338     0.000     0.203    -2.834    12.682    24.984  1024.328  4002.493    31.711    10.509     0.020    12.492
       165    25.484     0.343     0.000     0.206    -2.844    12.869    25.484  1024.320  3923.982    31.701    10.507     0.020    12.742
       166    25.994     0.347     0.000     0.210    -2.854    13.059    25.994  1024.312  3847.013    31.691    10.506     0.020    12.997
       167    26.514     0.351     0.000     0.214    -2.863    13.251    26.514  1024.305  3771.554    31.681    10.505     0.020    13.257
       168    27.045     0.356     0.000     0.217    -2.873    13.446    27.045  1024.297  3697.575    31.671    10.504     0.020    13.522
       169    27.586     0.360     0.000     0.221    -2.883    13.644    27.586  1024.290  3625.048    31.662    10.502     0.020    13.793
       170    28.138     0.365     0.000     0.225    -2.893    13.845    28.138  1024.283  3553.945    31.652    10.501     0.020    14.069
       171    28.701     0.369     0.000     0.229    -2.903    14.049    28.701  1024.276  3484.236    31.643    10.500     0.020    14.350
       172    29.275     0.374     0.000     0.233    -2.914    14.256    29.275  1024.270  3415.896    31.634    10.498     0.020    14.637
       173    29.861     0.379     0.000     0.237    -2.924    14.466    29.861  1024.263  3348.896    31.626    10.497     0.020    14.930
       174    30.458     0.384     0.000     0.241    -2.934    14.679    30.458  1024.257  3283.211    31.617    10.495     0.020    15.229
       175    31.067     0.388     0.000     0.245    -2.945    14.895    31.067  1024.251  3218.815    31.609    10.494     0.020    15.534
       176    31.689     0.393     0.000     0.250    -2.955    15.114    31.689  1024.244  3155.682    31.601    10.492     0.020    15.844
       177    32.323     0.398     0.000     0.254    -2.966    15.336    32.323  1024.239  3093.788    31.593    10.491     0.020    16.161
       178    32.969     0.404     0.000     0.258    -2.977    15.561    32.969  1024.233  3033.108    31.585    10.489     0.020    16.485
       179    33.629     0.409     0.000     0.263    -2.987    15.790    33.629  1024.227  2973.619    31.577    10.488     0.020    16.815
       180    34.302     0.414     0.000     0.267    -2.998    16.022    34.302  1024.222  2915.297    31.570    10.486     0.020    17.151
       181    34.988     0.419     0.000     0.272    -3.009    16.258    34.988  1024.216  2858.120    31.562    10.484     0.020    17.494
       182    35.688     0.425     0.000     0.276    -3.020    16.497    35.688  1024.211  2802.064    31.555    10.483     0.020    17.844
       183    36.402     0.430     0.000     0.281    -3.031    16.739    36.402  1024.206  2747.107    31.548    10.481     0.020    18.201
       184    37.130     0.435     0.000     0.286    -3.043    16.985    37.130  1024.201  2693.229    31.542    10.479     0.020    18.565
       185    37.873     0.441     0.000     0.291    -3.054    17.234    37.873  1024.196  2640.408    31.535    10.478     0.020    18.936
       186    38.631     0.447     0.000     0.296    -3.065    17.487    38.631  1024.191  2588.623    31.528    10.476     0.020    19.315
       187    39.403     0.452     0.000     0.301    -3.077    17.744    39.403  1024.186  2537.854    31.522    10.474     0.020    19.702
       188    40.192     0.458     0.000     0.306    -3.088    18.005    40.192  1024.182  2488.081    31.516    10.473     0.020    20.096
       189    40.996     0.464     0.000     0.311    -3.100    18.269    40.996  1024.177  2439.285    31.509    10.471     0.020    20.498
       190    41.816     0.470     0.000     0.316    -3.112    18.537    41.816  1024.173  2391.445    31.503    10.469     0.020    20.908
       191    42.652     0.476     0.000     0.322    -3.124    18.809    42.652  1024.169  2344.544    31.497    10.467     0.020    21.326
       192    43.505     0.482     0.000     0.327    -3.135    19.085    43.505  1024.164  2298.563    31.492    10.465     0.020    21.753
       193    44.376     0.488     0.000     0.333    -3.147    19.366    44.376  1024.160  2253.484    31.486    10.463     0.020    22.188
       194    45.263     0.494     0.000     0.338    -3.160    19.650    45.263  1024.156  2209.290    31.480    10.462     0.020    22.632
       195    46.169     0.501     0.000     0.344    -3.172    19.938    46.169  1024.152  2165.962    31.475    10.460     0.020    23.084
       196    47.092     0.507     0.000     0.349    -3.184    20.230    47.092  1024.148  2123.484    31.469    10.458     0.020    23.546
       197    48.034     0.514     0.000     0.355    -3.196    20.527    48.034  1024.145  2081.840    31.464    10.456     0.020    24.017
       198    48.995     0.520     0.000     0.361    -3.209    20.828    48.995  1024.141  2041.012    31.459    10.454     0.020    24.498
       199    49.975     0.527     0.000     0.367    -3.221    21.133    49.975  1024.137  2000.985    31.454    10.452     0.020    24.988
       200    50.975     0.534     0.000     0.373    -3.234    21.443    50.975  1024.134  1961.743    31.449    10.450     0.020    25.488
       201    51.995     0.540     0.000     0.379    -3.247    21.757    51.995  1024.130  1923.271    31.444    10.448     0.020    25.997
       202    53.035     0.547     0.000     0.386    -3.260    22.076    53.035  1024.127  1885.554    31.439    10.446     0.020    26.517
       203    54.096     0.554     0.000     0.392    -3.273    22.399    54.096  1024.124  1848.576    31.434    10.444     0.020    27.048
       204    55.178     0.561     0.000     0.398    -3.286    22.727    55.178  1024.120  1812.324    31.430    10.442     0.020    27.589
       205    56.282     0.568     0.000     0.405    -3.299    23.060    56.282  1024.117  1776.783    31.425    10.440     0.020    28.141
       206    57.407     0.576     0.000     0.412    -3.312    23.398    57.407  1024.114  1741.938    31.421    10.438     0.020    28.704
       207    58.556     0.583     0.000     0.418    -3.325    23.740    58.556  1024.111  1707.778    31.417    10.435     0.020    29.278
       208    59.727     0.590     0.000     0.425    -3.339    24.087    59.727  1024.108  1674.287    31.412    10.433     0.020    29.863
       209    60.922     0.598     0.000     0.432    -3.352    24.439    60.922  1024.105  1641.453    31.408    10.431     0.020    30.461
       210    62.140     0.606     0.000     0.439    -3.366    24.797    62.140  1024.103  1609.264    31.404    10.429     0.020    31.070
       211    63.383     0.613     0.000     0.446    -3.380    25.159    63.383  1024.100  1577.705    31.400    10.427     0.020    31.692
       212    64.651     0.621     0.000     0.454    -3.394    25.527    64.651  1024.097  1546.766    31.396    10.425     0.020    32.326
       213    65.944     0.629     0.000     0.461    -3.407    25.900    65.944  1024.095  1516.433    31.392    10.422     0.020    32.972
       214    67.263     0.637     0.000     0.468    -3.421    26.278    67.263  1024.092  1486.695    31.389    10.420     0.020    33.632
       215    68.609     0.645     0.000     0.476    -3.436    26.661    68.609  1024.089  1457.541    31.385    10.418     0.020    34.304
       216    69.981     0.654     0.000     0.484    -3.450    27.050    69.981  1024.087  1428.958    31.381    10.415     0.020    34.991
       217    71.381     0.662     0.000     0.491    -3.464    27.445    71.381  1024.085  1400.936    31.378    10.413     0.020    35.690
       218    72.809     0.670     0.000     0.499    -3.478    27.845    72.809  1024.082  1373.464    31.374    10.411     0.020    36.404
       219    74.265     0.679     0.000     0.507    -3.493    28.251    74.265  1024.080  1346.530    31.371    10.408     0.020    37.132
       220    75.750     0.688     0.000     0.515    -3.508    28.663    75.750  1024.078  1320.125    31.367    10.406     0.020    37.875
       221    77.266     0.696     0.000     0.524    -3.522    29.081    77.266  1024.076  1294.237    31.364    10.404     0.020    38.633
       222    78.811     0.705     0.000     0.532    -3.537    29.504    78.811  1024.074  1268.858    31.361    10.401     0.020    39.406
       223    80.387     0.714     0.000     0.541    -3.552    29.934    80.387  1024.072  1243.976    31.358    10.399     0.020    40.194
       224    81.995     0.724     0.000     0.549    -3.567    30.370    81.995  1024.070  1219.582    31.355    10.396     0.020    40.998
       225    83.635     0.733     0.000     0.558    -3.582    30.812    83.635  1024.068  1195.666    31.352    10.394     0.020    41.818
       226    85.308     0.742     0.000     0.567    -3.597    31.260    85.308  1024.066  1172.219    31.349    10.391     0.020    42.654
       227    87.015     0.752     0.000     0.576    -3.612    31.715    87.015  1024.064  1149.233    31.346    10.389     0.020    43.507
       228    88.755     0.761     0.000     0.585    -3.628    32.176    88.755  1024.062  1126.697    31.343    10.386     0.020    44.378
       229    90.530     0.771     0.000     0.594    -3.643    32.644    90.530  1024.060  1104.603    31.340    10.384     0.020    45.265
       230    92.341     0.781     0.000     0.604    -3.659    33.118    92.341  1024.059  1082.942    31.337    10.381     0.020    46.171
       231    94.188     0.791     0.000     0.613    -3.674    33.599    94.188  1024.057  1061.706    31.335    10.378     0.020    47.094
       232    96.072     0.801     0.000     0.623    -3.690    34.087    96.072  1024.055  1040.887    31.332    10.376     0.020    48.036
       233    97.994     0.812     0.000     0.633    -3.706    34.582    97.994  1024.054  1020.476    31.329    10.373     0.020    48.997
       234    99.954     0.822     0.000     0.642    -3.722    35.084    99.954  1024.052  1000.465    31.327    10.370     0.020    49.977
       235   101.953     0.833     0.000     0.653    -3.738    35.594   101.953  1024.051   980.846    31.324    10.368     0.020    50.976
       236   103.992     0.844     0.000     0.663    -3.754    36.110   103.992  1024.049   961.613    31.322    10.365     0.020    51.996
       237   106.072     0.855     0.000     0.673    -3.770    36.634   106.072  1024.048   942.756    31.320    10.362     0.020    53.036
       238   108.194     0.866     0.000     0.684    -3.787    37.165   108.194  1024.047   924.270    31.317    10.360     0.020    54.097
       239   110.358     0.877     0.000     0.694    -3.803    37.704   110.358  1024.045   906.146    31.315    10.357     0.020    55.179
       240   112.565     0.888     0.000     0.705    -3.820    38.250   112.565  1024.044   888.377    31.313    10.354     0.020    56.282
       241   114.816     0.900     0.000     0.716    -3.836    38.805   114.816  1024.043   870.957    31.310    10.351     0.020    57.408
       242   117.113     0.911     0.000     0.727    -3.853    39.367   117.113  1024.042   853.878    31.308    10.348     0.020    58.556
       243   119.455     0.923     0.000     0.739    -3.870    39.937   119.455  1024.040   837.134    31.306    10.345     0.020    59.728
       244   121.844     0.935     0.000     0.750    -3.886    40.515   121.844  1024.039   820.719    31.304    10.343     0.020    60.922
       245   124.281     0.947     0.000     0.762    -3.903    41.102   124.281  1024.038   804.626    31.302    10.340     0.020    62.141
       246   126.767     0.960     0.000     0.774    -3.920    41.696   126.767  1024.037   788.848    31.300    10.337     0.020    63.384
       247   129.303     0.972     0.000     0.786    -3.938    42.300   129.303  1024.036   773.380    31.298    10.334     0.020    64.651
       248   131.889     0.985     0.000     0.798    -3.955    42.912   131.889  1024.035   758.214    31.296    10.331     0.020    65.944
       249   134.527     0.998     0.000     0.810    -3.972    43.532   134.527  1024.034   743.347    31.294    10.328     0.020    67.263
       250   137.217     1.011     0.000     0.823    -3.989    44.162   137.217  1024.033   728.771    31.292    10.325     0.020    68.609
       251   139.962     1.024     0.000     0.835    -4.007    44.800   139.962  1024.032   714.480    31.291    10.322     0.020    69.981
       252   142.761     1.038     0.000     0.848    -4.024    45.448   142.761  1024.031   700.470    31.289    10.319     0.020    71.381
       253   145.617     1.051     0.000     0.861    -4.042    46.105   145.617  1024.031   686.735    31.287    10.316     0.020    72.808
       254   148.529     1.065     0.000     0.874    -4.060    46.771   148.529  1024.030   673.269    31.285    10.313     0.020    74.264
       255   151.500     1.079     0.000     0.888    -4.077    47.447   151.500  1024.029   660.067    31.284    10.309     0.020    75.750
       256   154.530     1.093     0.000     0.901    -4.095    48.132   154.530  1024.028   647.124    31.282    10.306     0.020    77.265
       257   157.620     1.108     0.000     0.915    -4.113    48.827   157.620  1024.028   634.435    31.280    10.303     0.020    78.810
       258   160.773     1.122     0.000     0.929    -4.131    49.533   160.773  1024.027   621.995    31.279    10.300     0.020    80.387
       259   163.989     1.137     0.000     0.944    -4.149    50.248   163.989  1024.026   609.799    31.277    10.297     0.020    81.994
       260   167.268     1.152     0.000     0.958    -4.167    50.973   167.268  1024.026   597.841    31.276    10.293     0.020    83.634
       261   170.614     1.168     0.000     0.973    -4.185    51.709   170.614  1024.025   586.119    31.274    10.290     0.020    85.307
       262   174.026     1.183     0.000     0.987    -4.203    52.456   174.026  1024.024   574.626    31.273    10.287     0.020    87.013
       263   177.507     1.199     0.000     1.003    -4.222    53.213   177.507  1024.024   563.358    31.271    10.284     0.020    88.753
       264   181.057     1.215     0.000     1.018    -4.240    53.981   181.057  1024.023   552.312    31.270    10.280     0.020    90.529
       265   184.678     1.231     0.000     1.033    -4.258    54.760   184.678  1024.023   541.482    31.269    10.277     0.020    92.339
       266   188.372     1.247     0.000     1.049    -4.277    55.550   188.372  1024.022   530.864    31.267    10.274     0.020    94.186
       267   192.140     1.264     0.000     1.065    -4.295    56.352   192.140  1024.022   520.455    31.266    10.270     0.020    96.070
       268   195.982     1.281     0.000     1.081    -4.314    57.165   195.982  1024.021   510.250    31.265    10.267     0.020    97.991
       269   199.902     1.298     0.000     1.098    -4.332    57.990   199.902  1024.021   500.245    31.263    10.264     0.020    99.951
       270   203.900     1.316     0.000     1.114    -4.351    58.826   203.900  1024.020   490.436    31.262    10.260     0.020   101.950
       271   207.978     1.333     0.000     1.131    -4.369    59.675   207.978  1024.020   480.819    31.261    10.257     0.020   103.989
       272   212.138     1.351     0.000     1.148    -4.388    60.537   212.138  1024.020   471.391    31.260    10.253     0.020   106.069
       273   216.381     1.369     0.000     1.166    -4.406    61.410   216.381  1024.019   462.148    31.259    10.250     0.020   108.190
       274   220.709     1.388     0.000     1.183    -4.425    62.297   220.709  1024.019   453.086    31.257    10.246     0.020   110.354
       275   225.123     1.407     0.000     1.201    -4.444    63.196   225.123  1024.019   444.202    31.256    10.243     0.020   112.561
       276   229.625     1.426     0.000     1.219    -4.462    64.109   229.625  1024.019   435.492    31.255    10.239     0.020   114.813
       277   234.169     1.445     0.000     1.238    -4.481    65.025   234.169  1024.018   427.041    31.254    10.236     0.020   117.085
       278   238.722     1.464     0.000     1.256    -4.499    65.937   238.722  1024.018   418.897    31.253    10.232     0.020   119.361
       279   243.275     1.483     0.000     1.274    -4.517    66.844   243.275  1024.018   411.057    31.252    10.229     0.020   121.638
       280   247.826     1.502     0.000     1.292    -4.534    67.746   247.826  1024.018   403.509    31.251    10.225     0.020   123.913
       281   252.374     1.521     0.000     1.310    -4.551    68.642   252.374  1024.017   396.237    31.250    10.222     0.020   126.187
       282   256.921     1.540     0.000     1.327    -4.568    69.533   256.921  1024.017   389.225    31.249    10.219     0.020   128.460
       283   261.466     1.559     0.000     1.345    -4.585    70.420   261.466  1024.017   382.459    31.249    10.216     0.020   130.733
       284   266.010     1.577     0.000     1.363    -4.601    71.303   266.010  1024.017   375.926    31.248    10.212     0.020   133.005
       285   270.552     1.596     0.000     1.380    -4.617    72.181   270.552  1024.017   369.615    31.247    10.209     0.020   135.276
       286   275.092     1.614     0.000     1.398    -4.632    73.055   275.092  1024.017   363.514    31.246    10.206     0.020   137.546
       287   279.630     1.633     0.000     1.415    -4.648    73.926   279.630  1024.017   357.615    31.245    10.203     0.020   139.815
       288   284.166     1.651     0.000     1.432    -4.663    74.792   284.166  1024.017   351.907    31.245    10.200     0.020   142.083
       289   288.700     1.669     0.000     1.449    -4.677    75.655   288.700  1024.017   346.381    31.244    10.197     0.020   144.350
       290   293.230     1.687     0.000     1.467    -4.692    76.514   293.230  1024.017   341.029    31.243    10.194     0.020   146.615
       291   297.758     1.705     0.000     1.484    -4.706    77.370   297.758  1024.017   335.843    31.243    10.191     0.020   148.879
       292   302.283     1.723     0.000     1.501    -4.720    78.222   302.283  1024.017   330.816    31.242    10.188     0.020   151.141
       293   306.804     1.741     0.000     1.518    -4.733    79.071   306.804  1024.017   325.941    31.241    10.186     0.020   153.402
       294   311.322     1.759     0.000     1.534    -4.747    79.916   311.322  1024.017   321.211    31.241    10.183     0.020   155.661
       295   315.837     1.776     0.000     1.551    -4.760    80.759   315.837  1024.017   316.619    31.240    10.180     0.020   157.918
---------------------------- Plume traps -----------------------------
       296   320.347     1.794     0.000     1.568    -4.773    81.599   320.347  1024.017   312.161    31.240    10.177     0.020   160.174
       297   324.854     1.811     0.000     1.585    -4.786    82.436   324.854  1024.017   307.830    31.239    10.175     0.020   162.427
       298   329.357     1.829     0.000     1.601    -4.798    83.270   329.357  1024.017   303.622    31.239    10.172     0.020   164.679
       299   333.856     1.846     0.000     1.618    -4.811    84.102   333.856  1024.017   299.530    31.238    10.169     0.020   166.928
       300   338.350     1.863     0.000     1.634    -4.823    84.932   338.350  1024.017   295.552    31.237    10.167     0.020   169.175
       301   342.840     1.880     0.000     1.651    -4.834    85.759   342.840  1024.017   291.681    31.237    10.164     0.020   171.420
       302   347.325     1.898     0.000     1.667    -4.846    86.584   347.325  1024.017   287.915    31.237    10.162     0.020   173.663
       303   351.805     1.914     0.000     1.684    -4.858    87.407   351.805  1024.017   284.248    31.236    10.159     0.020   175.903
       304   356.280     1.931     0.000     1.700    -4.869    88.228   356.280  1024.017   280.678    31.236    10.157     0.020   178.140
       305   360.750     1.948     0.000     1.717    -4.880    89.047   360.750  1024.017   277.200    31.235    10.154     0.020   180.375
       306   365.214     1.965     0.000     1.733    -4.891    89.865   365.214  1024.017   273.812    31.235    10.152     0.020   182.607
       307   369.672     1.981     0.000     1.749    -4.901    90.682   369.672  1024.017   270.510    31.234    10.149     0.020   184.836
       308   374.124     1.998     0.000     1.765    -4.912    91.496   374.124  1024.017   267.291    31.234    10.147     0.020   187.062
------------------------- merging happened ---------------------------
       309   378.569     2.014     0.000     1.782    -4.922    92.310   378.569  1024.017   264.152    31.234    10.145     0.020   189.285
       310   382.815     2.031     0.000     1.798    -4.933    93.123   382.815  1024.017   261.223    31.233    10.143     0.020   192.147
       311   387.119     2.048     0.000     1.815    -4.943    93.962   387.119  1024.017   258.319    31.233    10.140     0.020   194.730
       312   391.419     2.066     0.000     1.832    -4.953    94.810   391.419  1024.017   255.480    31.232    10.138     0.020   197.338
       313   395.724     2.084     0.000     1.849    -4.963    95.662   395.724  1024.018   252.701    31.232    10.136     0.020   199.971
       314   400.007     2.103     0.000     1.866    -4.973    96.515   400.007  1024.018   249.995    31.232    10.134     0.020   202.615
       315   404.271     2.122     0.000     1.883    -4.983    97.367   404.271  1024.018   247.359    31.231    10.132     0.020   205.268
       316   408.508     2.141     0.000     1.900    -4.993    98.218   408.508  1024.018   244.793    31.231    10.130     0.020   207.927
       317   412.719     2.161     0.000     1.917    -5.002    99.070   412.719  1024.018   242.296    31.231    10.128     0.020   210.591
       318   416.902     2.180     0.000     1.934    -5.012    99.921   416.902  1024.018   239.865    31.230    10.126     0.020   213.258
       319   421.056     2.200     0.000     1.950    -5.021   100.773   421.056  1024.018   237.498    31.230    10.124     0.020   215.928
       320   425.182     2.220     0.000     1.967    -5.030   101.624   425.182  1024.018   235.194    31.230    10.122     0.020   218.599
       321   429.277     2.240     0.000     1.984    -5.039   102.476   429.277  1024.018   232.950    31.230    10.120     0.020   221.272
       322   433.341     2.260     0.000     2.001    -5.048   103.328   433.341  1024.018   230.765    31.229    10.118     0.020   223.945
       323   437.373     2.280     0.000     2.019    -5.056   104.180   437.373  1024.018   228.638    31.229    10.116     0.020   226.618
       324   441.374     2.300     0.000     2.036    -5.065   105.033   441.374  1024.019   226.565    31.229    10.114     0.020   229.289
       325   445.341     2.320     0.000     2.053    -5.073   105.885   445.341  1024.019   224.547    31.228    10.113     0.020   231.958
       326   449.274     2.341     0.000     2.070    -5.081   106.738   449.274  1024.019   222.581    31.228    10.111     0.020   234.625
       327   453.172     2.361     0.000     2.087    -5.090   107.590   453.172  1024.019   220.667    31.228    10.109     0.020   237.287
       328   457.036     2.381     0.000     2.104    -5.097   108.443   457.036  1024.019   218.801    31.228    10.107     0.020   239.945
       329   460.863     2.401     0.000     2.121    -5.105   109.295   460.863  1024.019   216.984    31.228    10.106     0.020   242.598
       330   464.654     2.421     0.000     2.138    -5.113   110.147   464.654  1024.019   215.214    31.227    10.104     0.020   245.245
       331   468.407     2.442     0.000     2.155    -5.120   110.999   468.407  1024.019   213.490    31.227    10.102     0.020   247.885
       332   472.122     2.462     0.000     2.172    -5.128   111.851   472.122  1024.019   211.810    31.227    10.101     0.020   250.517
       333   475.799     2.482     0.000     2.189    -5.135   112.703   475.799  1024.019   210.173    31.227    10.099     0.020   253.141
       334   479.436     2.502     0.000     2.206    -5.142   113.555   479.436  1024.020   208.578    31.226    10.098     0.020   255.755
       335   483.034     2.522     0.000     2.223    -5.149   114.406   483.034  1024.020   207.025    31.226    10.096     0.020   258.359
       336   486.591     2.541     0.000     2.240    -5.155   115.257   486.591  1024.020   205.511    31.226    10.095     0.020   260.952
       337   490.107     2.561     0.000     2.257    -5.162   116.109   490.107  1024.020   204.037    31.226    10.093     0.020   263.532
       338   493.581     2.581     0.000     2.274    -5.169   116.960   493.581  1024.020   202.601    31.226    10.092     0.020   266.099
       339   497.012     2.600     0.000     2.291    -5.175   117.811   497.012  1024.020   201.202    31.226    10.090     0.020   268.653
       340   500.388     2.619     0.000     2.308    -5.181   118.662   500.388  1024.020   199.845    31.225    10.089     0.020   271.183
       341   503.690     2.638     0.000     2.325    -5.187   119.513   503.690  1024.020   198.535    31.225    10.088     0.020   273.678
       342   506.924     2.657     0.000     2.342    -5.193   120.368   506.924  1024.020   197.268    31.225    10.086     0.020   276.139
       343   510.084     2.675     0.000     2.359    -5.199   121.224   510.084  1024.020   196.046    31.225    10.085     0.020   278.562
       344   513.172     2.694     0.000     2.376    -5.205   122.083   513.172  1024.020   194.867    31.225    10.084     0.020   280.946
       345   516.184     2.712     0.000     2.393    -5.210   122.945   516.184  1024.020   193.729    31.225    10.083     0.020   283.288
       346   519.121     2.729     0.000     2.410    -5.216   123.808   519.121  1024.021   192.633    31.224    10.082     0.020   285.589
       347   521.982     2.746     0.000     2.428    -5.221   124.673   521.982  1024.021   191.577    31.224    10.081     0.020   287.846
       348   524.766     2.763     0.000     2.445    -5.226   125.540   524.766  1024.021   190.561    31.224    10.079     0.020   290.058
       349   527.474     2.780     0.000     2.462    -5.232   126.408   527.474  1024.021   189.583    31.224    10.078     0.020   292.223
       350   530.104     2.796     0.000     2.480    -5.237   127.277   530.104  1024.021   188.642    31.224    10.077     0.020   294.342
       351   532.657     2.812     0.000     2.497    -5.241   128.147   532.657  1024.021   187.738    31.224    10.076     0.020   296.412
       352   535.132     2.827     0.000     2.514    -5.246   129.017   535.132  1024.021   186.870    31.224    10.075     0.020   298.432
       353   537.530     2.843     0.000     2.532    -5.251   129.888   537.530  1024.021   186.036    31.224    10.075     0.020   300.403
       354   539.852     2.857     0.000     2.549    -5.255   130.759   539.852  1024.021   185.236    31.223    10.074     0.020   302.323
       355   542.096     2.872     0.000     2.566    -5.260   131.631   542.096  1024.021   184.469    31.223    10.073     0.020   304.191
       356   544.265     2.886     0.000     2.584    -5.264   132.502   544.265  1024.021   183.734    31.223    10.072     0.020   306.008
       357   546.359     2.899     0.000     2.601    -5.268   133.373   546.359  1024.021   183.030    31.223    10.071     0.020   307.772
       358   548.378     2.912     0.000     2.619    -5.272   134.244   548.378  1024.021   182.356    31.223    10.070     0.020   309.484
       359   550.323     2.925     0.000     2.636    -5.276   135.114   550.323  1024.021   181.711    31.223    10.070     0.020   311.143
       360   552.195     2.938     0.000     2.653    -5.280   135.984   552.195  1024.022   181.095    31.223    10.069     0.020   312.749
       361   553.996     2.950     0.000     2.671    -5.283   136.853   553.996  1024.022   180.507    31.223    10.068     0.020   314.302
       362   555.725     2.961     0.000     2.688    -5.287   137.721   555.725  1024.022   179.945    31.223    10.068     0.020   315.803
       363   557.384     2.972     0.000     2.705    -5.290   138.588   557.384  1024.022   179.410    31.223    10.067     0.020   317.250
       364   558.974     2.983     0.000     2.723    -5.293   139.455   558.974  1024.022   178.899    31.223    10.066     0.020   318.645
       365   560.497     2.993     0.000     2.740    -5.296   140.320   560.497  1024.022   178.413    31.223    10.066     0.020   319.987
       366   561.953     3.003     0.000     2.757    -5.299   141.184   561.953  1024.022   177.951    31.223    10.065     0.020   321.276
       367   563.343     3.013     0.000     2.774    -5.302   142.047   563.343  1024.022   177.512    31.223    10.065     0.020   322.514
       368   564.669     3.022     0.000     2.792    -5.305   142.909   564.669  1024.022   177.095    31.222    10.064     0.020   323.700
       369   565.931     3.031     0.000     2.809    -5.307   143.770   565.931  1024.022   176.700    31.222    10.064     0.020   324.834
       370   567.131     3.040     0.000     2.826    -5.310   144.629   567.131  1024.022   176.326    31.222    10.063     0.020   325.918
       371   568.271     3.048     0.000     2.843    -5.312   145.488   568.271  1024.022   175.972    31.222    10.063     0.020   326.950
       372   569.350     3.055     0.000     2.860    -5.314   146.345   569.350  1024.022   175.639    31.222    10.063     0.020   327.933
       373   570.370     3.063     0.000     2.877    -5.316   147.201   570.370  1024.022   175.325    31.222    10.062     0.020   328.865
       374   571.333     3.069     0.000     2.894    -5.318   148.056   571.333  1024.022   175.029    31.222    10.062     0.020   329.748
       375   572.238     3.076     0.000     2.911    -5.320   148.909   572.238  1024.022   174.752    31.222    10.062     0.020   330.581
       376   573.088     3.082     0.000     2.928    -5.322   149.762   573.088  1024.022   174.493    31.222    10.061     0.020   331.366
       377   573.882     3.088     0.000     2.945    -5.323   150.614   573.882  1024.022   174.252    31.222    10.061     0.020   332.103
       378   574.623     3.093     0.000     2.962    -5.325   151.464   574.623  1024.022   174.027    31.222    10.061     0.020   332.791
       379   575.310     3.098     0.000     2.979    -5.326   152.314   575.310  1024.022   173.819    31.222    10.060     0.020   333.432
       380   575.944     3.103     0.000     2.996    -5.327   153.163   575.944  1024.022   173.628    31.222    10.060     0.020   334.026
       381   576.527     3.107     0.000     3.013    -5.328   154.011   576.527  1024.022   173.453    31.222    10.060     0.020   334.573
       382   577.058     3.111     0.000     3.030    -5.329   154.858   577.058  1024.022   173.293    31.222    10.060     0.020   335.073
       383   577.539     3.115     0.000     3.047    -5.330   155.705   577.539  1024.022   173.148    31.222    10.060     0.020   335.526
       384   577.970     3.118     0.000     3.064    -5.331   156.551   577.970  1024.022   173.019    31.222    10.059     0.020   335.934
       385   578.352     3.121     0.000     3.081    -5.331   157.396   578.352  1024.022   172.905    31.222    10.059     0.020   336.296
       386   578.685     3.123     0.000     3.098    -5.332   158.241   578.685  1024.022   172.806    31.222    10.059     0.020   336.612
       387   578.969     3.126     0.000     3.115    -5.332   159.086   578.969  1024.022   172.721    31.222    10.059     0.020   336.884
       388   579.206     3.127     0.000     3.131    -5.332   159.930   579.206  1024.022   172.650    31.222    10.059     0.020   337.110
       389   579.395     3.129     0.000     3.148    -5.332   160.775   579.395  1024.022   172.594    31.222    10.059     0.020   337.291
       390   579.536     3.130     0.000     3.165    -5.332   161.619   579.536  1024.022   172.552    31.222    10.059     0.020   337.428
---------------------- Local maximum rise or fall --------------------
       391   579.630     3.131     0.000     3.182    -5.332   162.463   579.630  1024.022   172.524    31.222    10.059     0.020   337.519
       392   579.710     3.131     0.000     3.199    -5.332   163.307   579.710  1024.022   172.500    31.222    10.059     0.020   337.590
       393   579.787     3.132     0.000     3.216    -5.332   164.152   579.787  1024.022   172.477    31.222    10.059     0.020   337.650
       394   579.866     3.132     0.000     3.233    -5.331   164.997   579.866  1024.022   172.454    31.222    10.059     0.020   337.704
       395   579.950     3.132     0.000     3.250    -5.331   165.843   579.950  1024.022   172.429    31.222    10.059     0.020   337.754
       396   580.043     3.132     0.000     3.266    -5.330   166.690   580.043  1024.022   172.401    31.222    10.059     0.020   337.804
       397   580.152     3.131     0.000     3.283    -5.329   167.539   580.152  1024.022   172.369    31.222    10.059     0.020   337.860
       398   580.280     3.131     0.000     3.300    -5.328   168.390   580.280  1024.022   172.331    31.222    10.059     0.020   337.924
       399   580.427     3.131     0.000     3.317    -5.327   169.244   580.427  1024.022   172.287    31.222    10.059     0.020   337.998
       400   580.595     3.131     0.000     3.335    -5.326   170.100   580.595  1024.022   172.237    31.222    10.058     0.020   338.080
       401   580.783     3.130     0.000     3.352    -5.325   170.960   580.783  1024.022   172.181    31.222    10.058     0.020   338.173
       402   580.992     3.130     0.000     3.369    -5.323   171.823   580.992  1024.022   172.119    31.222    10.058     0.020   338.276
       403   581.222     3.130     0.000     3.386    -5.322   172.690   581.222  1024.022   172.051    31.222    10.058     0.020   338.391
       404   581.476     3.129     0.000     3.404    -5.320   173.562   581.476  1024.022   171.976    31.222    10.058     0.020   338.516
       405   581.752     3.129     0.000     3.421    -5.318   174.440   581.752  1024.022   171.895    31.222    10.058     0.020   338.654
       406   582.052     3.128     0.000     3.439    -5.316   175.322   582.052  1024.022   171.806    31.222    10.058     0.020   338.805
       407   582.378     3.128     0.000     3.457    -5.314   176.211   582.378  1024.022   171.710    31.222    10.058     0.020   338.970
       408   582.730     3.127     0.000     3.474    -5.312   177.107   582.730  1024.022   171.606    31.222    10.058     0.020   339.150
       409   583.110     3.127     0.000     3.492    -5.309   178.010   583.110  1024.022   171.494    31.222    10.058     0.020   339.345
       410   583.518     3.126     0.000     3.511    -5.307   178.921   583.518  1024.022   171.374    31.222    10.057     0.020   339.557
       411   583.958     3.126     0.000     3.529    -5.304   179.840   583.958  1024.022   171.245    31.222    10.057     0.020   339.787
       412   584.429     3.125     0.000     3.548    -5.301   180.768   584.429  1024.022   171.107    31.222    10.057     0.020   340.036
       413   584.935     3.125     0.000     3.566    -5.298   181.707   584.935  1024.022   170.959    31.222    10.057     0.020   340.306
       414   585.478     3.124     0.000     3.585    -5.295   182.656   585.478  1024.023   170.801    31.222    10.057     0.020   340.599
       415   586.060     3.124     0.000     3.604    -5.292   183.617   586.060  1024.023   170.631    31.222    10.057     0.020   340.917
       416   586.683     3.123     0.000     3.624    -5.288   184.591   586.683  1024.023   170.450    31.222    10.056     0.020   341.261
       417   587.352     3.123     0.000     3.644    -5.285   185.578   587.352  1024.023   170.256    31.222    10.056     0.020   341.635
       418   588.069     3.123     0.000     3.664    -5.281   186.580   588.069  1024.023   170.048    31.222    10.056     0.020   342.040
       419   588.838     3.123     0.000     3.684    -5.276   187.598   588.838  1024.023   169.826    31.222    10.056     0.020   342.481
       420   589.664     3.123     0.000     3.705    -5.272   188.633   589.664  1024.023   169.588    31.222    10.055     0.020   342.961
       421   590.553     3.123     0.000     3.726    -5.267   189.687   590.553  1024.023   169.333    31.221    10.055     0.020   343.483
       422   591.518     3.123     0.000     3.747    -5.263   190.761   591.518  1024.023   169.057    31.221    10.055     0.020   344.059
       423   592.555     3.124     0.000     3.769    -5.258   191.858   592.555  1024.023   168.761    31.221    10.054     0.020   344.686
       424   593.668     3.124     0.000     3.791    -5.252   192.980   593.668  1024.023   168.444    31.221    10.054     0.020   345.368
       425   594.862     3.125     0.000     3.814    -5.247   194.128   594.862  1024.023   168.106    31.221    10.054     0.020   346.107
       426   596.143     3.126     0.000     3.838    -5.241   195.305   596.143  1024.023   167.745    31.221    10.053     0.020   346.910
       427   597.519     3.128     0.000     3.862    -5.234   196.514   597.519  1024.023   167.359    31.221    10.053     0.020   347.781
       428   598.997     3.129     0.000     3.887    -5.228   197.757   598.997  1024.023   166.946    31.221    10.052     0.020   348.727
       429   600.587     3.131     0.000     3.912    -5.220   199.040   600.587  1024.023   166.504    31.221    10.052     0.020   349.756
       430   602.301     3.134     0.000     3.939    -5.213   200.365   602.301  1024.023   166.030    31.221    10.051     0.020   350.877
       431   604.153     3.137     0.000     3.966    -5.205   201.739   604.153  1024.023   165.521    31.221    10.051     0.020   352.102
       432   606.158     3.140     0.000     3.995    -5.197   203.167   606.158  1024.023   164.973    31.221    10.050     0.020   353.443
       433   608.337     3.144     0.000     4.025    -5.187   204.656   608.337  1024.023   164.383    31.221    10.050     0.020   354.915
       434   610.711     3.148     0.000     4.056    -5.178   206.215   610.711  1024.023   163.744    31.221    10.049     0.020   356.538
       435   613.309     3.154     0.000     4.088    -5.167   207.855   613.309  1024.023   163.050    31.221    10.048     0.020   358.335
       436   616.168     3.160     0.000     4.123    -5.156   209.589   616.168  1024.023   162.293    31.221    10.048     0.020   360.334
       437   619.331     3.167     0.000     4.160    -5.144   211.435   619.331  1024.023   161.465    31.220    10.047     0.020   362.573
       438   622.858     3.176     0.000     4.199    -5.130   213.415   622.858  1024.023   160.550    31.220    10.046     0.020   365.100
       439   626.827     3.186     0.000     4.242    -5.115   215.560   626.827  1024.023   159.534    31.220    10.045     0.020   367.978
       440   631.347     3.198     0.000     4.289    -5.098   217.913   631.347  1024.023   158.391    31.220    10.044     0.020   371.298
       441   636.578     3.213     0.000     4.342    -5.079   220.538   636.578  1024.023   157.090    31.220    10.043     0.020   375.192
       442   642.766     3.232     0.000     4.402    -5.057   223.533   642.766  1024.024   155.578    31.220    10.041     0.020   379.861
       443   650.327     3.255     0.000     4.472    -5.031   227.069   650.327  1024.024   153.769    31.220    10.040     0.020   385.650
       444   660.059     3.285     0.000     4.560    -4.997   231.474   660.059  1024.024   151.502    31.219    10.038     0.020   393.210
       445   673.260     3.328     0.000     4.676    -4.952   237.280   673.260  1024.024   148.531    31.219    10.036     0.020   403.639
       446   686.725     3.377     0.000     4.792    -4.908   243.063   686.725  1024.024   145.619    31.218    10.033     0.020   414.764
       447   700.460     3.432     0.000     4.904    -4.865   248.687   700.460  1024.024   142.763    31.218    10.032     0.020   426.583
---------------------------- Plume traps -----------------------------
       448   714.469     3.493     0.000     5.014    -4.824   254.190   714.469  1024.024   139.964    31.218    10.030     0.020   439.178
-------------------- Starting Farfield Calculations --------------------
Farfield dispersion based on wastefield width of :      51.49 (m)
4/3 Power Law based Eddy Diffusivity is used:
  Dilution     Width  Distance      Time    Bckgrd     Conc.
        ()       (m)       (m)    (hrs.)    (mg/L)    (mg/L)
   714.469    51.506     5.014     0.000     0.000   139.964
   714.469    52.168     6.000     0.014     0.000   141.438
   714.469    52.842     7.000     0.028     0.000   141.438
   714.469    53.519     8.000     0.042     0.000   141.438
   714.469    54.199     9.000     0.056     0.000   141.438
   714.471    54.881    10.000     0.070     0.000   141.438
   714.483    55.567    11.000     0.083     0.000   141.438
   714.528    56.255    12.000     0.097     0.000   141.435
   714.644    56.946    13.000     0.111     0.000   141.435
   714.880    57.640    14.000     0.125     0.000   141.435
   715.286    58.337    15.000     0.139     0.000   141.435
   715.908    59.036    16.000     0.153     0.000   141.435
   716.784    59.738    17.000     0.167     0.000   141.435
   717.942    60.443    18.000     0.181     0.000   140.971
   719.399    61.151    19.000     0.195     0.000   140.971
   721.164    61.862    20.000     0.208     0.000   140.971
   723.239    62.575    21.000     0.222     0.000   140.971
   725.621    63.291    22.000     0.236     0.000   140.971
   728.303    64.010    23.000     0.250     0.000   140.971
   731.275    64.731    24.000     0.264     0.000   138.703
   734.525    65.455    25.000     0.278     0.000   138.703
   738.041    66.182    26.000     0.292     0.000   138.703
   741.808    66.911    27.000     0.306     0.000   138.703
   745.815    67.643    28.000     0.320     0.000   138.703
   750.047    68.378    29.000     0.333     0.000   138.703
   754.492    69.116    30.000     0.347     0.000   134.626
   759.138    69.856    31.000     0.361     0.000   134.626
   763.973    70.598    32.000     0.375     0.000   134.626
   768.986    71.343    33.000     0.389     0.000   134.626
   774.167    72.091    34.000     0.403     0.000   134.626
   779.507    72.842    35.000     0.417     0.000   134.626
   784.996    73.595    36.000     0.431     0.000   129.475
   790.627    74.350    37.000     0.445     0.000   129.475
   796.390    75.109    38.000     0.458     0.000   129.475
   802.280    75.869    39.000     0.472     0.000   129.475
   808.289    76.633    40.000     0.486     0.000   129.475
   814.412    77.398    41.000     0.500     0.000   129.475
   820.642    78.167    42.000     0.514     0.000   123.862
   826.974    78.938    43.000     0.528     0.000   123.862
   833.404    79.711    44.000     0.542     0.000   123.862
   839.926    80.487    45.000     0.556     0.000   123.862
   846.537    81.265    46.000     0.570     0.000   123.862
   853.232    82.046    47.000     0.583     0.000   123.862
   860.007    82.830    48.000     0.597     0.000   118.168
   866.860    83.616    49.000     0.611     0.000   118.168
   873.787    84.404    50.000     0.625     0.000   118.168
   880.786    85.195    51.000     0.639     0.000   118.168
   887.852    85.988    52.000     0.653     0.000   118.168
   894.984    86.784    53.000     0.667     0.000   118.168
   902.180    87.582    54.000     0.681     0.000   112.601
   909.436    88.382    55.000     0.695     0.000   112.601
   916.752    89.185    56.000     0.708     0.000   112.601
   924.125    89.991    57.000     0.722     0.000   112.601
   931.552    90.799    58.000     0.736     0.000   112.601
   939.033    91.609    59.000     0.750     0.000   112.601
   946.566    92.421    60.000     0.764     0.000   107.270
   954.149    93.236    61.000     0.778     0.000   107.270
   961.781    94.054    62.000     0.792     0.000   107.270
   969.461    94.874    63.000     0.806     0.000   107.270
   977.186    95.696    64.000     0.820     0.000   107.270
   984.957    96.520    65.000     0.833     0.000   107.270
   992.771    97.347    66.000     0.847     0.000   102.224
  1000.629    98.176    67.000     0.861     0.000   102.224
  1008.528    99.008    68.000     0.875     0.000   102.224
  1016.467    99.842    69.000     0.889     0.000   102.224
  1024.447   100.678    70.000     0.903     0.000   102.224
  1032.466   101.517    71.000     0.917     0.000   102.224
  1040.523   102.357    72.000     0.931     0.000    97.481
  1048.618   103.201    73.000     0.945     0.000    97.481
  1056.750   104.046    74.000     0.958     0.000    97.481
  1064.917   104.894    75.000     0.972     0.000    97.481
  1073.120   105.744    76.000     0.986     0.000    97.481
  1081.358   106.596    77.000     1.000     0.000    97.481
  1089.631   107.451    78.000     1.014     0.000    93.039
  1097.936   108.308    79.000     1.028     0.000    93.039
  1106.276   109.167    80.000     1.042     0.000    93.039
  1114.647   110.028    81.000     1.056     0.000    93.039
  1123.051   110.892    82.000     1.070     0.000    93.039
  1131.487   111.758    83.000     1.083     0.000    93.039
  1139.954   112.626    84.000     1.097     0.000    88.886
  1148.451   113.496    85.000     1.111     0.000    88.886
  1156.979   114.369    86.000     1.125     0.000    88.886
  1165.537   115.244    87.000     1.139     0.000    88.886
  1174.125   116.121    88.000     1.153     0.000    88.886
  1182.742   117.000    89.000     1.167     0.000    88.886
  1191.389   117.881    90.000     1.181     0.000    85.006
  1200.063   118.765    91.000     1.195     0.000    85.006
  1208.767   119.651    92.000     1.208     0.000    85.006
  1217.498   120.539    93.000     1.222     0.000    85.006
  1226.257   121.429    94.000     1.236     0.000    85.006
  1235.043   122.322    95.000     1.250     0.000    85.006
  1243.857   123.216    96.000     1.264     0.000    81.382
  1252.698   124.113    97.000     1.278     0.000    81.382
  1261.565   125.012    98.000     1.292     0.000    81.382
  1270.459   125.913    99.000     1.306     0.000    81.382
  1279.379   126.817   100.000     1.320     0.000    81.382
  1288.325   127.722   101.000     1.333     0.000    81.382
  1297.297   128.629   102.000     1.347     0.000    77.994
  1306.294   129.539   103.000     1.361     0.000    77.994
  1315.317   130.451   104.000     1.375     0.000    77.994
  1324.365   131.365   105.000     1.389     0.000    77.994
  1333.438   132.281   106.000     1.403     0.000    77.994
  1342.536   133.199   107.000     1.417     0.000    77.994
  1351.659   134.120   108.000     1.431     0.000    74.825
  1360.806   135.042   109.000     1.445     0.000    74.825
  1369.978   135.967   110.000     1.458     0.000    74.825
  1379.174   136.893   111.000     1.472     0.000    74.825
  1388.393   137.822   112.000     1.486     0.000    74.825
  1397.637   138.753   113.000     1.500     0.000    74.825
  1406.904   139.686   114.000     1.514     0.000    71.857
  1416.196   140.621   115.000     1.528     0.000    71.857
  1425.510   141.558   116.000     1.542     0.000    71.857
  1434.848   142.497   117.000     1.556     0.000    71.857
  1444.209   143.438   118.000     1.570     0.000    71.857
  1453.593   144.381   119.000     1.583     0.000    71.857
  1463.000   145.327   120.000     1.597     0.000    69.075
  1472.430   146.274   121.000     1.611     0.000    69.075
  1481.882   147.223   122.000     1.625     0.000    69.075
  1491.358   148.175   123.000     1.639     0.000    69.075
  1500.855   149.128   124.000     1.653     0.000    69.075
  1510.376   150.084   125.000     1.667     0.000    69.075
  1519.918   151.042   126.000     1.681     0.000    66.463
  1529.483   152.001   127.000     1.695     0.000    66.463
  1539.069   152.963   128.000     1.708     0.000    66.463
  1548.678   153.926   129.000     1.722     0.000    66.463
  1558.309   154.892   130.000     1.736     0.000    66.463
  1567.961   155.860   131.000     1.750     0.000    66.463
  1577.635   156.830   132.000     1.764     0.000    64.009
  1587.331   157.801   133.000     1.778     0.000    64.009
  1597.048   158.775   134.000     1.792     0.000    64.009
  1606.787   159.751   135.000     1.806     0.000    64.009
  1616.547   160.728   136.000     1.820     0.000    64.009
  1626.329   161.708   137.000     1.833     0.000    64.009
  1636.131   162.690   138.000     1.847     0.000    61.700
  1645.955   163.673   139.000     1.861     0.000    61.700
  1655.800   164.659   140.000     1.875     0.000    61.700
  1665.666   165.646   141.000     1.889     0.000    61.700
  1675.552   166.636   142.000     1.903     0.000    61.700
  1685.460   167.627   143.000     1.917     0.000    61.700
  1695.388   168.621   144.000     1.931     0.000    59.525
  1705.337   169.616   145.000     1.945     0.000    59.525
  1715.307   170.614   146.000     1.958     0.000    59.525
  1725.297   171.613   147.000     1.972     0.000    59.525
  1735.308   172.614   148.000     1.986     0.000    59.525
  1745.339   173.617   149.000     2.000     0.000    59.525
  1755.390   174.623   150.000     2.014     0.000    57.473
  1765.462   175.630   151.000     2.028     0.000    57.473
  1775.554   176.639   152.000     2.042     0.000    57.473
  1785.666   177.650   153.000     2.056     0.000    57.473
  1795.799   178.662   154.000     2.070     0.000    57.473
  1805.951   179.677   155.000     2.083     0.000    57.473
  1816.124   180.694   156.000     2.097     0.000    55.535
  1826.316   181.712   157.000     2.111     0.000    55.535
  1836.528   182.733   158.000     2.125     0.000    55.535
  1846.760   183.755   159.000     2.139     0.000    55.535
  1857.012   184.779   160.000     2.153     0.000    55.535
  1867.284   185.806   161.000     2.167     0.000    55.535
  1877.575   186.834   162.000     2.181     0.000    53.702
  1887.886   187.864   163.000     2.195     0.000    53.702
  1898.217   188.896   164.000     2.208     0.000    53.702
  1908.566   189.929   165.000     2.222     0.000    53.702
  1918.936   190.965   166.000     2.236     0.000    53.702
  1929.325   192.002   167.000     2.250     0.000    53.702
  1939.733   193.042   168.000     2.264     0.000    51.968
  1950.161   194.083   169.000     2.278     0.000    51.968
  1960.608   195.126   170.000     2.292     0.000    51.968
  1971.074   196.171   171.000     2.306     0.000    51.968
  1981.559   197.218   172.000     2.320     0.000    51.968
  1992.063   198.267   173.000     2.333     0.000    51.968
  2002.587   199.317   174.000     2.347     0.000    50.324
  2013.129   200.369   175.000     2.361     0.000    50.324
  2023.691   201.424   176.000     2.375     0.000    50.324
  2034.271   202.480   177.000     2.389     0.000    50.324
  2044.871   203.538   178.000     2.403     0.000    50.324
  2055.489   204.597   179.000     2.417     0.000    50.324
  2066.126   205.659   180.000     2.431     0.000    48.765
  2076.782   206.722   181.000     2.445     0.000    48.765
  2087.457   207.788   182.000     2.458     0.000    48.765
  2098.150   208.855   183.000     2.472     0.000    48.765
  2108.862   209.923   184.000     2.486     0.000    48.765
  2119.593   210.994   185.000     2.500     0.000    48.765
  2130.342   212.067   186.000     2.514     0.000    47.284
  2141.110   213.141   187.000     2.528     0.000    47.284
  2151.896   214.217   188.000     2.542     0.000    47.284
  2162.701   215.295   189.000     2.556     0.000    47.284
  2173.524   216.375   190.000     2.570     0.000    47.284
  2184.366   217.456   191.000     2.583     0.000    47.284
  2195.226   218.540   192.000     2.597     0.000    45.877
  2206.104   219.625   193.000     2.611     0.000    45.877
  2217.001   220.712   194.000     2.625     0.000    45.877
  2227.915   221.800   195.000     2.639     0.000    45.877
  2238.848   222.891   196.000     2.653     0.000    45.877
  2249.799   223.983   197.000     2.667     0.000    45.877
  2260.769   225.077   198.000     2.681     0.000    44.537
  2271.756   226.173   199.000     2.695     0.000    44.537
  2282.762   227.270   200.000     2.708     0.000    44.537
  2293.785   228.370   201.000     2.722     0.000    44.537
  2304.827   229.471   202.000     2.736     0.000    44.537
  2315.886   230.574   203.000     2.750     0.000    44.537
  2326.964   231.678   204.000     2.764     0.000    43.262
  2338.059   232.785   205.000     2.778     0.000    43.262
  2349.172   233.893   206.000     2.792     0.000    43.262
............................. Reached Chronic Mixing Zone ..........................
  2360.303   235.003   207.000     2.806     0.000    43.262
  2371.452   236.114   208.000     2.820     0.000    43.262
  2382.618   237.228   209.000     2.833     0.000    43.262
  2393.803   238.343   210.000     2.847     0.000    42.046
  2405.005   239.460   211.000     2.861     0.000    42.046
  2416.224   240.579   212.000     2.875     0.000    42.046
  2427.461   241.699   213.000     2.889     0.000    42.046
  2438.716   242.821   214.000     2.903     0.000    42.046
  2449.989   243.945   215.000     2.917     0.000    42.046
  2461.279   245.070   216.000     2.931     0.000    40.885
  2472.586   246.198   217.000     2.945     0.000    40.885
  2483.911   247.327   218.000     2.958     0.000    40.885
  2495.254   248.457   219.000     2.972     0.000    40.885
  2506.614   249.590   220.000     2.986     0.000    40.885
  2517.991   250.724   221.000     3.000     0.000    40.885
  2529.386   251.860   222.000     3.014     0.000    39.778
  2540.798   252.998   223.000     3.028     0.000    39.778
  2552.227   254.137   224.000     3.042     0.000    39.778
  2563.673   255.278   225.000     3.056     0.000    39.778
  2575.137   256.421   226.000     3.070     0.000    39.778
  2586.618   257.565   227.000     3.083     0.000    39.778
  2598.117   258.711   228.000     3.097     0.000    38.719
  2609.632   259.859   229.000     3.111     0.000    38.719
  2621.164   261.008   230.000     3.125     0.000    38.719
  2632.714   262.160   231.000     3.139     0.000    38.719
  2644.281   263.312   232.000     3.153     0.000    38.719
  2655.864   264.467   233.000     3.167     0.000    38.719
  2667.465   265.623   234.000     3.181     0.000    37.706
  2679.083   266.781   235.000     3.195     0.000    37.706
  2690.718   267.941   236.000     3.208     0.000    37.706
  2702.370   269.102   237.000     3.222     0.000    37.706
  2714.038   270.265   238.000     3.236     0.000    37.706
  2725.724   271.430   239.000     3.250     0.000    37.706
  2737.426   272.596   240.000     3.264     0.000    36.737
  2749.145   273.764   241.000     3.278     0.000    36.737
  2760.881   274.933   242.000     3.292     0.000    36.737
  2772.634   276.105   243.000     3.306     0.000    36.737
  2784.404   277.278   244.000     3.320     0.000    36.737
  2796.190   278.452   245.000     3.333     0.000    36.737
  2807.993   279.628   246.000     3.347     0.000    35.808
  2819.813   280.806   247.000     3.361     0.000    35.808
  2831.649   281.986   248.000     3.375     0.000    35.808
  2843.502   283.167   249.000     3.389     0.000    35.808
  2855.372   284.350   250.000     3.403     0.000    35.808
  2867.258   285.534   251.000     3.417     0.000    35.808
  2879.160   286.720   252.000     3.431     0.000    34.918
  2891.080   287.908   253.000     3.445     0.000    34.918
  2903.016   289.098   254.000     3.458     0.000    34.918
  2914.968   290.289   255.000     3.472     0.000    34.918
  2926.937   291.481   256.000     3.486     0.000    34.918
  2938.922   292.675   257.000     3.500     0.000    34.918
  2950.923   293.871   258.000     3.514     0.000    34.064
  2962.941   295.069   259.000     3.528     0.000    34.064
  2974.976   296.268   260.000     3.542     0.000    34.064
  2987.026   297.469   261.000     3.556     0.000    34.064
  2999.093   298.671   262.000     3.570     0.000    34.064
  3011.177   299.875   263.000     3.583     0.000    34.064
  3023.276   301.081   264.000     3.597     0.000    33.244
  3035.392   302.288   265.000     3.611     0.000    33.244
  3047.524   303.497   266.000     3.625     0.000    33.244
  3059.673   304.707   267.000     3.639     0.000    33.244
  3071.837   305.919   268.000     3.653     0.000    33.244
  3084.018   307.133   269.000     3.667     0.000    33.244
  3096.214   308.348   270.000     3.681     0.000    32.457
  3108.427   309.565   271.000     3.695     0.000    32.457
  3120.656   310.784   272.000     3.708     0.000    32.457
  3132.901   312.004   273.000     3.722     0.000    32.457
  3145.162   313.225   274.000     3.736     0.000    32.457
  3157.440   314.449   275.000     3.750     0.000    32.457
  3169.733   315.673   276.000     3.764     0.000    31.700
  3182.042   316.900   277.000     3.778     0.000    31.700
  3194.367   318.128   278.000     3.792     0.000    31.700
  3206.708   319.357   279.000     3.806     0.000    31.700
  3219.065   320.588   280.000     3.820     0.000    31.700
  3231.438   321.821   281.000     3.833     0.000    31.700
  3243.826   323.055   282.000     3.847     0.000    30.972
  3256.231   324.291   283.000     3.861     0.000    30.972
  3268.651   325.529   284.000     3.875     0.000    30.972
  3281.088   326.768   285.000     3.889     0.000    30.972
  3293.540   328.008   286.000     3.903     0.000    30.972
  3306.007   329.251   287.000     3.917     0.000    30.972
  3318.491   330.494   288.000     3.931     0.000    30.272
  3330.990   331.740   289.000     3.945     0.000    30.272
  3343.505   332.986   290.000     3.958     0.000    30.272
  3356.036   334.235   291.000     3.972     0.000    30.272
  3368.582   335.485   292.000     3.986     0.000    30.272
  3381.144   336.736   293.000     4.000     0.000    30.272
  3393.722   337.989   294.000     4.014     0.000    29.597
  3406.315   339.244   295.000     4.028     0.000    29.597
  3418.924   340.500   296.000     4.042     0.000    29.597
  3431.548   341.758   297.000     4.056     0.000    29.597
  3444.188   343.017   298.000     4.070     0.000    29.597
  3456.844   344.278   299.000     4.083     0.000    29.597
  3469.515   345.540   300.000     4.097     0.000    28.947
  3482.201   346.804   301.000     4.111     0.000    28.947
  3494.903   348.069   302.000     4.125     0.000    28.947
  3507.621   349.336   303.000     4.139     0.000    28.947
  3520.354   350.605   304.000     4.153     0.000    28.947
  3533.102   351.875   305.000     4.167     0.000    28.947
  3545.866   353.146   306.000     4.181     0.000    28.321
  3558.645   354.419   307.000     4.195     0.000    28.321
  3571.439   355.694   308.000     4.208     0.000    28.321
  3584.249   356.970   309.000     4.222     0.000    28.321
  3597.074   358.248   310.000     4.236     0.000    28.321
  3609.914   359.527   311.000     4.250     0.000    28.321
  3622.770   360.808   312.000     4.264     0.000    27.717
  3635.641   362.090   313.000     4.278     0.000    27.717
  3648.527   363.374   314.000     4.292     0.000    27.717
  3661.428   364.659   315.000     4.306     0.000    27.717
  3674.345   365.946   316.000     4.320     0.000    27.717
  3687.277   367.234   317.000     4.333     0.000    27.717
  3700.224   368.524   318.000     4.347     0.000    27.134
  3713.186   369.815   319.000     4.361     0.000    27.134
  3726.163   371.108   320.000     4.375     0.000    27.134
  3739.155   372.402   321.000     4.389     0.000    27.134
  3752.163   373.698   322.000     4.403     0.000    27.134
  3765.185   374.995   323.000     4.417     0.000    27.134
  3778.223   376.294   324.000     4.431     0.000    26.571
  3791.275   377.594   325.000     4.445     0.000    26.571
  3804.343   378.896   326.000     4.458     0.000    26.571
  3817.426   380.199   327.000     4.472     0.000    26.571
  3830.523   381.504   328.000     4.486     0.000    26.571
  3843.636   382.810   329.000     4.500     0.000    26.571
  3856.764   384.118   330.000     4.514     0.000    26.028
  3869.906   385.427   331.000     4.528     0.000    26.028
  3883.064   386.737   332.000     4.542     0.000    26.028
  3896.236   388.050   333.000     4.556     0.000    26.028
  3909.423   389.363   334.000     4.570     0.000    26.028
  3922.626   390.678   335.000     4.583     0.000    26.028
  3935.843   391.995   336.000     4.597     0.000    25.503
  3949.075   393.313   337.000     4.611     0.000    25.503
  3962.321   394.633   338.000     4.625     0.000    25.503
  3975.583   395.954   339.000     4.639     0.000    25.503
  3988.859   397.276   340.000     4.653     0.000    25.503
  4002.150   398.600   341.000     4.667     0.000    25.503
  4015.456   399.926   342.000     4.681     0.000    24.995
  4028.776   401.252   343.000     4.695     0.000    24.995
  4042.112   402.581   344.000     4.708     0.000    24.995
  4055.461   403.911   345.000     4.722     0.000    24.995
  4068.826   405.242   346.000     4.736     0.000    24.995
  4082.205   406.575   347.000     4.750     0.000    24.995
  4095.599   407.909   348.000     4.764     0.000    24.504
  4109.008   409.245   349.000     4.778     0.000    24.504
  4122.431   410.582   350.000     4.792     0.000    24.504
  4135.869   411.920   351.000     4.806     0.000    24.504
  4149.322   413.260   352.000     4.820     0.000    24.504
  4162.789   414.602   353.000     4.833     0.000    24.504
  4176.270   415.945   354.000     4.847     0.000    24.028
  4189.766   417.289   355.000     4.861     0.000    24.028
  4203.277   418.635   356.000     4.875     0.000    24.028
  4216.802   419.982   357.000     4.889     0.000    24.028
  4230.342   421.331   358.000     4.903     0.000    24.028
  4243.896   422.681   359.000     4.917     0.000    24.028
  4257.464   424.033   360.000     4.931     0.000    23.568
  4271.047   425.386   361.000     4.945     0.000    23.568
  4284.645   426.740   362.000     4.958     0.000    23.568
  4298.257   428.096   363.000     4.972     0.000    23.568
  4311.883   429.453   364.000     4.986     0.000    23.568
  4325.524   430.812   365.000     5.000     0.000    23.568
  4339.179   432.172   366.000     5.014     0.000    23.122
  4352.848   433.534   367.000     5.028     0.000    23.122
  4366.532   434.897   368.000     5.042     0.000    23.122
  4380.230   436.261   369.000     5.056     0.000    23.122
  4393.942   437.627   370.000     5.070     0.000    23.122
  4407.669   438.994   371.000     5.083     0.000    23.122
  4421.410   440.363   372.000     5.097     0.000    22.691
  4435.165   441.733   373.000     5.111     0.000    22.691
  4448.935   443.105   374.000     5.125     0.000    22.691
  4462.719   444.478   375.000     5.139     0.000    22.691
  4476.517   445.852   376.000     5.153     0.000    22.691
  4490.329   447.228   377.000     5.167     0.000    22.691
  4504.155   448.605   378.000     5.181     0.000    22.272
  4517.996   449.984   379.000     5.195     0.000    22.272
  4531.850   451.364   380.000     5.208     0.000    22.272
  4545.719   452.745   381.000     5.222     0.000    22.272
  4559.602   454.128   382.000     5.236     0.000    22.272
  4573.499   455.513   383.000     5.250     0.000    22.272
  4587.410   456.898   384.000     5.264     0.000    21.866
  4601.336   458.285   385.000     5.278     0.000    21.866
  4615.275   459.674   386.000     5.292     0.000    21.866
  4629.228   461.064   387.000     5.306     0.000    21.866
  4643.196   462.455   388.000     5.320     0.000    21.866
  4657.177   463.848   389.000     5.333     0.000    21.866
  4671.173   465.242   390.000     5.347     0.000    21.473
  4685.182   466.637   391.000     5.361     0.000    21.473
  4699.206   468.034   392.000     5.375     0.000    21.473
  4713.243   469.432   393.000     5.389     0.000    21.473
  4727.295   470.832   394.000     5.403     0.000    21.473
  4741.360   472.233   395.000     5.417     0.000    21.473
  4755.439   473.635   396.000     5.431     0.000    21.091
  4769.533   475.039   397.000     5.445     0.000    21.091
  4783.640   476.444   398.000     5.458     0.000    21.091
  4797.761   477.851   399.000     5.472     0.000    21.091
  4811.896   479.259   400.000     5.486     0.000    21.091
  4826.045   480.668   401.000     5.500     0.000    21.091
  4840.207   482.079   402.000     5.514     0.000    20.720
  4854.384   483.491   403.000     5.528     0.000    20.720
  4868.574   484.904   404.000     5.542     0.000    20.720
  4882.778   486.319   405.000     5.556     0.000    20.720
  4896.996   487.735   406.000     5.570     0.000    20.720
  4911.228   489.153   407.000     5.583     0.000    20.720
  4925.473   490.572   408.000     5.597     0.000    20.360
  4939.732   491.992   409.000     5.611     0.000    20.360
  4954.005   493.414   410.000     5.625     0.000    20.360
  4968.292   494.837   411.000     5.639     0.000    20.360
  4982.593   496.261   412.000     5.653     0.000    20.360
  4996.907   497.687   413.000     5.667     0.000    20.360
  5011.234   499.114   414.000     5.681     0.000    20.010
  5025.576   500.543   415.000     5.695     0.000    20.010
  5039.931   501.972   416.000     5.708     0.000    20.010
  5054.300   503.404   417.000     5.722     0.000    20.010
  5068.682   504.836   418.000     5.736     0.000    20.010
  5083.078   506.270   419.000     5.750     0.000    20.010
  5097.488   507.705   420.000     5.764     0.000    19.670
  5111.911   509.142   421.000     5.778     0.000    19.670
  5126.348   510.580   422.000     5.792     0.000    19.670
  5140.799   512.019   423.000     5.806     0.000    19.670
  5155.263   513.460   424.000     5.820     0.000    19.670
  5169.740   514.902   425.000     5.833     0.000    19.670
  5184.231   516.346   426.000     5.847     0.000    19.340
  5198.736   517.790   427.000     5.861     0.000    19.340
  5213.254   519.236   428.000     5.875     0.000    19.340
  5227.786   520.684   429.000     5.889     0.000    19.340
  5242.331   522.133   430.000     5.903     0.000    19.340
  5256.889   523.583   431.000     5.917     0.000    19.340
  5271.461   525.034   432.000     5.931     0.000    19.019
  5286.047   526.487   433.000     5.945     0.000    19.019
  5300.646   527.941   434.000     5.958     0.000    19.019
  5315.258   529.396   435.000     5.972     0.000    19.019
  5329.884   530.853   436.000     5.986     0.000    19.019
  5344.523   532.311   437.000     6.000     0.000    19.019
  5359.175   533.771   438.000     6.014     0.000    18.707
  5373.841   535.232   439.000     6.028     0.000    18.707
  5388.521   536.694   440.000     6.042     0.000    18.707
  5403.213   538.157   441.000     6.056     0.000    18.707
  5417.919   539.622   442.000     6.070     0.000    18.707
  5432.638   541.088   443.000     6.083     0.000    18.707
  5447.371   542.556   444.000     6.097     0.000    18.403
  5462.117   544.024   445.000     6.111     0.000    18.403
  5476.876   545.494   446.000     6.125     0.000    18.403
  5491.648   546.966   447.000     6.139     0.000    18.403
  5506.434   548.439   448.000     6.153     0.000    18.403
  5521.233   549.913   449.000     6.167     0.000    18.403
  5536.045   551.388   450.000     6.181     0.000    18.107
  5550.871   552.865   451.000     6.195     0.000    18.107
  5565.709   554.343   452.000     6.208     0.000    18.107
  5580.561   555.822   453.000     6.222     0.000    18.107
  5595.426   557.303   454.000     6.236     0.000    18.107
  5610.305   558.784   455.000     6.250     0.000    18.107
  5625.196   560.268   456.000     6.264     0.000    17.819
  5640.100   561.752   457.000     6.278     0.000    17.819
  5655.018   563.238   458.000     6.292     0.000    17.819
  5669.949   564.725   459.000     6.306     0.000    17.819
  5684.893   566.214   460.000     6.320     0.000    17.819
  5699.850   567.704   461.000     6.333     0.000    17.819
  5714.820   569.195   462.000     6.347     0.000    17.539
  5729.803   570.687   463.000     6.361     0.000    17.539
  5744.800   572.181   464.000     6.375     0.000    17.539
  5759.809   573.676   465.000     6.389     0.000    17.539
  5774.832   575.172   466.000     6.403     0.000    17.539
  5789.867   576.670   467.000     6.417     0.000    17.539
  5804.916   578.168   468.000     6.431     0.000    17.266
  5819.977   579.669   469.000     6.445     0.000    17.266
  5835.052   581.170   470.000     6.458     0.000    17.266
  5850.139   582.673   471.000     6.472     0.000    17.266
  5865.240   584.177   472.000     6.486     0.000    17.266
  5880.353   585.682   473.000     6.500     0.000    17.266
  5895.480   587.189   474.000     6.514     0.000    16.999
  5910.619   588.697   475.000     6.528     0.000    16.999
  5925.772   590.206   476.000     6.542     0.000    16.999
  5940.937   591.717   477.000     6.556     0.000    16.999
  5956.115   593.228   478.000     6.570     0.000    16.999
  5971.306   594.742   479.000     6.583     0.000    16.999
  5986.510   596.256   480.000     6.597     0.000    16.740
  6001.727   597.772   481.000     6.611     0.000    16.740
  6016.957   599.289   482.000     6.625     0.000    16.740
  6032.200   600.807   483.000     6.639     0.000    16.740
  6047.455   602.326   484.000     6.653     0.000    16.740
  6062.723   603.847   485.000     6.667     0.000    16.740
  6078.005   605.369   486.000     6.681     0.000    16.487
  6093.299   606.892   487.000     6.695     0.000    16.487
  6108.605   608.417   488.000     6.708     0.000    16.487
  6123.925   609.943   489.000     6.722     0.000    16.487
  6139.257   611.470   490.000     6.736     0.000    16.487
  6154.603   612.998   491.000     6.750     0.000    16.487
  6169.961   614.528   492.000     6.764     0.000    16.241
  6185.331   616.059   493.000     6.778     0.000    16.241
  6200.715   617.591   494.000     6.792     0.000    16.241
  6216.111   619.125   495.000     6.806     0.000    16.241
  6231.520   620.660   496.000     6.820     0.000    16.241
  6246.941   622.196   497.000     6.833     0.000    16.241
  6262.376   623.733   498.000     6.847     0.000    16.000
  6277.823   625.272   499.000     6.861     0.000    16.000
  6293.283   626.811   500.000     6.875     0.000    16.000
  6308.755   628.353   501.000     6.889     0.000    16.000
  6324.240   629.895   502.000     6.903     0.000    16.000
  6339.738   631.438   503.000     6.917     0.000    16.000
  6350.244   632.485   503.677     6.926     0.000    15.766
