****************************************************************************************************
----------------------------------------------------------------------------------------------------
Ambient Table:
     Depth   Amb-cur   Amb-dir   Amb-sal   Amb-tem   Amb-pol     Decay   Far-spd   Far-dir   Disprsn
       (m)     (m/s)     (deg)     (psu)       (C)    (mg/L)   (1/day)     (m/s)     (deg)(m0.67/s2)
     0.000     0.020    90.000    30.900    11.200     0.000     0.000     0.020    90.000   0.00030
     3.000     0.020    90.000    31.200    10.400     0.000     0.000     0.020    90.000   0.00030
     6.000     0.020    90.000    31.200     9.690     0.000     0.000     0.020    90.000   0.00030
     9.000     0.020    90.000    31.700     9.440     0.000     0.000     0.020    90.000   0.00030
    12.000     0.020    90.000    31.800     9.340     0.000     0.000     0.020    90.000   0.00030
    15.000     0.020    90.000    31.900     9.220     0.000     0.000     0.020    90.000   0.00030
----------------------------------------------------------------------------------------------------
Diffuser Table:
     P-dia    P-elev   V-angle   H-angle     Ports   Spacing   AcuteMZ   ChrncMZ   P-depth   Ttl-flo   Eff-sal      Temp   Polutnt
       (m)       (m)     (deg)     (deg)       ( )       (m)       (m)       (m)       (m)     (MGD)     (psu)       (C)    (mg/L)
      0.01     15.00     45.00     90.00     25.00      2.00     20.70    207.00      2.00      0.01     35.00     10.00 100000.00
----------------------------------------------------------------------------------------------------
Simulation Results:
              Dilutn     P-dia    x-posn    y-posn     Depth      Time   Net-Dil     P-Den    P-Con.     P-Sal    P-Temp  Amb-Curr    CL-Dil
      Step (FluxAvg)       (m)       (m)       (m)       (m)       (s)        ()   (kg/m3)    (mg/L)     (psu)       (C)     (m/s)        ()
         1     1.020     0.013     0.000     0.000    -2.000     0.009     1.020  1026.912 98033.309    34.924    10.013     0.020     1.000
         2     1.041     0.013     0.000     0.001    -1.999     0.017     1.041  1026.852 96105.410    34.849    10.026     0.020     1.000
         3     1.061     0.013     0.000     0.001    -1.999     0.024     1.061  1026.792 94215.534    34.775    10.038     0.020     1.000
         4     1.083     0.014     0.000     0.002    -1.999     0.032     1.083  1026.734 92362.927    34.703    10.051     0.020     1.000
         5     1.104     0.014     0.000     0.002    -1.998     0.040     1.104  1026.677 90546.849    34.632    10.063     0.020     1.000
         6     1.127     0.014     0.000     0.002    -1.998     0.048     1.127  1026.621 88766.577    34.563    10.075     0.020     1.000
         7     1.149     0.014     0.000     0.003    -1.998     0.056     1.149  1026.566 87023.975    34.495    10.086     0.020     1.000
         8     1.172     0.015     0.000     0.003    -1.997     0.064     1.172  1026.513 85345.077    34.430    10.097     0.020     1.000
         9     1.194     0.015     0.000     0.003    -1.997     0.072     1.194  1026.462 83723.490    34.367    10.108     0.020     1.000
        10     1.217     0.015     0.000     0.004    -1.997     0.081     1.217  1026.413 82160.232    34.306    10.119     0.020     1.000
        11     1.240     0.015     0.000     0.004    -1.996     0.089     1.240  1026.365 80650.463    34.247    10.129     0.020     1.000
        12     1.263     0.016     0.000     0.004    -1.996     0.098     1.263  1026.320 79192.013    34.190    10.138     0.020     1.000
        13     1.286     0.016     0.000     0.005    -1.996     0.107     1.286  1026.275 77781.763    34.136    10.148     0.020     1.000
        14     1.309     0.016     0.000     0.005    -1.995     0.115     1.309  1026.232 76417.419    34.082    10.157     0.020     1.000
        15     1.332     0.016     0.000     0.006    -1.995     0.124     1.332  1026.191 75096.584    34.031    10.166     0.020     1.000
        16     1.355     0.017     0.000     0.006    -1.995     0.133     1.355  1026.150 73817.163    33.981    10.174     0.020     1.000
        17     1.378     0.017     0.000     0.006    -1.994     0.142     1.378  1026.111 72577.133    33.933    10.183     0.020     1.000
        18     1.401     0.017     0.000     0.007    -1.994     0.151     1.401  1026.074 71374.636    33.886    10.191     0.020     1.000
        19     1.424     0.018     0.000     0.007    -1.994     0.160     1.424  1026.037 70207.916    33.841    10.198     0.020     1.000
        20     1.448     0.018     0.000     0.007    -1.994     0.169     1.448  1026.001 69075.334    33.796    10.206     0.020     1.000
        21     1.471     0.018     0.000     0.008    -1.993     0.179     1.471  1025.966 67975.351    33.754    10.213     0.020     1.000
        22     1.495     0.018     0.000     0.008    -1.993     0.188     1.495  1025.933 66906.523    33.712    10.220     0.020     1.000
        23     1.518     0.019     0.000     0.009    -1.993     0.198     1.518  1025.900 65867.492    33.671    10.227     0.020     1.000
        24     1.542     0.019     0.000     0.009    -1.992     0.207     1.542  1025.868 64856.982    33.632    10.234     0.020     1.000
        25     1.566     0.019     0.000     0.009    -1.992     0.217     1.566  1025.837 63873.793    33.594    10.241     0.020     1.000
        26     1.589     0.019     0.000     0.010    -1.992     0.226     1.589  1025.807 62916.793    33.556    10.247     0.020     1.000
        27     1.613     0.020     0.000     0.010    -1.992     0.236     1.613  1025.778 61984.916    33.520    10.253     0.020     1.000
        28     1.637     0.020     0.000     0.010    -1.991     0.246     1.637  1025.749 61077.156    33.485    10.259     0.020     1.000
        29     1.661     0.020     0.000     0.011    -1.991     0.256     1.661  1025.721 60192.564    33.450    10.265     0.020     1.000
        30     1.685     0.020     0.000     0.011    -1.991     0.266     1.685  1025.694 59330.243    33.417    10.271     0.020     1.000
        31     1.710     0.021     0.000     0.011    -1.991     0.276     1.710  1025.668 58489.346    33.384    10.277     0.020     1.000
        32     1.734     0.021     0.000     0.012    -1.990     0.287     1.734  1025.642 57669.073    33.352    10.282     0.020     1.000
        33     1.758     0.021     0.000     0.012    -1.990     0.297     1.758  1025.617 56868.663    33.321    10.288     0.020     1.000
        34     1.783     0.022     0.000     0.013    -1.990     0.307     1.783  1025.592 56087.400    33.290    10.293     0.020     1.000
        35     1.808     0.022     0.000     0.013    -1.990     0.318     1.808  1025.568 55324.604    33.260    10.298     0.020     1.000
        36     1.832     0.022     0.000     0.013    -1.990     0.329     1.832  1025.545 54579.631    33.231    10.303     0.020     1.000
        37     1.857     0.022     0.000     0.014    -1.989     0.339     1.857  1025.522 53851.869    33.203    10.308     0.020     1.000
        38     1.882     0.023     0.000     0.014    -1.989     0.350     1.882  1025.499 53140.739    33.175    10.313     0.020     1.000
        39     1.907     0.023     0.000     0.015    -1.989     0.361     1.907  1025.477 52445.692    33.148    10.317     0.020     1.000
        40     1.932     0.023     0.000     0.015    -1.989     0.372     1.932  1025.456 51766.204    33.122    10.322     0.020     1.000
        41     1.957     0.023     0.000     0.015    -1.988     0.383     1.957  1025.435 51101.782    33.096    10.326     0.020     1.000
        42     1.982     0.024     0.000     0.016    -1.988     0.395     1.982  1025.415 50451.953    33.070    10.331     0.020     1.000
        43     2.007     0.024     0.000     0.016    -1.988     0.406     2.007  1025.395 49816.272    33.046    10.335     0.020     1.004
        44     2.033     0.024     0.000     0.016    -1.988     0.418     2.033  1025.375 49194.311    33.021    10.339     0.020     1.016
        45     2.058     0.024     0.000     0.017    -1.988     0.429     2.058  1025.356 48585.669    32.997    10.343     0.020     1.029
        46     2.084     0.025     0.000     0.017    -1.987     0.441     2.084  1025.337 47989.959    32.974    10.347     0.020     1.042
        47     2.109     0.025     0.000     0.018    -1.987     0.453     2.109  1025.319 47406.818    32.951    10.351     0.020     1.055
        48     2.135     0.025     0.000     0.018    -1.987     0.465     2.135  1025.301 46835.897    32.929    10.355     0.020     1.068
        49     2.161     0.025     0.000     0.018    -1.987     0.477     2.161  1025.283 46276.866    32.907    10.359     0.020     1.080
        50     2.187     0.026     0.000     0.019    -1.987     0.489     2.187  1025.266 45729.410    32.886    10.362     0.020     1.093
        51     2.213     0.026     0.000     0.019    -1.986     0.502     2.213  1025.249 45193.231    32.865    10.366     0.020     1.106
        52     2.239     0.026     0.000     0.020    -1.986     0.514     2.239  1025.232 44668.044    32.845    10.369     0.020     1.119
        53     2.265     0.026     0.000     0.020    -1.986     0.527     2.265  1025.216 44153.579    32.825    10.373     0.020     1.132
        54     2.291     0.027     0.000     0.021    -1.986     0.540     2.291  1025.200 43649.577    32.805    10.376     0.020     1.145
        55     2.317     0.027     0.000     0.021    -1.986     0.553     2.317  1025.185 43155.795    32.786    10.380     0.020     1.159
        56     2.343     0.027     0.000     0.021    -1.986     0.566     2.343  1025.170 42672.000    32.767    10.383     0.020     1.172
        57     2.370     0.027     0.000     0.022    -1.985     0.579     2.370  1025.155 42197.971    32.748    10.386     0.020     1.185
        58     2.396     0.028     0.000     0.022    -1.985     0.592     2.396  1025.140 41733.497    32.730    10.389     0.020     1.198
        59     2.423     0.028     0.000     0.023    -1.985     0.606     2.423  1025.126 41278.378    32.712    10.392     0.020     1.211
        60     2.449     0.028     0.000     0.023    -1.985     0.619     2.449  1025.112 40832.426    32.695    10.395     0.020     1.225
        61     2.476     0.028     0.000     0.024    -1.985     0.633     2.476  1025.098 40395.460    32.678    10.398     0.020     1.238
        62     2.502     0.029     0.000     0.024    -1.985     0.647     2.502  1025.084 39967.309    32.661    10.401     0.020     1.251
        63     2.529     0.029     0.000     0.024    -1.984     0.661     2.529  1025.071 39547.811    32.645    10.404     0.020     1.264
        64     2.555     0.029     0.000     0.025    -1.984     0.676     2.555  1025.058 39136.813    32.629    10.407     0.020     1.278
        65     2.582     0.029     0.000     0.025    -1.984     0.690     2.582  1025.045 38734.168    32.613    10.409     0.020     1.291
        66     2.608     0.030     0.000     0.026    -1.984     0.705     2.608  1025.033 38339.740    32.598    10.412     0.020     1.304
        67     2.635     0.030     0.000     0.026    -1.984     0.720     2.635  1025.021 37953.398    32.582    10.415     0.020     1.317
        68     2.661     0.030     0.000     0.027    -1.984     0.735     2.661  1025.009 37575.019    32.568    10.417     0.020     1.331
        69     2.688     0.030     0.000     0.027    -1.983     0.750     2.688  1024.997 37204.487    32.553    10.420     0.020     1.344
        70     2.714     0.031     0.000     0.028    -1.983     0.765     2.714  1024.986 36841.691    32.539    10.422     0.020     1.357
        71     2.741     0.031     0.000     0.028    -1.983     0.781     2.741  1024.975 36486.528    32.525    10.425     0.020     1.370
        72     2.767     0.031     0.000     0.029    -1.983     0.797     2.767  1024.964 36138.901    32.512    10.427     0.020     1.384
        73     2.793     0.031     0.000     0.029    -1.983     0.813     2.793  1024.953 35798.719    32.498    10.429     0.020     1.397
        74     2.820     0.032     0.000     0.030    -1.983     0.829     2.820  1024.942 35465.894    32.485    10.431     0.020     1.410
        75     2.846     0.032     0.000     0.030    -1.983     0.845     2.846  1024.932 35140.346    32.473    10.434     0.020     1.423
        76     2.872     0.032     0.000     0.031    -1.982     0.862     2.872  1024.922 34821.999    32.460    10.436     0.020     1.436
        77     2.898     0.032     0.000     0.031    -1.982     0.879     2.898  1024.912 34510.782    32.448    10.438     0.020     1.449
        78     2.923     0.032     0.000     0.032    -1.982     0.895     2.923  1024.903 34206.628    32.436    10.440     0.020     1.462
        79     2.949     0.033     0.000     0.032    -1.982     0.913     2.949  1024.893 33909.475    32.424    10.442     0.020     1.475
        80     2.974     0.033     0.000     0.033    -1.982     0.930     2.974  1024.884 33619.265    32.413    10.444     0.020     1.487
        81     3.000     0.033     0.000     0.033    -1.982     0.947     3.000  1024.875 33335.943    32.402    10.446     0.020     1.500
        82     3.025     0.033     0.000     0.034    -1.982     0.965     3.025  1024.867 33059.459    32.391    10.448     0.020     1.512
        83     3.050     0.034     0.000     0.034    -1.982     0.983     3.050  1024.858 32789.765    32.381    10.450     0.020     1.525
        84     3.074     0.034     0.000     0.035    -1.981     1.001     3.074  1024.850 32526.816    32.370    10.451     0.020     1.537
        85     3.099     0.034     0.000     0.035    -1.981     1.020     3.099  1024.842 32270.571    32.360    10.453     0.020     1.549
        86     3.123     0.034     0.000     0.036    -1.981     1.038     3.123  1024.834 32020.990    32.351    10.455     0.020     1.561
        87     3.147     0.034     0.000     0.036    -1.981     1.057     3.147  1024.826 31778.038    32.341    10.456     0.020     1.573
        88     3.170     0.035     0.000     0.037    -1.981     1.076     3.170  1024.819 31541.677    32.332    10.458     0.020     1.585
        89     3.194     0.035     0.000     0.037    -1.981     1.095     3.194  1024.811 31311.875    32.323    10.460     0.020     1.597
        90     3.217     0.035     0.000     0.038    -1.981     1.115     3.217  1024.804 31088.600    32.314    10.461     0.020     1.608
        91     3.239     0.035     0.000     0.039    -1.981     1.134     3.239  1024.798 30871.819    32.306    10.463     0.020     1.620
        92     3.261     0.035     0.000     0.039    -1.981     1.154     3.261  1024.791 30661.501    32.298    10.464     0.020     1.631
        93     3.283     0.035     0.000     0.040    -1.981     1.174     3.283  1024.785 30457.614    32.290    10.465     0.020     1.642
        94     3.305     0.036     0.000     0.040    -1.981     1.194     3.305  1024.778 30260.126    32.282    10.467     0.020     1.652
        95     3.326     0.036     0.000     0.041    -1.980     1.215     3.326  1024.772 30069.002    32.274    10.468     0.020     1.663
        96     3.346     0.036     0.000     0.042    -1.980     1.235     3.346  1024.766 29884.206    32.267    10.469     0.020     1.673
        97     3.366     0.036     0.000     0.042    -1.980     1.256     3.366  1024.761 29705.697    32.260    10.470     0.020     1.683
        98     3.386     0.036     0.000     0.043    -1.980     1.277     3.386  1024.755 29533.432    32.253    10.472     0.020     1.693
        99     3.405     0.036     0.000     0.043    -1.980     1.298     3.405  1024.750 29367.360    32.247    10.473     0.020     1.703
       100     3.424     0.037     0.000     0.044    -1.980     1.320     3.424  1024.745 29207.421    32.241    10.474     0.020     1.712
       101     3.442     0.037     0.000     0.045    -1.980     1.341     3.442  1024.740 29053.547    32.235    10.475     0.020     1.721
       102     3.460     0.037     0.000     0.045    -1.980     1.363     3.460  1024.736 28905.655    32.229    10.476     0.020     1.730
       103     3.477     0.037     0.000     0.046    -1.980     1.385     3.477  1024.731 28763.639    32.223    10.477     0.020     1.738
       104     3.493     0.037     0.000     0.046    -1.980     1.407     3.493  1024.727 28627.373    32.218    10.478     0.020     1.747
       105     3.509     0.037     0.000     0.047    -1.980     1.429     3.509  1024.723 28496.685    32.213    10.479     0.020     1.755
       106     3.525     0.037     0.000     0.048    -1.980     1.452     3.525  1024.719 28371.350    32.208    10.479     0.020     1.762
       107     3.540     0.037     0.000     0.048    -1.980     1.474     3.540  1024.715 28251.043    32.203    10.480     0.020     1.770
       108     3.554     0.037     0.000     0.049    -1.980     1.497     3.554  1024.711 28135.250    32.199    10.481     0.020     1.777
       109     3.569     0.038     0.000     0.050    -1.980     1.520     3.569  1024.708 28022.854    32.194    10.482     0.020     1.784
       110     3.583     0.038     0.000     0.050    -1.980     1.542     3.583  1024.704 27912.917    32.190    10.483     0.020     1.791
       111     3.596     0.038     0.000     0.051    -1.980     1.566     3.596  1024.701 27804.977    32.186    10.483     0.020     1.798
       112     3.610     0.038     0.000     0.052    -1.980     1.589     3.610  1024.698 27698.754    32.182    10.484     0.020     1.805
       113     3.624     0.038     0.000     0.052    -1.980     1.612     3.624  1024.694 27594.081    32.178    10.485     0.020     1.812
---------------------- Local maximum rise or fall --------------------
       114     3.638     0.038     0.000     0.053    -1.980     1.635     3.638  1024.691 27490.848    32.174    10.485     0.020     1.819
       115     3.651     0.038     0.000     0.053    -1.980     1.659     3.651  1024.688 27388.978    32.170    10.486     0.020     1.826
       116     3.665     0.038     0.000     0.054    -1.980     1.683     3.665  1024.685 27288.412    32.166    10.487     0.020     1.832
       117     3.678     0.038     0.000     0.055    -1.980     1.706     3.678  1024.681 27189.098    32.162    10.487     0.020     1.839
       118     3.691     0.038     0.000     0.055    -1.980     1.730     3.691  1024.678 27090.992    32.158    10.488     0.020     1.846
       119     3.705     0.039     0.000     0.056    -1.980     1.754     3.705  1024.675 26994.050    32.154    10.489     0.020     1.852
       120     3.718     0.039     0.000     0.057    -1.980     1.779     3.718  1024.672 26898.232    32.150    10.489     0.020     1.859
       121     3.731     0.039     0.000     0.057    -1.980     1.803     3.731  1024.669 26802.750    32.147    10.490     0.020     1.865
       122     3.744     0.039     0.000     0.058    -1.980     1.827     3.744  1024.666 26706.455    32.143    10.491     0.020     1.872
       123     3.758     0.039     0.000     0.059    -1.980     1.852     3.758  1024.663 26608.468    32.139    10.491     0.020     1.879
       124     3.772     0.039     0.000     0.060    -1.980     1.877     3.772  1024.660 26508.115    32.135    10.492     0.020     1.886
       125     3.787     0.039     0.000     0.060    -1.980     1.902     3.787  1024.657 26404.893    32.131    10.493     0.020     1.894
       126     3.803     0.039     0.000     0.061    -1.980     1.927     3.803  1024.653 26298.418    32.127    10.494     0.020     1.901
       127     3.818     0.039     0.000     0.062    -1.980     1.952     3.818  1024.650 26188.393    32.123    10.494     0.020     1.909
       128     3.835     0.039     0.000     0.062    -1.980     1.978     3.835  1024.646 26074.583    32.118    10.495     0.020     1.918
       129     3.853     0.039     0.000     0.063    -1.980     2.004     3.853  1024.643 25956.793    32.114    10.496     0.020     1.926
       130     3.871     0.039     0.000     0.064    -1.980     2.030     3.871  1024.639 25834.856    32.109    10.497     0.020     1.935
       131     3.890     0.040     0.000     0.064    -1.981     2.056     3.890  1024.635 25708.628    32.104    10.498     0.020     1.945
       132     3.910     0.040     0.000     0.065    -1.981     2.083     3.910  1024.631 25577.977    32.099    10.498     0.020     1.955
       133     3.930     0.040     0.000     0.066    -1.981     2.109     3.930  1024.626 25442.779    32.094    10.499     0.020     1.965
       134     3.952     0.040     0.000     0.067    -1.981     2.137     3.952  1024.622 25302.917    32.088    10.500     0.020     1.976
       135     3.975     0.040     0.000     0.067    -1.981     2.164     3.975  1024.617 25158.280    32.082    10.501     0.020     1.987
       136     3.999     0.040     0.000     0.068    -1.981     2.192     3.999  1024.613 25008.754    32.077    10.502     0.020     1.999
       137     4.023     0.040     0.000     0.069    -1.981     2.220     4.023  1024.608 24854.228    32.071    10.503     0.020     2.012
       138     4.049     0.040     0.000     0.070    -1.981     2.249     4.049  1024.603 24694.589    32.064    10.504     0.020     2.025
       139     4.077     0.041     0.000     0.071    -1.981     2.278     4.077  1024.598 24529.722    32.058    10.506     0.020     2.038
       140     4.105     0.041     0.000     0.071    -1.982     2.307     4.105  1024.592 24359.509    32.051    10.507     0.020     2.053
       141     4.135     0.041     0.000     0.072    -1.982     2.338     4.135  1024.587 24183.827    32.044    10.508     0.020     2.067
       142     4.166     0.041     0.000     0.073    -1.982     2.368     4.166  1024.581 24002.549    32.037    10.509     0.020     2.083
       143     4.199     0.041     0.000     0.074    -1.982     2.399     4.199  1024.575 23815.542    32.030    10.510     0.020     2.099
       144     4.233     0.041     0.000     0.075    -1.982     2.431     4.233  1024.569 23622.665    32.022    10.512     0.020     2.117
       145     4.269     0.042     0.000     0.076    -1.983     2.463     4.269  1024.563 23423.772    32.015    10.513     0.020     2.135
       146     4.307     0.042     0.000     0.076    -1.983     2.496     4.307  1024.556 23218.707    32.007    10.514     0.020     2.153
       147     4.346     0.042     0.000     0.077    -1.983     2.530     4.346  1024.550 23007.304    31.998    10.516     0.020     2.173
       148     4.388     0.042     0.000     0.078    -1.983     2.564     4.388  1024.543 22789.387    31.990    10.517     0.020     2.194
       149     4.432     0.042     0.000     0.079    -1.983     2.600     4.432  1024.536 22564.770    31.981    10.519     0.020     2.216
       150     4.478     0.043     0.000     0.080    -1.984     2.636     4.478  1024.528 22333.251    31.972    10.520     0.020     2.239
       151     4.526     0.043     0.000     0.081    -1.984     2.673     4.526  1024.521 22094.614    31.963    10.522     0.020     2.263
       152     4.577     0.043     0.000     0.082    -1.984     2.711     4.577  1024.513 21848.628    31.953    10.524     0.020     2.288
       153     4.631     0.044     0.000     0.083    -1.984     2.750     4.631  1024.505 21595.042    31.943    10.525     0.020     2.315
       154     4.687     0.044     0.000     0.084    -1.985     2.790     4.687  1024.497 21333.585    31.933    10.527     0.020     2.344
       155     4.747     0.044     0.000     0.085    -1.985     2.832     4.747  1024.488 21063.962    31.922    10.529     0.020     2.374
       156     4.811     0.044     0.000     0.086    -1.985     2.875     4.811  1024.480 20785.851    31.911    10.531     0.020     2.405
       157     4.878     0.045     0.000     0.088    -1.986     2.919     4.878  1024.470 20498.900    31.900    10.533     0.020     2.439
       158     4.950     0.045     0.000     0.089    -1.986     2.965     4.950  1024.461 20202.723    31.889    10.535     0.020     2.475
       159     5.026     0.045     0.000     0.090    -1.987     3.013     5.026  1024.452 19896.892    31.877    10.537     0.020     2.513
       160     5.107     0.046     0.000     0.091    -1.987     3.063     5.107  1024.442 19580.935    31.864    10.539     0.020     2.554
       161     5.194     0.046     0.000     0.093    -1.987     3.115     5.194  1024.431 19254.324    31.852    10.541     0.020     2.597
       162     5.286     0.047     0.000     0.094    -1.988     3.169     5.286  1024.421 18916.469    31.838    10.543     0.020     2.643
       163     5.386     0.047     0.000     0.095    -1.988     3.225     5.386  1024.410 18566.702    31.825    10.546     0.020     2.693
       164     5.493     0.048     0.000     0.097    -1.989     3.285     5.493  1024.398 18204.268    31.811    10.548     0.020     2.747
       165     5.603     0.048     0.000     0.098    -1.989     3.345     5.603  1024.387 17847.126    31.797    10.550     0.020     2.802
       166     5.715     0.049     0.000     0.100    -1.990     3.404     5.715  1024.376 17496.994    31.783    10.553     0.020     2.858
       167     5.830     0.049     0.000     0.101    -1.991     3.463     5.830  1024.365 17153.734    31.770    10.555     0.020     2.915
       168     5.946     0.050     0.000     0.103    -1.991     3.522     5.946  1024.355 16817.213    31.756    10.557     0.020     2.973
       169     6.065     0.050     0.000     0.104    -1.992     3.581     6.065  1024.344 16487.296    31.744    10.560     0.020     3.033
       170     6.187     0.051     0.000     0.106    -1.992     3.639     6.187  1024.334 16163.855    31.731    10.562     0.020     3.093
       171     6.310     0.051     0.000     0.107    -1.993     3.698     6.310  1024.324 15846.763    31.718    10.564     0.020     3.155
       172     6.437     0.052     0.000     0.109    -1.993     3.757     6.437  1024.314 15535.893    31.706    10.566     0.020     3.218
       173     6.566     0.053     0.000     0.110    -1.994     3.815     6.566  1024.305 15231.125    31.694    10.568     0.020     3.283
       174     6.697     0.053     0.000     0.111    -1.995     3.874     6.697  1024.295 14932.339    31.683    10.570     0.020     3.348
       175     6.831     0.054     0.000     0.113    -1.995     3.933     6.831  1024.286 14639.416    31.671    10.572     0.020     3.415
       176     6.968     0.054     0.000     0.114    -1.996     3.993     6.968  1024.277 14352.242    31.660    10.574     0.020     3.484
       177     7.107     0.055     0.000     0.116    -1.997     4.052     7.107  1024.268 14070.704    31.649    10.575     0.020     3.553
       178     7.249     0.056     0.000     0.117    -1.997     4.112     7.249  1024.259 13794.691    31.638    10.577     0.020     3.625
       179     7.394     0.056     0.000     0.119    -1.998     4.172     7.394  1024.251 13524.095    31.628    10.579     0.020     3.697
       180     7.542     0.057     0.000     0.120    -1.998     4.232     7.542  1024.243 13258.808    31.617    10.581     0.020     3.771
       181     7.693     0.057     0.000     0.121    -1.999     4.293     7.693  1024.234 12998.728    31.607    10.583     0.020     3.847
       182     7.847     0.058     0.000     0.123    -2.000     4.354     7.847  1024.226 12743.751    31.597    10.584     0.020     3.923
       183     8.004     0.059     0.000     0.124    -2.000     4.415     8.004  1024.219 12493.778    31.588    10.586     0.020     4.002
       184     8.164     0.059     0.000     0.126    -2.001     4.477     8.164  1024.211 12248.710    31.578    10.587     0.020     4.082
       185     8.327     0.060     0.000     0.127    -2.002     4.539     8.327  1024.203 12008.451    31.569    10.589     0.020     4.164
       186     8.494     0.061     0.000     0.129    -2.002     4.602     8.494  1024.196 11772.906    31.559    10.590     0.020     4.247
       187     8.664     0.061     0.000     0.130    -2.003     4.665     8.664  1024.189 11541.983    31.550    10.592     0.020     4.332
       188     8.837     0.062     0.000     0.132    -2.004     4.728     8.837  1024.182 11315.591    31.542    10.593     0.020     4.419
       189     9.014     0.063     0.000     0.133    -2.004     4.792     9.014  1024.175 11093.641    31.533    10.595     0.020     4.507
       190     9.195     0.063     0.000     0.135    -2.005     4.857     9.195  1024.168 10876.047    31.524    10.596     0.020     4.597
       191     9.378     0.064     0.000     0.136    -2.006     4.922     9.378  1024.161 10662.721    31.516    10.598     0.020     4.689
       192     9.566     0.065     0.000     0.138    -2.006     4.987     9.566  1024.155 10453.581    31.508    10.599     0.020     4.783
       193     9.757     0.066     0.000     0.139    -2.007     5.054     9.757  1024.148 10248.545    31.500    10.600     0.020     4.879
       194     9.953     0.066     0.000     0.141    -2.008     5.120     9.953  1024.142 10047.531    31.492    10.601     0.020     4.976
       195    10.152     0.067     0.000     0.142    -2.008     5.188    10.152  1024.136  9850.461    31.485    10.603     0.020     5.076
       196    10.355     0.068     0.000     0.144    -2.009     5.256    10.355  1024.130  9657.258    31.477    10.604     0.020     5.177
       197    10.562     0.068     0.000     0.145    -2.010     5.324    10.562  1024.124  9467.845    31.470    10.605     0.020     5.281
       198    10.773     0.069     0.000     0.147    -2.011     5.394    10.773  1024.118  9282.148    31.462    10.606     0.020     5.387
       199    10.989     0.070     0.000     0.149    -2.011     5.464    10.989  1024.112  9100.095    31.455    10.607     0.020     5.494
       200    11.209     0.071     0.000     0.150    -2.012     5.534    11.209  1024.107  8921.613    31.448    10.608     0.020     5.604
       201    11.433     0.072     0.000     0.152    -2.013     5.606    11.433  1024.101  8746.633    31.442    10.610     0.020     5.716
       202    11.662     0.072     0.000     0.153    -2.014     5.678    11.662  1024.096  8575.085    31.435    10.611     0.020     5.831
       203    11.895     0.073     0.000     0.155    -2.014     5.751    11.895  1024.090  8406.903    31.428    10.612     0.020     5.947
       204    12.133     0.074     0.000     0.157    -2.015     5.824    12.133  1024.085  8242.020    31.422    10.613     0.020     6.066
       205    12.376     0.075     0.000     0.158    -2.016     5.899    12.376  1024.080  8080.372    31.416    10.614     0.020     6.188
       206    12.623     0.076     0.000     0.160    -2.017     5.974    12.623  1024.075  7921.895    31.409    10.615     0.020     6.312
       207    12.876     0.076     0.000     0.162    -2.017     6.050    12.876  1024.070  7766.527    31.403    10.616     0.020     6.438
       208    13.133     0.077     0.000     0.163    -2.018     6.127    13.133  1024.066  7614.207    31.398    10.616     0.020     6.567
       209    13.396     0.078     0.000     0.165    -2.019     6.205    13.396  1024.061  7464.875    31.392    10.617     0.020     6.698
       210    13.664     0.079     0.000     0.167    -2.020     6.283    13.664  1024.057  7318.472    31.386    10.618     0.020     6.832
       211    13.937     0.080     0.000     0.169    -2.021     6.363    13.937  1024.052  7174.942    31.380    10.619     0.020     6.969
       212    14.216     0.081     0.000     0.170    -2.022     6.443    14.216  1024.048  7034.226    31.375    10.620     0.020     7.108
       213    14.501     0.082     0.000     0.172    -2.022     6.524    14.501  1024.043  6896.271    31.370    10.621     0.020     7.250
       214    14.791     0.083     0.000     0.174    -2.023     6.607    14.791  1024.039  6761.023    31.364    10.622     0.020     7.395
       215    15.087     0.083     0.000     0.176    -2.024     6.690    15.087  1024.035  6628.427    31.359    10.622     0.020     7.543
       216    15.388     0.084     0.000     0.178    -2.025     6.774    15.388  1024.031  6498.432    31.354    10.623     0.020     7.694
       217    15.696     0.085     0.000     0.180    -2.026     6.859    15.696  1024.027  6370.987    31.349    10.624     0.020     7.848
       218    16.010     0.086     0.000     0.181    -2.027     6.945    16.010  1024.023  6246.042    31.344    10.624     0.020     8.005
       219    16.330     0.087     0.000     0.183    -2.027     7.032    16.330  1024.019  6123.548    31.340    10.625     0.020     8.165
       220    16.657     0.088     0.000     0.185    -2.028     7.121    16.657  1024.016  6003.457    31.335    10.626     0.020     8.329
       221    16.990     0.089     0.000     0.187    -2.029     7.210    16.990  1024.012  5885.721    31.331    10.626     0.020     8.495
       222    17.330     0.090     0.000     0.189    -2.030     7.300    17.330  1024.008  5770.295    31.326    10.627     0.020     8.665
       223    17.677     0.091     0.000     0.191    -2.031     7.392    17.677  1024.005  5657.132    31.322    10.628     0.020     8.838
       224    18.030     0.092     0.000     0.193    -2.032     7.485    18.030  1024.001  5546.189    31.317    10.628     0.020     9.015
       225    18.391     0.093     0.000     0.195    -2.033     7.578    18.391  1023.998  5437.423    31.313    10.629     0.020     9.196
       226    18.759     0.094     0.000     0.197    -2.034     7.673    18.759  1023.995  5330.789    31.309    10.630     0.020     9.379
       227    19.134     0.095     0.000     0.199    -2.035     7.770    19.134  1023.992  5226.248    31.305    10.630     0.020     9.567
       228    19.517     0.096     0.000     0.201    -2.036     7.867    19.517  1023.988  5123.756    31.301    10.631     0.020     9.758
       229    19.907     0.097     0.000     0.203    -2.037     7.966    19.907  1023.985  5023.275    31.297    10.631     0.020     9.954
       230    20.306     0.098     0.000     0.206    -2.037     8.066    20.306  1023.982  4924.765    31.293    10.632     0.020    10.153
       231    20.712     0.099     0.000     0.208    -2.038     8.167    20.712  1023.979  4828.187    31.290    10.632     0.020    10.356
       232    21.126     0.100     0.000     0.210    -2.039     8.269    21.126  1023.976  4733.503    31.286    10.633     0.020    10.563
       233    21.549     0.101     0.000     0.212    -2.040     8.373    21.549  1023.974  4640.677    31.282    10.633     0.020    10.774
       234    21.980     0.103     0.000     0.214    -2.041     8.478    21.980  1023.971  4549.671    31.279    10.634     0.020    10.990
       235    22.419     0.104     0.000     0.217    -2.042     8.585    22.419  1023.968  4460.449    31.276    10.634     0.020    11.210
       236    22.868     0.105     0.000     0.219    -2.043     8.693    22.868  1023.965  4372.978    31.272    10.634     0.020    11.434
       237    23.325     0.106     0.000     0.221    -2.044     8.802    23.325  1023.963  4287.222    31.269    10.635     0.020    11.663
       238    23.792     0.107     0.000     0.224    -2.045     8.913    23.792  1023.960  4203.149    31.266    10.635     0.020    11.896
       239    24.268     0.108     0.000     0.226    -2.046     9.025    24.268  1023.958  4120.724    31.262    10.636     0.020    12.134
       240    24.753     0.109     0.000     0.228    -2.047     9.139    24.753  1023.955  4039.916    31.259    10.636     0.020    12.376
       241    25.248     0.111     0.000     0.231    -2.048     9.254    25.248  1023.953  3960.692    31.256    10.636     0.020    12.624
       242    25.753     0.112     0.000     0.233    -2.050     9.371    25.753  1023.950  3883.023    31.253    10.637     0.020    12.877
       243    26.268     0.113     0.000     0.236    -2.051     9.489    26.268  1023.948  3806.876    31.250    10.637     0.020    13.134
       244    26.794     0.114     0.000     0.238    -2.052     9.609    26.794  1023.946  3732.223    31.248    10.637     0.020    13.397
       245    27.330     0.115     0.000     0.241    -2.053     9.731    27.330  1023.944  3659.035    31.245    10.638     0.020    13.665
       246    27.876     0.117     0.000     0.244    -2.054     9.854    27.876  1023.941  3587.281    31.242    10.638     0.020    13.938
       247    28.434     0.118     0.000     0.246    -2.055     9.979    28.434  1023.939  3516.935    31.239    10.638     0.020    14.217
       248    29.003     0.119     0.000     0.249    -2.056    10.105    29.003  1023.937  3447.969    31.237    10.639     0.020    14.501
       249    29.583     0.120     0.000     0.251    -2.057    10.234    29.583  1023.935  3380.355    31.234    10.639     0.020    14.791
       250    30.174     0.122     0.000     0.254    -2.058    10.364    30.174  1023.933  3314.067    31.232    10.639     0.020    15.087
       251    30.778     0.123     0.000     0.257    -2.059    10.496    30.778  1023.931  3249.079    31.229    10.639     0.020    15.389
       252    31.394     0.124     0.000     0.260    -2.061    10.629    31.394  1023.929  3185.365    31.227    10.640     0.020    15.697
       253    32.022     0.126     0.000     0.263    -2.062    10.765    32.022  1023.927  3122.901    31.224    10.640     0.020    16.011
       254    32.662     0.127     0.000     0.265    -2.063    10.903    32.662  1023.926  3061.663    31.222    10.640     0.020    16.331
       255    33.315     0.128     0.000     0.268    -2.064    11.042    33.315  1023.924  3001.625    31.220    10.640     0.020    16.658
       256    33.982     0.130     0.000     0.271    -2.065    11.183    33.982  1023.922  2942.764    31.218    10.640     0.020    16.991
       257    34.661     0.131     0.000     0.274    -2.066    11.327    34.661  1023.920  2885.058    31.215    10.641     0.020    17.331
       258    35.355     0.133     0.000     0.277    -2.068    11.472    35.355  1023.919  2828.484    31.213    10.641     0.020    17.677
       259    36.062     0.134     0.000     0.280    -2.069    11.619    36.062  1023.917  2773.019    31.211    10.641     0.020    18.031
       260    36.783     0.135     0.000     0.284    -2.070    11.769    36.783  1023.915  2718.642    31.209    10.641     0.020    18.392
       261    37.519     0.137     0.000     0.287    -2.071    11.920    37.519  1023.914  2665.331    31.207    10.641     0.020    18.759
       262    38.269     0.138     0.000     0.290    -2.072    12.074    38.269  1023.912  2613.065    31.205    10.641     0.020    19.135
       263    39.035     0.140     0.000     0.293    -2.074    12.230    39.035  1023.911  2561.825    31.203    10.641     0.020    19.517
       264    39.815     0.141     0.000     0.296    -2.075    12.388    39.815  1023.909  2511.590    31.201    10.642     0.020    19.908
       265    40.612     0.143     0.000     0.300    -2.076    12.549    40.612  1023.908  2462.339    31.200    10.642     0.020    20.306
       266    41.424     0.144     0.000     0.303    -2.078    12.712    41.424  1023.906  2414.055    31.198    10.642     0.020    20.712
       267    42.253     0.146     0.000     0.306    -2.079    12.877    42.253  1023.905  2366.717    31.196    10.642     0.020    21.126
       268    43.098     0.147     0.000     0.310    -2.080    13.044    43.098  1023.904  2320.308    31.194    10.642     0.020    21.549
       269    43.960     0.149     0.000     0.313    -2.081    13.214    43.960  1023.902  2274.809    31.193    10.642     0.020    21.980
       270    44.839     0.151     0.000     0.317    -2.083    13.386    44.839  1023.901  2230.202    31.191    10.642     0.020    22.419
       271    45.736     0.152     0.000     0.321    -2.084    13.561    45.736  1023.900  2186.470    31.189    10.642     0.020    22.868
       272    46.651     0.154     0.000     0.324    -2.085    13.739    46.651  1023.898  2143.595    31.188    10.642     0.020    23.325
       273    47.584     0.155     0.000     0.328    -2.087    13.919    47.584  1023.897  2101.561    31.186    10.642     0.020    23.792
       274    48.535     0.157     0.000     0.332    -2.088    14.101    48.535  1023.896  2060.352    31.185    10.642     0.020    24.268
       275    49.506     0.159     0.000     0.336    -2.090    14.287    49.506  1023.895  2019.950    31.183    10.642     0.020    24.753
       276    50.496     0.160     0.000     0.339    -2.091    14.475    50.496  1023.894  1980.341    31.182    10.642     0.020    25.248
       277    51.506     0.162     0.000     0.343    -2.092    14.666    51.506  1023.893  1941.509    31.180    10.642     0.020    25.753
       278    52.537     0.164     0.000     0.347    -2.094    14.859    52.537  1023.892  1903.438    31.179    10.642     0.020    26.268
       279    53.587     0.165     0.000     0.351    -2.095    15.056    53.587  1023.890  1866.114    31.177    10.642     0.020    26.794
       280    54.659     0.167     0.000     0.355    -2.097    15.255    54.659  1023.889  1829.522    31.176    10.642     0.020    27.330
       281    55.752     0.169     0.000     0.360    -2.098    15.458    55.752  1023.888  1793.647    31.175    10.642     0.020    27.876
       282    56.867     0.171     0.000     0.364    -2.100    15.663    56.867  1023.887  1758.476    31.174    10.642     0.020    28.434
       283    58.005     0.173     0.000     0.368    -2.101    15.872    58.005  1023.886  1723.994    31.172    10.642     0.020    29.002
       284    59.165     0.174     0.000     0.372    -2.103    16.084    59.165  1023.886  1690.189    31.171    10.642     0.020    29.582
       285    60.348     0.176     0.000     0.377    -2.104    16.299    60.348  1023.885  1657.046    31.170    10.642     0.020    30.174
       286    61.555     0.178     0.000     0.381    -2.106    16.517    61.555  1023.884  1624.554    31.169    10.642     0.020    30.778
       287    62.787     0.180     0.000     0.386    -2.107    16.738    62.787  1023.883  1592.698    31.168    10.642     0.020    31.393
       288    64.042     0.182     0.000     0.390    -2.109    16.963    64.042  1023.882  1561.468    31.166    10.642     0.020    32.021
       289    65.323     0.184     0.000     0.395    -2.110    17.191    65.323  1023.881  1530.849    31.165    10.642     0.020    32.662
       290    66.630     0.186     0.000     0.400    -2.112    17.423    66.630  1023.880  1500.832    31.164    10.642     0.020    33.315
       291    67.962     0.188     0.000     0.405    -2.114    17.658    67.962  1023.880  1471.402    31.163    10.642     0.020    33.981
       292    69.322     0.190     0.000     0.410    -2.115    17.897    69.322  1023.879  1442.550    31.162    10.642     0.020    34.661
       293    70.708     0.192     0.000     0.414    -2.117    18.140    70.708  1023.878  1414.264    31.161    10.641     0.020    35.354
       294    72.122     0.194     0.000     0.420    -2.118    18.386    72.122  1023.877  1386.532    31.160    10.641     0.020    36.061
       295    73.565     0.196     0.000     0.425    -2.120    18.636    73.565  1023.877  1359.344    31.159    10.641     0.020    36.782
       296    75.036     0.198     0.000     0.430    -2.122    18.890    75.036  1023.876  1332.690    31.158    10.641     0.020    37.518
       297    76.537     0.200     0.000     0.435    -2.123    19.148    76.537  1023.875  1306.558    31.157    10.641     0.020    38.268
       298    78.068     0.202     0.000     0.440    -2.125    19.410    78.068  1023.874  1280.938    31.157    10.641     0.020    39.034
       299    79.629     0.204     0.000     0.446    -2.127    19.676    79.629  1023.874  1255.821    31.156    10.641     0.020    39.815
       300    81.222     0.206     0.000     0.451    -2.129    19.947    81.222  1023.873  1231.196    31.155    10.641     0.020    40.611
       301    82.846     0.208     0.000     0.457    -2.130    20.221    82.846  1023.873  1207.054    31.154    10.640     0.020    41.423
       302    84.503     0.210     0.000     0.463    -2.132    20.500    84.503  1023.872  1183.386    31.153    10.640     0.020    42.252
       303    86.193     0.213     0.000     0.468    -2.134    20.784    86.193  1023.871  1160.182    31.152    10.640     0.020    43.097
       304    87.917     0.215     0.000     0.474    -2.136    21.072    87.917  1023.871  1137.432    31.152    10.640     0.020    43.959
       305    89.676     0.217     0.000     0.480    -2.137    21.364    89.676  1023.870  1115.129    31.151    10.640     0.020    44.838
       306    91.469     0.219     0.000     0.486    -2.139    21.661    91.469  1023.870  1093.263    31.150    10.640     0.020    45.735
       307    93.299     0.221     0.000     0.492    -2.141    21.963    93.299  1023.869  1071.826    31.149    10.639     0.020    46.649
       308    95.165     0.224     0.000     0.499    -2.143    22.270    95.165  1023.869  1050.809    31.149    10.639     0.020    47.582
       309    97.068     0.226     0.000     0.505    -2.145    22.582    97.068  1023.868  1030.205    31.148    10.639     0.020    48.534
       310    99.009     0.228     0.000     0.511    -2.147    22.899    99.009  1023.868  1010.004    31.147    10.639     0.020    49.505
       311   100.990     0.231     0.000     0.518    -2.149    23.222   100.990  1023.867   990.200    31.147    10.639     0.020    50.495
       312   103.010     0.233     0.000     0.524    -2.150    23.549   103.010  1023.867   970.784    31.146    10.638     0.020    51.505
       313   105.070     0.236     0.000     0.531    -2.152    23.882   105.070  1023.866   951.748    31.146    10.638     0.020    52.535
       314   107.171     0.238     0.000     0.538    -2.154    24.221   107.171  1023.866   933.086    31.145    10.638     0.020    53.586
       315   109.315     0.241     0.000     0.545    -2.156    24.565   109.315  1023.866   914.790    31.144    10.638     0.020    54.657
       316   111.501     0.243     0.000     0.552    -2.158    24.915   111.501  1023.865   896.853    31.144    10.637     0.020    55.751
       317   113.731     0.246     0.000     0.559    -2.160    25.271   113.731  1023.865   879.267    31.143    10.637     0.020    56.866
       318   116.006     0.248     0.000     0.567    -2.162    25.632   116.006  1023.864   862.026    31.143    10.637     0.020    58.003
       319   118.326     0.251     0.000     0.574    -2.164    26.000   118.326  1023.864   845.123    31.142    10.637     0.020    59.163
       320   120.692     0.253     0.000     0.582    -2.166    26.375   120.692  1023.864   828.552    31.142    10.636     0.020    60.346
       321   123.106     0.256     0.000     0.589    -2.169    26.756   123.106  1023.863   812.306    31.141    10.636     0.020    61.553
       322   125.569     0.259     0.000     0.597    -2.171    27.143   125.569  1023.863   796.378    31.141    10.636     0.020    62.784
       323   128.080     0.261     0.000     0.605    -2.173    27.537   128.080  1023.863   780.762    31.140    10.636     0.020    64.040
       324   130.642     0.264     0.000     0.613    -2.175    27.938   130.642  1023.862   765.453    31.140    10.635     0.020    65.321
       325   133.254     0.267     0.000     0.622    -2.177    28.346   133.254  1023.862   750.444    31.139    10.635     0.020    66.627
       326   135.920     0.269     0.000     0.630    -2.179    28.762   135.920  1023.862   735.729    31.139    10.635     0.020    67.960
       327   138.638     0.272     0.000     0.639    -2.181    29.184   138.638  1023.862   721.303    31.138    10.634     0.020    69.319
       328   141.411     0.275     0.000     0.647    -2.184    29.615   141.411  1023.861   707.159    31.138    10.634     0.020    70.705
       329   144.239     0.278     0.000     0.656    -2.186    30.053   144.239  1023.861   693.293    31.138    10.634     0.020    72.120
       330   147.124     0.281     0.000     0.665    -2.188    30.499   147.124  1023.861   679.699    31.137    10.634     0.020    73.562
       331   150.066     0.284     0.000     0.674    -2.190    30.954   150.066  1023.861   666.372    31.137    10.633     0.020    75.033
       332   153.068     0.287     0.000     0.684    -2.193    31.417   153.068  1023.860   653.305    31.137    10.633     0.020    76.534
       333   156.129     0.290     0.000     0.693    -2.195    31.888   156.129  1023.860   640.495    31.136    10.633     0.020    78.065
       334   159.252     0.293     0.000     0.703    -2.197    32.369   159.252  1023.860   627.937    31.136    10.632     0.020    79.626
       335   162.437     0.296     0.000     0.713    -2.200    32.858   162.437  1023.860   615.624    31.136    10.632     0.020    81.218
       336   165.686     0.299     0.000     0.723    -2.202    33.358   165.686  1023.860   603.553    31.135    10.632     0.020    82.843
       337   168.999     0.302     0.000     0.733    -2.204    33.866   168.999  1023.859   591.718    31.135    10.631     0.020    84.500
       338   172.379     0.305     0.000     0.744    -2.207    34.385   172.379  1023.859   580.116    31.135    10.631     0.020    86.190
       339   175.827     0.308     0.000     0.754    -2.209    34.914   175.827  1023.859   568.741    31.134    10.630     0.020    87.913
       340   179.344     0.311     0.000     0.765    -2.212    35.454   179.344  1023.859   557.589    31.134    10.630     0.020    89.672
       341   182.930     0.314     0.000     0.776    -2.214    36.004   182.930  1023.859   546.656    31.134    10.630     0.020    91.465
       342   186.589     0.318     0.000     0.787    -2.216    36.566   186.589  1023.859   535.937    31.134    10.629     0.020    93.295
       343   190.321     0.321     0.000     0.799    -2.219    37.139   190.321  1023.859   525.428    31.133    10.629     0.020    95.160
       344   194.127     0.324     0.000     0.811    -2.221    37.725   194.127  1023.858   515.126    31.133    10.629     0.020    97.064
       345   198.010     0.327     0.000     0.823    -2.224    38.323   198.010  1023.858   505.025    31.133    10.628     0.020    99.005
       346   201.970     0.331     0.000     0.835    -2.227    38.933   201.970  1023.858   495.123    31.133    10.628     0.020   100.985
       347   206.009     0.334     0.000     0.848    -2.229    39.557   206.009  1023.858   485.415    31.133    10.627     0.020   103.005
       348   210.130     0.338     0.000     0.861    -2.232    40.195   210.130  1023.858   475.897    31.132    10.627     0.020   105.065
       349   214.332     0.341     0.000     0.874    -2.234    40.848   214.332  1023.858   466.565    31.132    10.626     0.020   107.166
       350   218.619     0.345     0.000     0.887    -2.237    41.515   218.619  1023.858   457.417    31.132    10.626     0.020   109.309
       351   222.991     0.348     0.000     0.901    -2.240    42.198   222.991  1023.858   448.448    31.132    10.626     0.020   111.496
       352   227.451     0.352     0.000     0.915    -2.242    42.897   227.451  1023.858   439.655    31.132    10.625     0.020   113.726
       353   232.000     0.355     0.000     0.929    -2.245    43.613   232.000  1023.858   431.034    31.131    10.625     0.020   116.000
       354   236.640     0.359     0.000     0.944    -2.248    44.347   236.640  1023.858   422.582    31.131    10.624     0.020   118.320
       355   241.373     0.363     0.000     0.959    -2.251    45.099   241.373  1023.858   414.296    31.131    10.624     0.020   120.687
       356   246.201     0.366     0.000     0.975    -2.253    45.870   246.201  1023.858   406.173    31.131    10.623     0.020   123.100
       357   251.125     0.370     0.000     0.991    -2.256    46.661   251.125  1023.858   398.209    31.131    10.623     0.020   125.562
       358   256.147     0.374     0.000     1.007    -2.259    47.474   256.147  1023.858   390.401    31.131    10.622     0.020   128.074
---------------------------- Plume traps -----------------------------
       359   261.270     0.378     0.000     1.024    -2.262    48.309   261.270  1023.858   382.746    31.131    10.622     0.020   130.635
       360   266.495     0.382     0.000     1.041    -2.265    49.168   266.495  1023.858   375.241    31.131    10.622     0.020   133.248
       361   271.825     0.386     0.000     1.059    -2.268    50.052   271.825  1023.858   367.883    31.131    10.621     0.020   135.913
       362   277.262     0.390     0.000     1.077    -2.271    50.962   277.262  1023.858   360.670    31.130    10.621     0.020   138.631
       363   282.807     0.394     0.000     1.096    -2.273    51.901   282.807  1023.858   353.598    31.130    10.620     0.020   141.404
       364   288.463     0.398     0.000     1.116    -2.276    52.869   288.463  1023.858   346.665    31.130    10.620     0.020   144.232
       365   294.232     0.402     0.000     1.136    -2.279    53.870   294.232  1023.858   339.867    31.130    10.619     0.020   147.116
       366   300.117     0.406     0.000     1.156    -2.282    54.904   300.117  1023.858   333.203    31.130    10.619     0.020   150.059
       367   306.119     0.410     0.000     1.178    -2.285    55.976   306.119  1023.858   326.670    31.130    10.618     0.020   153.060
       368   312.242     0.414     0.000     1.200    -2.288    57.087   312.242  1023.858   320.265    31.130    10.617     0.020   156.121
       369   318.487     0.419     0.000     1.224    -2.291    58.242   318.487  1023.858   313.985    31.130    10.617     0.020   159.243
       370   324.856     0.423     0.000     1.248    -2.294    59.444   324.856  1023.858   307.828    31.130    10.616     0.020   162.428
       371   331.353     0.427     0.000     1.273    -2.297    60.698   331.353  1023.858   301.793    31.130    10.616     0.020   165.677
       372   337.980     0.432     0.000     1.299    -2.300    62.008   337.980  1023.858   295.875    31.130    10.615     0.020   168.990
       373   344.740     0.436     0.000     1.327    -2.304    63.383   344.740  1023.858   290.074    31.130    10.615     0.020   172.370
       374   351.635     0.441     0.000     1.356    -2.307    64.829   351.635  1023.858   284.386    31.130    10.614     0.020   175.817
       375   358.667     0.445     0.000     1.386    -2.310    66.356   358.667  1023.859   278.810    31.130    10.614     0.020   179.334
       376   365.841     0.450     0.000     1.419    -2.313    67.975   365.841  1023.859   273.343    31.130    10.613     0.020   182.920
       377   373.157     0.454     0.000     1.454    -2.316    69.703   373.157  1023.859   267.983    31.130    10.613     0.020   186.579
       378   380.621     0.459     0.000     1.491    -2.319    71.557   380.621  1023.859   262.729    31.130    10.612     0.020   190.310
       379   387.907     0.464     0.000     1.530    -2.322    73.480   387.907  1023.859   257.794    31.130    10.611     0.020   193.953
       380   394.727     0.468     0.000     1.568    -2.324    75.407   394.727  1023.859   253.340    31.130    10.611     0.020   197.363
       381   401.035     0.472     0.000     1.607    -2.327    77.334   401.035  1023.859   249.355    31.130    10.610     0.020   200.518
       382   406.801     0.475     0.000     1.646    -2.329    79.259   406.801  1023.859   245.820    31.130    10.610     0.020   203.400
       383   412.007     0.478     0.000     1.684    -2.330    81.182   412.007  1023.859   242.714    31.130    10.610     0.020   206.004
       384   416.640     0.481     0.000     1.723    -2.332    83.104   416.640  1023.859   240.015    31.130    10.609     0.020   208.320
       385   420.689     0.483     0.000     1.761    -2.333    85.025   420.689  1023.860   237.705    31.130    10.609     0.020   210.344
       386   424.143     0.485     0.000     1.800    -2.334    86.945   424.143  1023.860   235.769    31.130    10.609     0.020   212.072
       387   426.996     0.487     0.000     1.838    -2.335    88.864   426.996  1023.860   234.194    31.130    10.609     0.020   213.498
       388   429.239     0.488     0.000     1.877    -2.335    90.784   429.239  1023.860   232.971    31.130    10.608     0.020   214.619
       389   430.867     0.489     0.000     1.915    -2.335    92.703   430.867  1023.860   232.090    31.130    10.608     0.020   215.434
---------------------- Local maximum rise or fall --------------------
       390   431.879     0.490     0.000     1.954    -2.335    94.623   431.879  1023.860   231.546    31.130    10.608     0.020   215.939
       391   432.564     0.490     0.000     1.992    -2.335    96.543   432.564  1023.860   231.180    31.130    10.608     0.020   216.282
       392   433.375     0.491     0.000     2.031    -2.334    98.465   433.375  1023.860   230.747    31.130    10.608     0.020   216.688
       393   434.547     0.491     0.000     2.070    -2.333   100.400   434.547  1023.860   230.125    31.130    10.608     0.020   217.274
       394   436.211     0.492     0.000     2.109    -2.332   102.361   436.211  1023.860   229.247    31.130    10.608     0.020   218.106
       395   438.459     0.494     0.000     2.149    -2.330   104.364   438.459  1023.860   228.072    31.130    10.608     0.020   219.229
       396   441.372     0.495     0.000     2.191    -2.328   106.431   441.372  1023.860   226.566    31.130    10.608     0.020   220.686
       397   445.047     0.497     0.000     2.234    -2.326   108.585   445.047  1023.860   224.695    31.130    10.607     0.020   222.523
       398   449.607     0.500     0.000     2.280    -2.324   110.856   449.607  1023.860   222.416    31.131    10.607     0.020   224.804
       399   455.226     0.503     0.000     2.328    -2.320   113.285   455.226  1023.860   219.671    31.131    10.607     0.020   227.613
       400   462.155     0.506     0.000     2.381    -2.317   115.927   462.155  1023.860   216.377    31.131    10.606     0.020   231.078
       401   470.786     0.511     0.000     2.440    -2.312   118.866   470.786  1023.860   212.411    31.131    10.606     0.020   235.393
       402   480.202     0.516     0.000     2.498    -2.307   121.759   480.202  1023.860   208.246    31.131    10.605     0.020   240.101
       403   489.806     0.521     0.000     2.553    -2.303   124.466   489.806  1023.860   204.162    31.131    10.605     0.020   244.903
       404   499.602     0.526     0.000     2.604    -2.298   127.041   499.602  1023.861   200.159    31.131    10.605     0.020   249.801
       405   509.594     0.531     0.000     2.654    -2.294   129.527   509.594  1023.861   196.235    31.131    10.604     0.020   254.797
       406   519.786     0.537     0.000     2.703    -2.289   131.956   519.786  1023.861   192.387    31.131    10.604     0.020   259.893
       407   530.182     0.542     0.000     2.751    -2.285   134.356   530.182  1023.861   188.615    31.131    10.604     0.020   265.091
       408   540.785     0.547     0.000     2.799    -2.281   136.748   540.785  1023.861   184.916    31.131    10.603     0.020   270.393
       409   551.601     0.553     0.000     2.847    -2.276   139.154   551.601  1023.861   181.290    31.131    10.603     0.020   275.800
---------------------------- Plume traps -----------------------------
       410   562.633     0.558     0.000     2.896    -2.272   141.590   562.633  1023.861   177.736    31.130    10.603     0.020   281.316
-------------------- Starting Farfield Calculations --------------------
Note: Plumes not merged, Brooks method may be overly conservative
Farfield dispersion based on wastefield width of :      48.56 (m)
Linearly Varying Eddy Diffusivity is used:
  Dilution     Width  Distance      Time    Bckgrd     Conc.
        ()       (m)       (m)    (hrs.)    (mg/L)    (mg/L)
   562.633    48.572     2.896     0.000     0.000   177.736
   562.633    48.640     3.000     0.002     0.000   178.276
   562.633    49.296     4.000     0.016     0.000   178.276
   562.633    49.953     5.000     0.029     0.000   178.276
   562.633    50.610     6.000     0.043     0.000   178.276
   562.633    51.267     7.000     0.057     0.000   178.276
   562.636    51.923     8.000     0.071     0.000   178.276
   562.650    52.580     9.000     0.085     0.000   178.272
   562.698    53.237    10.000     0.099     0.000   178.272
   562.814    53.893    11.000     0.113     0.000   178.272
   563.035    54.550    12.000     0.127     0.000   178.160
   563.401    55.207    13.000     0.141     0.000   178.160
   563.944    55.863    14.000     0.154     0.000   178.160
   564.688    56.520    15.000     0.168     0.000   177.661
   565.650    57.177    16.000     0.182     0.000   177.661
   566.839    57.833    17.000     0.196     0.000   177.661
   568.257    58.490    18.000     0.210     0.000   176.574
   569.902    59.147    19.000     0.224     0.000   176.574
   571.770    59.804    20.000     0.238     0.000   176.574
   573.851    60.460    21.000     0.252     0.000   174.880
   576.137    61.117    22.000     0.266     0.000   174.880
   578.616    61.774    23.000     0.279     0.000   174.880
   581.278    62.430    24.000     0.293     0.000   172.670
   584.111    63.087    25.000     0.307     0.000   172.670
   587.106    63.744    26.000     0.321     0.000   172.670
   590.250    64.400    27.000     0.335     0.000   170.064
   593.536    65.057    28.000     0.349     0.000   170.064
   596.952    65.714    29.000     0.363     0.000   170.064
   600.490    66.370    30.000     0.377     0.000   167.179
   604.141    67.027    31.000     0.391     0.000   167.179
   607.898    67.684    32.000     0.404     0.000   167.179
   611.754    68.341    33.000     0.418     0.000   164.111
   615.702    68.997    34.000     0.432     0.000   164.111
   619.735    69.654    35.000     0.446     0.000   164.111
   623.848    70.311    36.000     0.460     0.000   160.937
   628.035    70.967    37.000     0.474     0.000   160.937
   632.292    71.624    38.000     0.488     0.000   160.937
   636.614    72.281    39.000     0.502     0.000   157.715
   640.997    72.937    40.000     0.516     0.000   157.715
   645.436    73.594    41.000     0.529     0.000   157.715
   649.929    74.251    42.000     0.543     0.000   154.488
   654.471    74.907    43.000     0.557     0.000   154.488
   659.061    75.564    44.000     0.571     0.000   154.488
   663.694    76.221    45.000     0.585     0.000   151.285
   668.368    76.877    46.000     0.599     0.000   151.285
   673.082    77.534    47.000     0.613     0.000   151.285
   677.831    78.191    48.000     0.627     0.000   148.131
   682.615    78.848    49.000     0.641     0.000   148.131
   687.431    79.504    50.000     0.654     0.000   148.131
   692.278    80.161    51.000     0.668     0.000   145.039
   697.154    80.818    52.000     0.682     0.000   145.039
   702.057    81.474    53.000     0.696     0.000   145.039
   706.985    82.131    54.000     0.710     0.000   142.022
   711.938    82.788    55.000     0.724     0.000   142.022
   716.914    83.444    56.000     0.738     0.000   142.022
   721.911    84.101    57.000     0.752     0.000   139.084
   726.929    84.758    58.000     0.766     0.000   139.084
   731.967    85.414    59.000     0.779     0.000   139.084
   737.023    86.071    60.000     0.793     0.000   136.231
   742.097    86.728    61.000     0.807     0.000   136.231
   747.188    87.385    62.000     0.821     0.000   136.231
   752.294    88.041    63.000     0.835     0.000   133.464
   757.416    88.698    64.000     0.849     0.000   133.464
   762.551    89.355    65.000     0.863     0.000   133.464
   767.701    90.011    66.000     0.877     0.000   130.783
   772.864    90.668    67.000     0.891     0.000   130.783
   778.039    91.325    68.000     0.904     0.000   130.783
   783.226    91.981    69.000     0.918     0.000   128.189
   788.424    92.638    70.000     0.932     0.000   128.189
   793.633    93.295    71.000     0.946     0.000   128.189
   798.853    93.951    72.000     0.960     0.000   125.679
   804.082    94.608    73.000     0.974     0.000   125.679
   809.321    95.265    74.000     0.988     0.000   125.679
   814.568    95.922    75.000     1.002     0.000   123.252
   819.825    96.578    76.000     1.016     0.000   123.252
   825.089    97.235    77.000     1.029     0.000   123.252
   830.362    97.892    78.000     1.043     0.000   120.906
   835.642    98.548    79.000     1.057     0.000   120.906
   840.929    99.205    80.000     1.071     0.000   120.906
   846.223    99.862    81.000     1.085     0.000   118.637
   851.524   100.518    82.000     1.099     0.000   118.637
   856.832   101.175    83.000     1.113     0.000   118.637
   862.145   101.832    84.000     1.127     0.000   116.444
   867.465   102.488    85.000     1.141     0.000   116.444
   872.790   103.145    86.000     1.154     0.000   116.444
   878.120   103.802    87.000     1.168     0.000   114.324
   883.456   104.458    88.000     1.182     0.000   114.324
   888.797   105.115    89.000     1.196     0.000   114.324
   894.143   105.772    90.000     1.210     0.000   112.273
   899.493   106.429    91.000     1.224     0.000   112.273
   904.848   107.085    92.000     1.238     0.000   112.273
   910.207   107.742    93.000     1.252     0.000   110.290
   915.571   108.399    94.000     1.266     0.000   110.290
   920.938   109.055    95.000     1.279     0.000   110.290
   926.309   109.712    96.000     1.293     0.000   108.370
   931.684   110.369    97.000     1.307     0.000   108.370
   937.063   111.025    98.000     1.321     0.000   108.370
   942.445   111.682    99.000     1.335     0.000   106.513
   947.831   112.339   100.000     1.349     0.000   106.513
   953.219   112.995   101.000     1.363     0.000   106.513
   958.611   113.652   102.000     1.377     0.000   104.715
   964.006   114.309   103.000     1.391     0.000   104.715
   969.404   114.966   104.000     1.404     0.000   104.715
   974.804   115.622   105.000     1.418     0.000   102.974
   980.208   116.279   106.000     1.432     0.000   102.974
   985.614   116.936   107.000     1.446     0.000   102.974
   991.022   117.592   108.000     1.460     0.000   101.287
   996.433   118.249   109.000     1.474     0.000   101.287
  1001.847   118.906   110.000     1.488     0.000   101.287
  1007.262   119.562   111.000     1.502     0.000    99.652
  1012.680   120.219   112.000     1.516     0.000    99.652
  1018.101   120.876   113.000     1.529     0.000    99.652
  1023.523   121.532   114.000     1.543     0.000    98.067
  1028.947   122.189   115.000     1.557     0.000    98.067
  1034.373   122.846   116.000     1.571     0.000    98.067
  1039.801   123.503   117.000     1.585     0.000    96.531
  1045.232   124.159   118.000     1.599     0.000    96.531
  1050.663   124.816   119.000     1.613     0.000    96.531
  1056.097   125.473   120.000     1.627     0.000    95.040
  1061.532   126.129   121.000     1.641     0.000    95.040
  1066.969   126.786   122.000     1.654     0.000    95.040
  1072.407   127.443   123.000     1.668     0.000    93.593
  1077.848   128.099   124.000     1.682     0.000    93.593
  1083.289   128.756   125.000     1.696     0.000    93.593
  1088.732   129.413   126.000     1.710     0.000    92.188
  1094.176   130.069   127.000     1.724     0.000    92.188
  1099.622   130.726   128.000     1.738     0.000    92.188
  1105.069   131.383   129.000     1.752     0.000    90.824
  1110.518   132.039   130.000     1.766     0.000    90.824
  1115.967   132.696   131.000     1.779     0.000    90.824
  1121.418   133.353   132.000     1.793     0.000    89.498
  1126.870   134.010   133.000     1.807     0.000    89.498
  1132.324   134.666   134.000     1.821     0.000    89.498
  1137.778   135.323   135.000     1.835     0.000    88.210
  1143.234   135.980   136.000     1.849     0.000    88.210
  1148.690   136.636   137.000     1.863     0.000    88.210
  1154.148   137.293   138.000     1.877     0.000    86.958
  1159.606   137.950   139.000     1.891     0.000    86.958
  1165.066   138.606   140.000     1.904     0.000    86.958
  1170.526   139.263   141.000     1.918     0.000    85.740
  1175.988   139.920   142.000     1.932     0.000    85.740
  1181.450   140.576   143.000     1.946     0.000    85.740
  1186.913   141.233   144.000     1.960     0.000    84.555
  1192.378   141.890   145.000     1.974     0.000    84.555
  1197.843   142.547   146.000     1.988     0.000    84.555
  1203.308   143.203   147.000     2.002     0.000    83.402
  1208.775   143.860   148.000     2.016     0.000    83.402
  1214.242   144.517   149.000     2.029     0.000    83.402
  1219.710   145.173   150.000     2.043     0.000    82.279
  1225.179   145.830   151.000     2.057     0.000    82.279
  1230.649   146.487   152.000     2.071     0.000    82.279
  1236.119   147.143   153.000     2.085     0.000    81.186
  1241.590   147.800   154.000     2.099     0.000    81.186
  1247.062   148.457   155.000     2.113     0.000    81.186
  1252.534   149.113   156.000     2.127     0.000    80.121
  1258.007   149.770   157.000     2.141     0.000    80.121
  1263.481   150.427   158.000     2.154     0.000    80.121
  1268.955   151.083   159.000     2.168     0.000    79.084
  1274.430   151.740   160.000     2.182     0.000    79.084
  1279.905   152.397   161.000     2.196     0.000    79.084
  1285.381   153.054   162.000     2.210     0.000    78.072
  1290.857   153.710   163.000     2.224     0.000    78.072
  1296.334   154.367   164.000     2.238     0.000    78.072
  1301.812   155.024   165.000     2.252     0.000    77.086
  1307.290   155.680   166.000     2.266     0.000    77.086
  1312.768   156.337   167.000     2.279     0.000    77.086
  1318.247   156.994   168.000     2.293     0.000    76.124
  1323.727   157.650   169.000     2.307     0.000    76.124
  1329.207   158.307   170.000     2.321     0.000    76.124
  1334.687   158.964   171.000     2.335     0.000    75.185
  1340.168   159.620   172.000     2.349     0.000    75.185
  1345.650   160.277   173.000     2.363     0.000    75.185
  1351.131   160.934   174.000     2.377     0.000    74.270
  1356.613   161.591   175.000     2.391     0.000    74.270
  1362.096   162.247   176.000     2.404     0.000    74.270
  1367.579   162.904   177.000     2.418     0.000    73.376
  1373.062   163.561   178.000     2.432     0.000    73.376
  1378.546   164.217   179.000     2.446     0.000    73.376
  1384.030   164.874   180.000     2.460     0.000    72.503
  1389.515   165.531   181.000     2.474     0.000    72.503
  1395.000   166.187   182.000     2.488     0.000    72.503
  1400.485   166.844   183.000     2.502     0.000    71.650
  1405.970   167.501   184.000     2.516     0.000    71.650
  1411.456   168.157   185.000     2.529     0.000    71.650
  1416.943   168.814   186.000     2.543     0.000    70.817
  1422.429   169.471   187.000     2.557     0.000    70.817
  1427.916   170.128   188.000     2.571     0.000    70.817
  1433.403   170.784   189.000     2.585     0.000    70.003
  1438.891   171.441   190.000     2.599     0.000    70.003
  1444.378   172.098   191.000     2.613     0.000    70.003
  1449.866   172.754   192.000     2.627     0.000    69.208
  1455.355   173.411   193.000     2.641     0.000    69.208
  1460.843   174.068   194.000     2.654     0.000    69.208
  1466.332   174.724   195.000     2.668     0.000    68.430
  1471.822   175.381   196.000     2.682     0.000    68.430
  1477.311   176.038   197.000     2.696     0.000    68.430
  1482.801   176.694   198.000     2.710     0.000    67.669
  1488.291   177.351   199.000     2.724     0.000    67.669
  1493.781   178.008   200.000     2.738     0.000    67.669
  1499.271   178.664   201.000     2.752     0.000    66.925
  1504.762   179.321   202.000     2.766     0.000    66.925
  1510.253   179.978   203.000     2.779     0.000    66.925
  1515.744   180.635   204.000     2.793     0.000    66.198
  1521.235   181.291   205.000     2.807     0.000    66.198
  1526.727   181.948   206.000     2.821     0.000    66.198
............................. Reached Chronic Mixing Zone ..........................
  1532.219   182.605   207.000     2.835     0.000    65.485
  1537.711   183.261   208.000     2.849     0.000    65.485
  1543.203   183.918   209.000     2.863     0.000    65.485
  1548.695   184.575   210.000     2.877     0.000    64.788
  1554.188   185.231   211.000     2.891     0.000    64.788
  1559.681   185.888   212.000     2.904     0.000    64.788
  1565.174   186.545   213.000     2.918     0.000    64.105
  1570.667   187.201   214.000     2.932     0.000    64.105
  1576.160   187.858   215.000     2.946     0.000    64.105
  1581.654   188.515   216.000     2.960     0.000    63.437
  1587.148   189.172   217.000     2.974     0.000    63.437
  1592.642   189.828   218.000     2.988     0.000    63.437
  1598.136   190.485   219.000     3.002     0.000    62.782
  1603.630   191.142   220.000     3.016     0.000    62.782
  1609.124   191.798   221.000     3.029     0.000    62.782
  1614.619   192.455   222.000     3.043     0.000    62.141
  1620.114   193.112   223.000     3.057     0.000    62.141
  1625.609   193.768   224.000     3.071     0.000    62.141
  1631.104   194.425   225.000     3.085     0.000    61.512
  1636.599   195.082   226.000     3.099     0.000    61.512
  1642.094   195.738   227.000     3.113     0.000    61.512
  1647.590   196.395   228.000     3.127     0.000    60.896
  1653.085   197.052   229.000     3.141     0.000    60.896
  1658.581   197.709   230.000     3.154     0.000    60.896
  1664.077   198.365   231.000     3.168     0.000    60.293
  1669.573   199.022   232.000     3.182     0.000    60.293
  1675.069   199.679   233.000     3.196     0.000    60.293
  1680.566   200.335   234.000     3.210     0.000    59.701
  1686.062   200.992   235.000     3.224     0.000    59.701
  1691.559   201.649   236.000     3.238     0.000    59.701
  1697.056   202.305   237.000     3.252     0.000    59.120
  1702.552   202.962   238.000     3.266     0.000    59.120
  1708.049   203.619   239.000     3.279     0.000    59.120
  1713.546   204.275   240.000     3.293     0.000    58.551
  1719.044   204.932   241.000     3.307     0.000    58.551
  1724.541   205.589   242.000     3.321     0.000    58.551
  1730.038   206.245   243.000     3.335     0.000    57.992
  1735.536   206.902   244.000     3.349     0.000    57.992
  1741.034   207.559   245.000     3.363     0.000    57.992
  1746.531   208.216   246.000     3.377     0.000    57.444
  1752.029   208.872   247.000     3.391     0.000    57.444
  1757.527   209.529   248.000     3.404     0.000    57.444
  1763.025   210.186   249.000     3.418     0.000    56.906
  1768.523   210.842   250.000     3.432     0.000    56.906
  1774.022   211.499   251.000     3.446     0.000    56.906
  1779.520   212.156   252.000     3.460     0.000    56.379
  1785.018   212.812   253.000     3.474     0.000    56.379
  1790.517   213.469   254.000     3.488     0.000    56.379
  1796.016   214.126   255.000     3.502     0.000    55.860
  1801.514   214.782   256.000     3.516     0.000    55.860
  1807.013   215.439   257.000     3.529     0.000    55.860
  1812.512   216.096   258.000     3.543     0.000    55.352
  1818.011   216.753   259.000     3.557     0.000    55.352
  1823.510   217.409   260.000     3.571     0.000    55.352
  1829.009   218.066   261.000     3.585     0.000    54.852
  1834.509   218.723   262.000     3.599     0.000    54.852
  1840.008   219.379   263.000     3.613     0.000    54.852
  1845.507   220.036   264.000     3.627     0.000    54.361
  1851.007   220.693   265.000     3.641     0.000    54.361
  1856.506   221.349   266.000     3.654     0.000    54.361
  1862.006   222.006   267.000     3.668     0.000    53.879
  1867.506   222.663   268.000     3.682     0.000    53.879
  1873.006   223.319   269.000     3.696     0.000    53.879
  1878.505   223.976   270.000     3.710     0.000    53.406
  1884.005   224.633   271.000     3.724     0.000    53.406
  1889.505   225.290   272.000     3.738     0.000    53.406
  1895.005   225.946   273.000     3.752     0.000    52.941
  1900.506   226.603   274.000     3.766     0.000    52.941
  1906.006   227.260   275.000     3.779     0.000    52.941
  1911.506   227.916   276.000     3.793     0.000    52.483
  1917.006   228.573   277.000     3.807     0.000    52.483
  1922.507   229.230   278.000     3.821     0.000    52.483
  1928.007   229.886   279.000     3.835     0.000    52.034
  1933.508   230.543   280.000     3.849     0.000    52.034
  1939.008   231.200   281.000     3.863     0.000    52.034
  1944.509   231.856   282.000     3.877     0.000    51.592
  1950.010   232.513   283.000     3.891     0.000    51.592
  1955.511   233.170   284.000     3.904     0.000    51.592
  1961.011   233.826   285.000     3.918     0.000    51.158
  1966.512   234.483   286.000     3.932     0.000    51.158
  1972.013   235.140   287.000     3.946     0.000    51.158
  1977.514   235.797   288.000     3.960     0.000    50.730
  1983.015   236.453   289.000     3.974     0.000    50.730
  1988.516   237.110   290.000     3.988     0.000    50.730
  1994.018   237.767   291.000     4.002     0.000    50.310
  1999.519   238.423   292.000     4.016     0.000    50.310
  2005.020   239.080   293.000     4.029     0.000    50.310
  2010.521   239.737   294.000     4.043     0.000    49.897
  2016.023   240.393   295.000     4.057     0.000    49.897
  2021.524   241.050   296.000     4.071     0.000    49.897
  2027.026   241.707   297.000     4.085     0.000    49.490
  2032.527   242.363   298.000     4.099     0.000    49.490
  2038.029   243.020   299.000     4.113     0.000    49.490
  2043.530   243.677   300.000     4.127     0.000    49.091
  2049.032   244.334   301.000     4.141     0.000    49.091
  2054.534   244.990   302.000     4.154     0.000    49.091
  2060.036   245.647   303.000     4.168     0.000    48.697
  2065.537   246.304   304.000     4.182     0.000    48.697
  2071.039   246.960   305.000     4.196     0.000    48.697
  2076.541   247.617   306.000     4.210     0.000    48.310
  2082.043   248.274   307.000     4.224     0.000    48.310
  2087.545   248.930   308.000     4.238     0.000    48.310
  2093.047   249.587   309.000     4.252     0.000    47.928
  2098.549   250.244   310.000     4.266     0.000    47.928
  2104.051   250.900   311.000     4.279     0.000    47.928
  2109.553   251.557   312.000     4.293     0.000    47.553
  2115.056   252.214   313.000     4.307     0.000    47.553
  2120.558   252.870   314.000     4.321     0.000    47.553
  2126.060   253.527   315.000     4.335     0.000    47.184
  2131.562   254.184   316.000     4.349     0.000    47.184
  2137.065   254.841   317.000     4.363     0.000    47.184
  2142.567   255.497   318.000     4.377     0.000    46.820
  2148.069   256.154   319.000     4.391     0.000    46.820
  2153.572   256.811   320.000     4.404     0.000    46.820
  2159.074   257.467   321.000     4.418     0.000    46.462
  2164.577   258.124   322.000     4.432     0.000    46.462
  2170.079   258.781   323.000     4.446     0.000    46.462
  2175.582   259.437   324.000     4.460     0.000    46.109
  2181.085   260.094   325.000     4.474     0.000    46.109
  2186.587   260.751   326.000     4.488     0.000    46.109
  2192.090   261.407   327.000     4.502     0.000    45.762
  2197.593   262.064   328.000     4.516     0.000    45.762
  2203.095   262.721   329.000     4.529     0.000    45.762
  2208.598   263.378   330.000     4.543     0.000    45.420
  2214.101   264.034   331.000     4.557     0.000    45.420
  2219.604   264.691   332.000     4.571     0.000    45.420
  2225.107   265.348   333.000     4.585     0.000    45.082
  2230.609   266.004   334.000     4.599     0.000    45.082
  2236.112   266.661   335.000     4.613     0.000    45.082
  2241.615   267.318   336.000     4.627     0.000    44.750
  2247.118   267.974   337.000     4.641     0.000    44.750
  2252.621   268.631   338.000     4.654     0.000    44.750
  2258.124   269.288   339.000     4.668     0.000    44.423
  2263.627   269.944   340.000     4.682     0.000    44.423
  2269.130   270.601   341.000     4.696     0.000    44.423
  2274.634   271.258   342.000     4.710     0.000    44.100
  2280.137   271.915   343.000     4.724     0.000    44.100
  2285.640   272.571   344.000     4.738     0.000    44.100
  2291.143   273.228   345.000     4.752     0.000    43.782
  2296.646   273.885   346.000     4.766     0.000    43.782
  2302.150   274.541   347.000     4.779     0.000    43.782
  2307.653   275.198   348.000     4.793     0.000    43.469
  2313.156   275.855   349.000     4.807     0.000    43.469
  2318.659   276.511   350.000     4.821     0.000    43.469
  2324.163   277.168   351.000     4.835     0.000    43.160
  2329.666   277.825   352.000     4.849     0.000    43.160
  2335.170   278.481   353.000     4.863     0.000    42.855
  2340.673   279.138   354.000     4.877     0.000    42.855
  2346.176   279.795   355.000     4.891     0.000    42.855
  2351.680   280.451   356.000     4.904     0.000    42.555
  2357.183   281.108   357.000     4.918     0.000    42.555
  2362.687   281.765   358.000     4.932     0.000    42.555
  2368.190   282.422   359.000     4.946     0.000    42.259
  2373.694   283.078   360.000     4.960     0.000    42.259
  2379.197   283.735   361.000     4.974     0.000    42.259
  2384.701   284.392   362.000     4.988     0.000    41.967
  2390.205   285.048   363.000     5.002     0.000    41.967
  2395.708   285.705   364.000     5.016     0.000    41.967
  2401.212   286.362   365.000     5.029     0.000    41.679
  2406.716   287.018   366.000     5.043     0.000    41.679
  2412.219   287.675   367.000     5.057     0.000    41.679
  2417.723   288.332   368.000     5.071     0.000    41.395
  2423.227   288.988   369.000     5.085     0.000    41.395
  2428.731   289.645   370.000     5.099     0.000    41.395
  2434.234   290.302   371.000     5.113     0.000    41.114
  2439.738   290.959   372.000     5.127     0.000    41.114
  2445.242   291.615   373.000     5.141     0.000    41.114
  2450.746   292.272   374.000     5.154     0.000    40.838
  2456.250   292.929   375.000     5.168     0.000    40.838
  2461.753   293.585   376.000     5.182     0.000    40.838
  2467.257   294.242   377.000     5.196     0.000    40.565
  2472.761   294.899   378.000     5.210     0.000    40.565
  2478.265   295.555   379.000     5.224     0.000    40.565
  2483.769   296.212   380.000     5.238     0.000    40.296
  2489.273   296.869   381.000     5.252     0.000    40.296
  2494.777   297.525   382.000     5.266     0.000    40.296
  2500.281   298.182   383.000     5.279     0.000    40.030
  2505.785   298.839   384.000     5.293     0.000    40.030
  2511.289   299.496   385.000     5.307     0.000    40.030
  2516.793   300.152   386.000     5.321     0.000    39.768
  2522.297   300.809   387.000     5.335     0.000    39.768
  2527.801   301.466   388.000     5.349     0.000    39.768
  2533.305   302.122   389.000     5.363     0.000    39.509
  2538.809   302.779   390.000     5.377     0.000    39.509
  2544.313   303.436   391.000     5.391     0.000    39.509
  2549.817   304.092   392.000     5.404     0.000    39.254
  2555.322   304.749   393.000     5.418     0.000    39.254
  2560.826   305.406   394.000     5.432     0.000    39.254
  2566.330   306.062   395.000     5.446     0.000    39.002
  2571.834   306.719   396.000     5.460     0.000    39.002
  2577.338   307.376   397.000     5.474     0.000    39.002
  2582.843   308.032   398.000     5.488     0.000    38.753
  2588.347   308.689   399.000     5.502     0.000    38.753
  2593.851   309.346   400.000     5.516     0.000    38.753
  2599.355   310.003   401.000     5.529     0.000    38.507
  2604.860   310.659   402.000     5.543     0.000    38.507
  2610.364   311.316   403.000     5.557     0.000    38.507
  2615.868   311.973   404.000     5.571     0.000    38.264
  2621.372   312.629   405.000     5.585     0.000    38.264
  2626.877   313.286   406.000     5.599     0.000    38.264
  2632.381   313.943   407.000     5.613     0.000    38.025
  2637.885   314.599   408.000     5.627     0.000    38.025
  2643.390   315.256   409.000     5.641     0.000    38.025
  2648.894   315.913   410.000     5.654     0.000    37.788
  2654.398   316.569   411.000     5.668     0.000    37.788
  2659.903   317.226   412.000     5.682     0.000    37.788
  2665.407   317.883   413.000     5.696     0.000    37.554
  2670.912   318.540   414.000     5.710     0.000    37.554
  2676.416   319.196   415.000     5.724     0.000    37.554
  2681.921   319.853   416.000     5.738     0.000    37.323
  2687.425   320.510   417.000     5.752     0.000    37.323
  2692.929   321.166   418.000     5.766     0.000    37.323
  2698.434   321.823   419.000     5.779     0.000    37.095
  2703.938   322.480   420.000     5.793     0.000    37.095
  2709.443   323.136   421.000     5.807     0.000    37.095
  2714.947   323.793   422.000     5.821     0.000    36.870
  2720.452   324.450   423.000     5.835     0.000    36.870
  2725.956   325.106   424.000     5.849     0.000    36.870
  2731.461   325.763   425.000     5.863     0.000    36.647
  2736.965   326.420   426.000     5.877     0.000    36.647
  2742.470   327.076   427.000     5.891     0.000    36.647
  2747.975   327.733   428.000     5.904     0.000    36.428
  2753.479   328.390   429.000     5.918     0.000    36.428
  2758.984   329.047   430.000     5.932     0.000    36.428
  2764.488   329.703   431.000     5.946     0.000    36.210
  2769.993   330.360   432.000     5.960     0.000    36.210
  2775.498   331.017   433.000     5.974     0.000    36.210
  2781.002   331.673   434.000     5.988     0.000    35.996
  2786.507   332.330   435.000     6.002     0.000    35.996
  2792.011   332.987   436.000     6.016     0.000    35.996
  2797.516   333.643   437.000     6.029     0.000    35.783
  2803.021   334.300   438.000     6.043     0.000    35.783
  2808.525   334.957   439.000     6.057     0.000    35.783
  2814.030   335.613   440.000     6.071     0.000    35.574
  2819.535   336.270   441.000     6.085     0.000    35.574
  2825.040   336.927   442.000     6.099     0.000    35.574
  2830.544   337.584   443.000     6.113     0.000    35.367
  2836.049   338.240   444.000     6.127     0.000    35.367
  2841.554   338.897   445.000     6.141     0.000    35.367
  2847.058   339.554   446.000     6.154     0.000    35.162
  2852.563   340.210   447.000     6.168     0.000    35.162
  2858.068   340.867   448.000     6.182     0.000    35.162
  2863.573   341.524   449.000     6.196     0.000    34.959
  2869.077   342.180   450.000     6.210     0.000    34.959
  2874.582   342.837   451.000     6.224     0.000    34.959
  2880.087   343.494   452.000     6.238     0.000    34.759
  2885.592   344.150   453.000     6.252     0.000    34.759
  2891.097   344.807   454.000     6.266     0.000    34.759
  2896.601   345.464   455.000     6.279     0.000    34.561
  2902.106   346.121   456.000     6.293     0.000    34.561
  2907.611   346.777   457.000     6.307     0.000    34.561
  2913.116   347.434   458.000     6.321     0.000    34.366
  2918.621   348.091   459.000     6.335     0.000    34.366
  2924.125   348.747   460.000     6.349     0.000    34.366
  2929.630   349.404   461.000     6.363     0.000    34.172
  2935.135   350.061   462.000     6.377     0.000    34.172
  2940.640   350.717   463.000     6.391     0.000    34.172
  2946.145   351.374   464.000     6.404     0.000    33.981
  2951.650   352.031   465.000     6.418     0.000    33.981
  2957.155   352.687   466.000     6.432     0.000    33.981
  2962.660   353.344   467.000     6.446     0.000    33.792
  2968.164   354.001   468.000     6.460     0.000    33.792
  2973.669   354.657   469.000     6.474     0.000    33.792
  2979.174   355.314   470.000     6.488     0.000    33.605
  2984.679   355.971   471.000     6.502     0.000    33.605
  2990.184   356.628   472.000     6.516     0.000    33.605
  2995.689   357.284   473.000     6.529     0.000    33.420
  3001.194   357.941   474.000     6.543     0.000    33.420
  3006.699   358.598   475.000     6.557     0.000    33.420
  3012.204   359.254   476.000     6.571     0.000    33.237
  3017.709   359.911   477.000     6.585     0.000    33.237
  3023.214   360.568   478.000     6.599     0.000    33.237
  3028.719   361.224   479.000     6.613     0.000    33.056
  3034.224   361.881   480.000     6.627     0.000    33.056
  3039.729   362.538   481.000     6.641     0.000    33.056
  3045.234   363.194   482.000     6.654     0.000    32.877
  3050.739   363.851   483.000     6.668     0.000    32.877
  3056.244   364.508   484.000     6.682     0.000    32.877
  3061.749   365.165   485.000     6.696     0.000    32.700
  3067.254   365.821   486.000     6.710     0.000    32.700
  3072.759   366.478   487.000     6.724     0.000    32.700
  3078.264   367.135   488.000     6.738     0.000    32.524
  3083.769   367.791   489.000     6.752     0.000    32.524
  3089.274   368.448   490.000     6.766     0.000    32.524
  3094.779   369.105   491.000     6.779     0.000    32.351
  3100.284   369.761   492.000     6.793     0.000    32.351
  3105.789   370.418   493.000     6.807     0.000    32.351
  3111.294   371.075   494.000     6.821     0.000    32.180
  3116.799   371.731   495.000     6.835     0.000    32.180
  3122.304   372.388   496.000     6.849     0.000    32.180
  3127.809   373.045   497.000     6.863     0.000    32.010
  3133.314   373.702   498.000     6.877     0.000    32.010
  3138.819   374.358   499.000     6.891     0.000    32.010
  3144.325   375.015   500.000     6.904     0.000    31.842
  3149.830   375.672   501.000     6.918     0.000    31.842
  3155.335   376.328   502.000     6.932     0.000    31.842
  3158.683   376.728   502.608     6.941     0.000    31.676
