****************************************************************************************************
----------------------------------------------------------------------------------------------------
Ambient Table:
     Depth   Amb-cur   Amb-dir   Amb-sal   Amb-tem   Amb-pol     Decay   Far-spd   Far-dir   Disprsn
       (m)     (m/s)     (deg)     (psu)       (C)    (mg/L)   (1/day)     (m/s)     (deg)(m0.67/s2)
     0.000     0.020    90.000    30.900    11.200     0.000     0.000     0.020    90.000   0.00030
     3.000     0.020    90.000    31.200    10.400     0.000     0.000     0.020    90.000   0.00030
     6.000     0.020    90.000    31.200     9.690     0.000     0.000     0.020    90.000   0.00030
     9.000     0.020    90.000    31.700     9.440     0.000     0.000     0.020    90.000   0.00030
    12.000     0.020    90.000    31.800     9.340     0.000     0.000     0.020    90.000   0.00030
    15.000     0.020    90.000    31.900     9.220     0.000     0.000     0.020    90.000   0.00030
----------------------------------------------------------------------------------------------------
Diffuser Table:
     P-dia    P-elev   V-angle   H-angle     Ports   Spacing   AcuteMZ   ChrncMZ   P-depth   Ttl-flo   Eff-sal      Temp   Polutnt
       (m)       (m)     (deg)     (deg)       ( )       (m)       (m)       (m)       (m)     (MGD)     (psu)       (C)    (mg/L)
      0.01     15.00     45.00     90.00     25.00      2.00     20.70    207.00      2.00      0.01     35.00     10.00 100000.00
----------------------------------------------------------------------------------------------------
Simulation Results:
              Dilutn     P-dia    x-posn    y-posn     Depth      Time   Net-Dil     P-Den    P-Con.     P-Sal    P-Temp  Amb-Curr    CL-Dil
      Step (FluxAvg)       (m)       (m)       (m)       (m)       (s)        ()   (kg/m3)    (mg/L)     (psu)       (C)     (m/s)        ()
         1     1.020     0.013     0.000     0.000    -2.000     0.009     1.020  1026.912 98033.309    34.924    10.013     0.020     1.000
         2     1.041     0.013     0.000     0.001    -1.999     0.017     1.041  1026.852 96105.410    34.849    10.026     0.020     1.000
         3     1.061     0.013     0.000     0.001    -1.999     0.024     1.061  1026.792 94215.534    34.775    10.038     0.020     1.000
         4     1.083     0.014     0.000     0.002    -1.999     0.032     1.083  1026.734 92362.927    34.703    10.051     0.020     1.000
         5     1.104     0.014     0.000     0.002    -1.998     0.040     1.104  1026.677 90546.849    34.632    10.063     0.020     1.000
         6     1.127     0.014     0.000     0.002    -1.998     0.048     1.127  1026.621 88766.577    34.563    10.075     0.020     1.000
         7     1.149     0.014     0.000     0.003    -1.998     0.056     1.149  1026.566 87023.975    34.495    10.086     0.020     1.000
         8     1.172     0.015     0.000     0.003    -1.997     0.064     1.172  1026.513 85345.077    34.430    10.097     0.020     1.000
         9     1.194     0.015     0.000     0.003    -1.997     0.072     1.194  1026.462 83723.490    34.367    10.108     0.020     1.000
        10     1.217     0.015     0.000     0.004    -1.997     0.081     1.217  1026.413 82160.232    34.306    10.119     0.020     1.000
        11     1.240     0.015     0.000     0.004    -1.996     0.089     1.240  1026.365 80650.463    34.247    10.129     0.020     1.000
        12     1.263     0.016     0.000     0.004    -1.996     0.098     1.263  1026.320 79192.013    34.190    10.138     0.020     1.000
        13     1.286     0.016     0.000     0.005    -1.996     0.107     1.286  1026.275 77781.763    34.136    10.148     0.020     1.000
        14     1.309     0.016     0.000     0.005    -1.995     0.115     1.309  1026.232 76417.419    34.082    10.157     0.020     1.000
        15     1.332     0.016     0.000     0.006    -1.995     0.124     1.332  1026.191 75096.584    34.031    10.166     0.020     1.000
        16     1.355     0.017     0.000     0.006    -1.995     0.133     1.355  1026.150 73817.163    33.981    10.174     0.020     1.000
        17     1.378     0.017     0.000     0.006    -1.994     0.142     1.378  1026.111 72577.133    33.933    10.183     0.020     1.000
        18     1.401     0.017     0.000     0.007    -1.994     0.151     1.401  1026.074 71374.636    33.886    10.191     0.020     1.000
        19     1.424     0.018     0.000     0.007    -1.994     0.160     1.424  1026.037 70207.916    33.841    10.198     0.020     1.000
        20     1.448     0.018     0.000     0.007    -1.994     0.169     1.448  1026.001 69075.334    33.796    10.206     0.020     1.000
        21     1.471     0.018     0.000     0.008    -1.993     0.179     1.471  1025.966 67975.351    33.754    10.213     0.020     1.000
        22     1.495     0.018     0.000     0.008    -1.993     0.188     1.495  1025.933 66906.523    33.712    10.220     0.020     1.000
        23     1.518     0.019     0.000     0.009    -1.993     0.198     1.518  1025.900 65867.492    33.671    10.227     0.020     1.000
        24     1.542     0.019     0.000     0.009    -1.992     0.207     1.542  1025.868 64856.982    33.632    10.234     0.020     1.000
        25     1.566     0.019     0.000     0.009    -1.992     0.217     1.566  1025.837 63873.793    33.594    10.241     0.020     1.000
        26     1.589     0.019     0.000     0.010    -1.992     0.226     1.589  1025.807 62916.793    33.556    10.247     0.020     1.000
        27     1.613     0.020     0.000     0.010    -1.992     0.236     1.613  1025.778 61984.916    33.520    10.253     0.020     1.000
        28     1.637     0.020     0.000     0.010    -1.991     0.246     1.637  1025.749 61077.156    33.485    10.259     0.020     1.000
        29     1.661     0.020     0.000     0.011    -1.991     0.256     1.661  1025.721 60192.564    33.450    10.265     0.020     1.000
        30     1.685     0.020     0.000     0.011    -1.991     0.266     1.685  1025.694 59330.243    33.417    10.271     0.020     1.000
        31     1.710     0.021     0.000     0.011    -1.991     0.276     1.710  1025.668 58489.346    33.384    10.277     0.020     1.000
        32     1.734     0.021     0.000     0.012    -1.990     0.287     1.734  1025.642 57669.073    33.352    10.282     0.020     1.000
        33     1.758     0.021     0.000     0.012    -1.990     0.297     1.758  1025.617 56868.663    33.321    10.288     0.020     1.000
        34     1.783     0.022     0.000     0.013    -1.990     0.307     1.783  1025.592 56087.400    33.290    10.293     0.020     1.000
        35     1.808     0.022     0.000     0.013    -1.990     0.318     1.808  1025.568 55324.604    33.260    10.298     0.020     1.000
        36     1.832     0.022     0.000     0.013    -1.990     0.329     1.832  1025.545 54579.631    33.231    10.303     0.020     1.000
        37     1.857     0.022     0.000     0.014    -1.989     0.339     1.857  1025.522 53851.869    33.203    10.308     0.020     1.000
        38     1.882     0.023     0.000     0.014    -1.989     0.350     1.882  1025.499 53140.739    33.175    10.313     0.020     1.000
        39     1.907     0.023     0.000     0.015    -1.989     0.361     1.907  1025.477 52445.692    33.148    10.317     0.020     1.000
        40     1.932     0.023     0.000     0.015    -1.989     0.372     1.932  1025.456 51766.204    33.122    10.322     0.020     1.000
        41     1.957     0.023     0.000     0.015    -1.988     0.383     1.957  1025.435 51101.782    33.096    10.326     0.020     1.000
        42     1.982     0.024     0.000     0.016    -1.988     0.395     1.982  1025.415 50451.953    33.070    10.331     0.020     1.000
        43     2.007     0.024     0.000     0.016    -1.988     0.406     2.007  1025.395 49816.272    33.046    10.335     0.020     1.004
        44     2.033     0.024     0.000     0.016    -1.988     0.418     2.033  1025.375 49194.311    33.021    10.339     0.020     1.016
        45     2.058     0.024     0.000     0.017    -1.988     0.429     2.058  1025.356 48585.669    32.997    10.343     0.020     1.029
        46     2.084     0.025     0.000     0.017    -1.987     0.441     2.084  1025.337 47989.959    32.974    10.347     0.020     1.042
        47     2.109     0.025     0.000     0.018    -1.987     0.453     2.109  1025.319 47406.818    32.951    10.351     0.020     1.055
        48     2.135     0.025     0.000     0.018    -1.987     0.465     2.135  1025.301 46835.897    32.929    10.355     0.020     1.068
        49     2.161     0.025     0.000     0.018    -1.987     0.477     2.161  1025.283 46276.866    32.907    10.359     0.020     1.080
        50     2.187     0.026     0.000     0.019    -1.987     0.489     2.187  1025.266 45729.410    32.886    10.362     0.020     1.093
        51     2.213     0.026     0.000     0.019    -1.986     0.502     2.213  1025.249 45193.231    32.865    10.366     0.020     1.106
        52     2.239     0.026     0.000     0.020    -1.986     0.514     2.239  1025.232 44668.044    32.845    10.369     0.020     1.119
        53     2.265     0.026     0.000     0.020    -1.986     0.527     2.265  1025.216 44153.579    32.825    10.373     0.020     1.132
        54     2.291     0.027     0.000     0.021    -1.986     0.540     2.291  1025.200 43649.577    32.805    10.376     0.020     1.145
        55     2.317     0.027     0.000     0.021    -1.986     0.553     2.317  1025.185 43155.795    32.786    10.380     0.020     1.159
        56     2.343     0.027     0.000     0.021    -1.986     0.566     2.343  1025.170 42672.000    32.767    10.383     0.020     1.172
        57     2.370     0.027     0.000     0.022    -1.985     0.579     2.370  1025.155 42197.971    32.748    10.386     0.020     1.185
        58     2.396     0.028     0.000     0.022    -1.985     0.592     2.396  1025.140 41733.497    32.730    10.389     0.020     1.198
        59     2.423     0.028     0.000     0.023    -1.985     0.606     2.423  1025.126 41278.378    32.712    10.392     0.020     1.211
        60     2.449     0.028     0.000     0.023    -1.985     0.619     2.449  1025.112 40832.426    32.695    10.395     0.020     1.225
        61     2.476     0.028     0.000     0.024    -1.985     0.633     2.476  1025.098 40395.460    32.678    10.398     0.020     1.238
        62     2.502     0.029     0.000     0.024    -1.985     0.647     2.502  1025.084 39967.309    32.661    10.401     0.020     1.251
        63     2.529     0.029     0.000     0.024    -1.984     0.661     2.529  1025.071 39547.811    32.645    10.404     0.020     1.264
        64     2.555     0.029     0.000     0.025    -1.984     0.676     2.555  1025.058 39136.813    32.629    10.407     0.020     1.278
        65     2.582     0.029     0.000     0.025    -1.984     0.690     2.582  1025.045 38734.168    32.613    10.409     0.020     1.291
        66     2.608     0.030     0.000     0.026    -1.984     0.705     2.608  1025.033 38339.740    32.598    10.412     0.020     1.304
        67     2.635     0.030     0.000     0.026    -1.984     0.720     2.635  1025.021 37953.398    32.582    10.415     0.020     1.317
        68     2.661     0.030     0.000     0.027    -1.984     0.735     2.661  1025.009 37575.019    32.568    10.417     0.020     1.331
        69     2.688     0.030     0.000     0.027    -1.983     0.750     2.688  1024.997 37204.487    32.553    10.420     0.020     1.344
        70     2.714     0.031     0.000     0.028    -1.983     0.765     2.714  1024.986 36841.691    32.539    10.422     0.020     1.357
        71     2.741     0.031     0.000     0.028    -1.983     0.781     2.741  1024.975 36486.528    32.525    10.425     0.020     1.370
        72     2.767     0.031     0.000     0.029    -1.983     0.797     2.767  1024.964 36138.901    32.512    10.427     0.020     1.384
        73     2.793     0.031     0.000     0.029    -1.983     0.813     2.793  1024.953 35798.719    32.498    10.429     0.020     1.397
        74     2.820     0.032     0.000     0.030    -1.983     0.829     2.820  1024.942 35465.894    32.485    10.431     0.020     1.410
        75     2.846     0.032     0.000     0.030    -1.983     0.845     2.846  1024.932 35140.346    32.473    10.434     0.020     1.423
        76     2.872     0.032     0.000     0.031    -1.982     0.862     2.872  1024.922 34821.999    32.460    10.436     0.020     1.436
        77     2.898     0.032     0.000     0.031    -1.982     0.879     2.898  1024.912 34510.782    32.448    10.438     0.020     1.449
        78     2.923     0.032     0.000     0.032    -1.982     0.895     2.923  1024.903 34206.628    32.436    10.440     0.020     1.462
        79     2.949     0.033     0.000     0.032    -1.982     0.913     2.949  1024.893 33909.475    32.424    10.442     0.020     1.475
        80     2.974     0.033     0.000     0.033    -1.982     0.930     2.974  1024.884 33619.265    32.413    10.444     0.020     1.487
        81     3.000     0.033     0.000     0.033    -1.982     0.947     3.000  1024.875 33335.943    32.402    10.446     0.020     1.500
        82     3.025     0.033     0.000     0.034    -1.982     0.965     3.025  1024.867 33059.459    32.391    10.448     0.020     1.512
        83     3.050     0.034     0.000     0.034    -1.982     0.983     3.050  1024.858 32789.765    32.381    10.450     0.020     1.525
        84     3.074     0.034     0.000     0.035    -1.981     1.001     3.074  1024.850 32526.816    32.370    10.451     0.020     1.537
        85     3.099     0.034     0.000     0.035    -1.981     1.020     3.099  1024.842 32270.571    32.360    10.453     0.020     1.549
        86     3.123     0.034     0.000     0.036    -1.981     1.038     3.123  1024.834 32020.990    32.351    10.455     0.020     1.561
        87     3.147     0.034     0.000     0.036    -1.981     1.057     3.147  1024.826 31778.038    32.341    10.456     0.020     1.573
        88     3.170     0.035     0.000     0.037    -1.981     1.076     3.170  1024.819 31541.677    32.332    10.458     0.020     1.585
        89     3.194     0.035     0.000     0.037    -1.981     1.095     3.194  1024.811 31311.875    32.323    10.460     0.020     1.597
        90     3.217     0.035     0.000     0.038    -1.981     1.115     3.217  1024.804 31088.600    32.314    10.461     0.020     1.608
        91     3.239     0.035     0.000     0.039    -1.981     1.134     3.239  1024.798 30871.819    32.306    10.463     0.020     1.620
        92     3.261     0.035     0.000     0.039    -1.981     1.154     3.261  1024.791 30661.501    32.298    10.464     0.020     1.631
        93     3.283     0.035     0.000     0.040    -1.981     1.174     3.283  1024.785 30457.614    32.290    10.465     0.020     1.642
        94     3.305     0.036     0.000     0.040    -1.981     1.194     3.305  1024.778 30260.126    32.282    10.467     0.020     1.652
        95     3.326     0.036     0.000     0.041    -1.980     1.215     3.326  1024.772 30069.002    32.274    10.468     0.020     1.663
        96     3.346     0.036     0.000     0.042    -1.980     1.235     3.346  1024.766 29884.206    32.267    10.469     0.020     1.673
        97     3.366     0.036     0.000     0.042    -1.980     1.256     3.366  1024.761 29705.697    32.260    10.470     0.020     1.683
        98     3.386     0.036     0.000     0.043    -1.980     1.277     3.386  1024.755 29533.432    32.253    10.472     0.020     1.693
        99     3.405     0.036     0.000     0.043    -1.980     1.298     3.405  1024.750 29367.360    32.247    10.473     0.020     1.703
       100     3.424     0.037     0.000     0.044    -1.980     1.320     3.424  1024.745 29207.421    32.241    10.474     0.020     1.712
       101     3.442     0.037     0.000     0.045    -1.980     1.341     3.442  1024.740 29053.547    32.235    10.475     0.020     1.721
       102     3.460     0.037     0.000     0.045    -1.980     1.363     3.460  1024.736 28905.655    32.229    10.476     0.020     1.730
       103     3.477     0.037     0.000     0.046    -1.980     1.385     3.477  1024.731 28763.639    32.223    10.477     0.020     1.738
       104     3.493     0.037     0.000     0.046    -1.980     1.407     3.493  1024.727 28627.373    32.218    10.478     0.020     1.747
       105     3.509     0.037     0.000     0.047    -1.980     1.429     3.509  1024.723 28496.685    32.213    10.479     0.020     1.755
       106     3.525     0.037     0.000     0.048    -1.980     1.452     3.525  1024.719 28371.350    32.208    10.479     0.020     1.762
       107     3.540     0.037     0.000     0.048    -1.980     1.474     3.540  1024.715 28251.043    32.203    10.480     0.020     1.770
       108     3.554     0.037     0.000     0.049    -1.980     1.497     3.554  1024.711 28135.250    32.199    10.481     0.020     1.777
       109     3.569     0.038     0.000     0.050    -1.980     1.520     3.569  1024.708 28022.854    32.194    10.482     0.020     1.784
       110     3.583     0.038     0.000     0.050    -1.980     1.542     3.583  1024.704 27912.917    32.190    10.483     0.020     1.791
       111     3.596     0.038     0.000     0.051    -1.980     1.566     3.596  1024.701 27804.977    32.186    10.483     0.020     1.798
       112     3.610     0.038     0.000     0.052    -1.980     1.589     3.610  1024.698 27698.754    32.182    10.484     0.020     1.805
       113     3.624     0.038     0.000     0.052    -1.980     1.612     3.624  1024.694 27594.081    32.178    10.485     0.020     1.812
---------------------- Local maximum rise or fall --------------------
       114     3.638     0.038     0.000     0.053    -1.980     1.635     3.638  1024.691 27490.848    32.174    10.485     0.020     1.819
       115     3.651     0.038     0.000     0.053    -1.980     1.659     3.651  1024.688 27388.978    32.170    10.486     0.020     1.826
       116     3.665     0.038     0.000     0.054    -1.980     1.683     3.665  1024.685 27288.412    32.166    10.487     0.020     1.832
       117     3.678     0.038     0.000     0.055    -1.980     1.706     3.678  1024.681 27189.098    32.162    10.487     0.020     1.839
       118     3.691     0.038     0.000     0.055    -1.980     1.730     3.691  1024.678 27090.992    32.158    10.488     0.020     1.846
       119     3.705     0.039     0.000     0.056    -1.980     1.754     3.705  1024.675 26994.050    32.154    10.489     0.020     1.852
       120     3.718     0.039     0.000     0.057    -1.980     1.779     3.718  1024.672 26898.232    32.150    10.489     0.020     1.859
       121     3.731     0.039     0.000     0.057    -1.980     1.803     3.731  1024.669 26802.750    32.147    10.490     0.020     1.865
       122     3.744     0.039     0.000     0.058    -1.980     1.827     3.744  1024.666 26706.455    32.143    10.491     0.020     1.872
       123     3.758     0.039     0.000     0.059    -1.980     1.852     3.758  1024.663 26608.468    32.139    10.491     0.020     1.879
       124     3.772     0.039     0.000     0.060    -1.980     1.877     3.772  1024.660 26508.115    32.135    10.492     0.020     1.886
       125     3.787     0.039     0.000     0.060    -1.980     1.902     3.787  1024.657 26404.893    32.131    10.493     0.020     1.894
       126     3.803     0.039     0.000     0.061    -1.980     1.927     3.803  1024.653 26298.418    32.127    10.494     0.020     1.901
       127     3.818     0.039     0.000     0.062    -1.980     1.952     3.818  1024.650 26188.393    32.123    10.494     0.020     1.909
       128     3.835     0.039     0.000     0.062    -1.980     1.978     3.835  1024.646 26074.583    32.118    10.495     0.020     1.918
       129     3.853     0.039     0.000     0.063    -1.980     2.004     3.853  1024.643 25956.793    32.114    10.496     0.020     1.926
       130     3.871     0.039     0.000     0.064    -1.980     2.030     3.871  1024.639 25834.856    32.109    10.497     0.020     1.935
       131     3.890     0.040     0.000     0.064    -1.981     2.056     3.890  1024.635 25708.628    32.104    10.498     0.020     1.945
       132     3.910     0.040     0.000     0.065    -1.981     2.083     3.910  1024.631 25577.977    32.099    10.498     0.020     1.955
       133     3.930     0.040     0.000     0.066    -1.981     2.109     3.930  1024.626 25442.779    32.094    10.499     0.020     1.965
       134     3.952     0.040     0.000     0.067    -1.981     2.137     3.952  1024.622 25302.917    32.088    10.500     0.020     1.976
       135     3.975     0.040     0.000     0.067    -1.981     2.164     3.975  1024.617 25158.280    32.082    10.501     0.020     1.987
       136     3.999     0.040     0.000     0.068    -1.981     2.192     3.999  1024.613 25008.754    32.077    10.502     0.020     1.999
       137     4.023     0.040     0.000     0.069    -1.981     2.220     4.023  1024.608 24854.228    32.071    10.503     0.020     2.012
       138     4.049     0.040     0.000     0.070    -1.981     2.249     4.049  1024.603 24694.589    32.064    10.504     0.020     2.025
       139     4.077     0.041     0.000     0.071    -1.981     2.278     4.077  1024.598 24529.722    32.058    10.506     0.020     2.038
       140     4.105     0.041     0.000     0.071    -1.982     2.307     4.105  1024.592 24359.509    32.051    10.507     0.020     2.053
       141     4.135     0.041     0.000     0.072    -1.982     2.338     4.135  1024.587 24183.827    32.044    10.508     0.020     2.067
       142     4.166     0.041     0.000     0.073    -1.982     2.368     4.166  1024.581 24002.549    32.037    10.509     0.020     2.083
       143     4.199     0.041     0.000     0.074    -1.982     2.399     4.199  1024.575 23815.542    32.030    10.510     0.020     2.099
       144     4.233     0.041     0.000     0.075    -1.982     2.431     4.233  1024.569 23622.665    32.022    10.512     0.020     2.117
       145     4.269     0.042     0.000     0.076    -1.983     2.463     4.269  1024.563 23423.772    32.015    10.513     0.020     2.135
       146     4.307     0.042     0.000     0.076    -1.983     2.496     4.307  1024.556 23218.707    32.007    10.514     0.020     2.153
       147     4.346     0.042     0.000     0.077    -1.983     2.530     4.346  1024.550 23007.304    31.998    10.516     0.020     2.173
       148     4.388     0.042     0.000     0.078    -1.983     2.564     4.388  1024.543 22789.387    31.990    10.517     0.020     2.194
       149     4.432     0.042     0.000     0.079    -1.983     2.600     4.432  1024.536 22564.770    31.981    10.519     0.020     2.216
       150     4.478     0.043     0.000     0.080    -1.984     2.636     4.478  1024.528 22333.251    31.972    10.520     0.020     2.239
       151     4.526     0.043     0.000     0.081    -1.984     2.673     4.526  1024.521 22094.614    31.963    10.522     0.020     2.263
       152     4.577     0.043     0.000     0.082    -1.984     2.711     4.577  1024.513 21848.628    31.953    10.524     0.020     2.288
       153     4.631     0.044     0.000     0.083    -1.984     2.750     4.631  1024.505 21595.042    31.943    10.525     0.020     2.315
       154     4.687     0.044     0.000     0.084    -1.985     2.790     4.687  1024.497 21333.585    31.933    10.527     0.020     2.344
       155     4.747     0.044     0.000     0.085    -1.985     2.832     4.747  1024.488 21063.962    31.922    10.529     0.020     2.374
       156     4.811     0.044     0.000     0.086    -1.985     2.875     4.811  1024.480 20785.851    31.911    10.531     0.020     2.405
       157     4.878     0.045     0.000     0.088    -1.986     2.919     4.878  1024.470 20498.900    31.900    10.533     0.020     2.439
       158     4.950     0.045     0.000     0.089    -1.986     2.965     4.950  1024.461 20202.723    31.889    10.535     0.020     2.475
       159     5.026     0.045     0.000     0.090    -1.987     3.013     5.026  1024.452 19896.892    31.877    10.537     0.020     2.513
       160     5.107     0.046     0.000     0.091    -1.987     3.063     5.107  1024.442 19580.935    31.864    10.539     0.020     2.554
       161     5.194     0.046     0.000     0.093    -1.987     3.115     5.194  1024.431 19254.324    31.852    10.541     0.020     2.597
       162     5.286     0.047     0.000     0.094    -1.988     3.169     5.286  1024.421 18916.469    31.838    10.543     0.020     2.643
       163     5.386     0.047     0.000     0.095    -1.988     3.225     5.386  1024.410 18566.702    31.825    10.546     0.020     2.693
       164     5.493     0.048     0.000     0.097    -1.989     3.285     5.493  1024.398 18204.268    31.811    10.548     0.020     2.747
       165     5.603     0.048     0.000     0.098    -1.989     3.345     5.603  1024.387 17847.126    31.797    10.550     0.020     2.802
       166     5.715     0.049     0.000     0.100    -1.990     3.404     5.715  1024.376 17496.994    31.783    10.553     0.020     2.858
       167     5.830     0.049     0.000     0.101    -1.991     3.463     5.830  1024.365 17153.734    31.770    10.555     0.020     2.915
       168     5.946     0.050     0.000     0.103    -1.991     3.522     5.946  1024.355 16817.213    31.756    10.557     0.020     2.973
       169     6.065     0.050     0.000     0.104    -1.992     3.581     6.065  1024.344 16487.296    31.744    10.560     0.020     3.033
       170     6.187     0.051     0.000     0.106    -1.992     3.639     6.187  1024.334 16163.855    31.731    10.562     0.020     3.093
       171     6.310     0.051     0.000     0.107    -1.993     3.698     6.310  1024.324 15846.763    31.718    10.564     0.020     3.155
       172     6.437     0.052     0.000     0.109    -1.993     3.757     6.437  1024.314 15535.893    31.706    10.566     0.020     3.218
       173     6.566     0.053     0.000     0.110    -1.994     3.815     6.566  1024.305 15231.125    31.694    10.568     0.020     3.283
       174     6.697     0.053     0.000     0.111    -1.995     3.874     6.697  1024.295 14932.339    31.683    10.570     0.020     3.348
       175     6.831     0.054     0.000     0.113    -1.995     3.933     6.831  1024.286 14639.416    31.671    10.572     0.020     3.415
       176     6.968     0.054     0.000     0.114    -1.996     3.993     6.968  1024.277 14352.242    31.660    10.574     0.020     3.484
       177     7.107     0.055     0.000     0.116    -1.997     4.052     7.107  1024.268 14070.704    31.649    10.575     0.020     3.553
       178     7.249     0.056     0.000     0.117    -1.997     4.112     7.249  1024.259 13794.691    31.638    10.577     0.020     3.625
       179     7.394     0.056     0.000     0.119    -1.998     4.172     7.394  1024.251 13524.095    31.628    10.579     0.020     3.697
       180     7.542     0.057     0.000     0.120    -1.998     4.232     7.542  1024.243 13258.808    31.617    10.581     0.020     3.771
       181     7.693     0.057     0.000     0.121    -1.999     4.293     7.693  1024.234 12998.728    31.607    10.583     0.020     3.847
       182     7.847     0.058     0.000     0.123    -2.000     4.354     7.847  1024.226 12743.751    31.597    10.584     0.020     3.923
       183     8.004     0.059     0.000     0.124    -2.000     4.415     8.004  1024.219 12493.778    31.588    10.586     0.020     4.002
       184     8.164     0.059     0.000     0.126    -2.001     4.477     8.164  1024.211 12248.710    31.578    10.587     0.020     4.082
       185     8.327     0.060     0.000     0.127    -2.002     4.539     8.327  1024.203 12008.451    31.569    10.589     0.020     4.164
       186     8.494     0.061     0.000     0.129    -2.002     4.602     8.494  1024.196 11772.906    31.559    10.590     0.020     4.247
       187     8.664     0.061     0.000     0.130    -2.003     4.665     8.664  1024.189 11541.983    31.550    10.592     0.020     4.332
       188     8.837     0.062     0.000     0.132    -2.004     4.728     8.837  1024.182 11315.591    31.542    10.593     0.020     4.419
       189     9.014     0.063     0.000     0.133    -2.004     4.792     9.014  1024.175 11093.641    31.533    10.595     0.020     4.507
       190     9.195     0.063     0.000     0.135    -2.005     4.857     9.195  1024.168 10876.047    31.524    10.596     0.020     4.597
       191     9.378     0.064     0.000     0.136    -2.006     4.922     9.378  1024.161 10662.721    31.516    10.598     0.020     4.689
       192     9.566     0.065     0.000     0.138    -2.006     4.987     9.566  1024.155 10453.581    31.508    10.599     0.020     4.783
       193     9.757     0.066     0.000     0.139    -2.007     5.054     9.757  1024.148 10248.545    31.500    10.600     0.020     4.879
       194     9.953     0.066     0.000     0.141    -2.008     5.120     9.953  1024.142 10047.531    31.492    10.601     0.020     4.976
       195    10.152     0.067     0.000     0.142    -2.008     5.188    10.152  1024.136  9850.461    31.485    10.603     0.020     5.076
       196    10.355     0.068     0.000     0.144    -2.009     5.256    10.355  1024.130  9657.258    31.477    10.604     0.020     5.177
       197    10.562     0.068     0.000     0.145    -2.010     5.324    10.562  1024.124  9467.845    31.470    10.605     0.020     5.281
       198    10.773     0.069     0.000     0.147    -2.011     5.394    10.773  1024.118  9282.148    31.462    10.606     0.020     5.387
       199    10.989     0.070     0.000     0.149    -2.011     5.464    10.989  1024.112  9100.095    31.455    10.607     0.020     5.494
       200    11.209     0.071     0.000     0.150    -2.012     5.534    11.209  1024.107  8921.613    31.448    10.608     0.020     5.604
       201    11.433     0.072     0.000     0.152    -2.013     5.606    11.433  1024.101  8746.633    31.442    10.610     0.020     5.716
       202    11.662     0.072     0.000     0.153    -2.014     5.678    11.662  1024.096  8575.085    31.435    10.611     0.020     5.831
       203    11.895     0.073     0.000     0.155    -2.014     5.751    11.895  1024.090  8406.903    31.428    10.612     0.020     5.947
       204    12.133     0.074     0.000     0.157    -2.015     5.824    12.133  1024.085  8242.020    31.422    10.613     0.020     6.066
       205    12.376     0.075     0.000     0.158    -2.016     5.899    12.376  1024.080  8080.372    31.416    10.614     0.020     6.188
       206    12.623     0.076     0.000     0.160    -2.017     5.974    12.623  1024.075  7921.895    31.409    10.615     0.020     6.312
       207    12.876     0.076     0.000     0.162    -2.017     6.050    12.876  1024.070  7766.527    31.403    10.616     0.020     6.438
       208    13.133     0.077     0.000     0.163    -2.018     6.127    13.133  1024.066  7614.207    31.398    10.616     0.020     6.567
       209    13.396     0.078     0.000     0.165    -2.019     6.205    13.396  1024.061  7464.875    31.392    10.617     0.020     6.698
       210    13.664     0.079     0.000     0.167    -2.020     6.283    13.664  1024.057  7318.472    31.386    10.618     0.020     6.832
       211    13.937     0.080     0.000     0.169    -2.021     6.363    13.937  1024.052  7174.942    31.380    10.619     0.020     6.969
       212    14.216     0.081     0.000     0.170    -2.022     6.443    14.216  1024.048  7034.226    31.375    10.620     0.020     7.108
       213    14.501     0.082     0.000     0.172    -2.022     6.524    14.501  1024.043  6896.271    31.370    10.621     0.020     7.250
       214    14.791     0.083     0.000     0.174    -2.023     6.607    14.791  1024.039  6761.023    31.364    10.622     0.020     7.395
       215    15.087     0.083     0.000     0.176    -2.024     6.690    15.087  1024.035  6628.427    31.359    10.622     0.020     7.543
       216    15.388     0.084     0.000     0.178    -2.025     6.774    15.388  1024.031  6498.432    31.354    10.623     0.020     7.694
       217    15.696     0.085     0.000     0.180    -2.026     6.859    15.696  1024.027  6370.987    31.349    10.624     0.020     7.848
       218    16.010     0.086     0.000     0.181    -2.027     6.945    16.010  1024.023  6246.042    31.344    10.624     0.020     8.005
       219    16.330     0.087     0.000     0.183    -2.027     7.032    16.330  1024.019  6123.548    31.340    10.625     0.020     8.165
       220    16.657     0.088     0.000     0.185    -2.028     7.121    16.657  1024.016  6003.457    31.335    10.626     0.020     8.329
       221    16.990     0.089     0.000     0.187    -2.029     7.210    16.990  1024.012  5885.721    31.331    10.626     0.020     8.495
       222    17.330     0.090     0.000     0.189    -2.030     7.300    17.330  1024.008  5770.295    31.326    10.627     0.020     8.665
       223    17.677     0.091     0.000     0.191    -2.031     7.392    17.677  1024.005  5657.132    31.322    10.628     0.020     8.838
       224    18.030     0.092     0.000     0.193    -2.032     7.485    18.030  1024.001  5546.189    31.317    10.628     0.020     9.015
       225    18.391     0.093     0.000     0.195    -2.033     7.578    18.391  1023.998  5437.423    31.313    10.629     0.020     9.196
       226    18.759     0.094     0.000     0.197    -2.034     7.673    18.759  1023.995  5330.789    31.309    10.630     0.020     9.379
       227    19.134     0.095     0.000     0.199    -2.035     7.770    19.134  1023.992  5226.248    31.305    10.630     0.020     9.567
       228    19.517     0.096     0.000     0.201    -2.036     7.867    19.517  1023.988  5123.756    31.301    10.631     0.020     9.758
       229    19.907     0.097     0.000     0.203    -2.037     7.966    19.907  1023.985  5023.275    31.297    10.631     0.020     9.954
       230    20.306     0.098     0.000     0.206    -2.037     8.066    20.306  1023.982  4924.765    31.293    10.632     0.020    10.153
       231    20.712     0.099     0.000     0.208    -2.038     8.167    20.712  1023.979  4828.187    31.290    10.632     0.020    10.356
       232    21.126     0.100     0.000     0.210    -2.039     8.269    21.126  1023.976  4733.503    31.286    10.633     0.020    10.563
       233    21.549     0.101     0.000     0.212    -2.040     8.373    21.549  1023.974  4640.677    31.282    10.633     0.020    10.774
       234    21.980     0.103     0.000     0.214    -2.041     8.478    21.980  1023.971  4549.671    31.279    10.634     0.020    10.990
       235    22.419     0.104     0.000     0.217    -2.042     8.585    22.419  1023.968  4460.449    31.276    10.634     0.020    11.210
       236    22.868     0.105     0.000     0.219    -2.043     8.693    22.868  1023.965  4372.978    31.272    10.634     0.020    11.434
       237    23.325     0.106     0.000     0.221    -2.044     8.802    23.325  1023.963  4287.222    31.269    10.635     0.020    11.663
       238    23.792     0.107     0.000     0.224    -2.045     8.913    23.792  1023.960  4203.149    31.266    10.635     0.020    11.896
       239    24.268     0.108     0.000     0.226    -2.046     9.025    24.268  1023.958  4120.724    31.262    10.636     0.020    12.134
       240    24.753     0.109     0.000     0.228    -2.047     9.139    24.753  1023.955  4039.916    31.259    10.636     0.020    12.376
       241    25.248     0.111     0.000     0.231    -2.048     9.254    25.248  1023.953  3960.692    31.256    10.636     0.020    12.624
       242    25.753     0.112     0.000     0.233    -2.050     9.371    25.753  1023.950  3883.023    31.253    10.637     0.020    12.877
       243    26.268     0.113     0.000     0.236    -2.051     9.489    26.268  1023.948  3806.876    31.250    10.637     0.020    13.134
       244    26.794     0.114     0.000     0.238    -2.052     9.609    26.794  1023.946  3732.223    31.248    10.637     0.020    13.397
       245    27.330     0.115     0.000     0.241    -2.053     9.731    27.330  1023.944  3659.035    31.245    10.638     0.020    13.665
       246    27.876     0.117     0.000     0.244    -2.054     9.854    27.876  1023.941  3587.281    31.242    10.638     0.020    13.938
       247    28.434     0.118     0.000     0.246    -2.055     9.979    28.434  1023.939  3516.935    31.239    10.638     0.020    14.217
       248    29.003     0.119     0.000     0.249    -2.056    10.105    29.003  1023.937  3447.969    31.237    10.639     0.020    14.501
       249    29.583     0.120     0.000     0.251    -2.057    10.234    29.583  1023.935  3380.355    31.234    10.639     0.020    14.791
       250    30.174     0.122     0.000     0.254    -2.058    10.364    30.174  1023.933  3314.067    31.232    10.639     0.020    15.087
       251    30.778     0.123     0.000     0.257    -2.059    10.496    30.778  1023.931  3249.079    31.229    10.639     0.020    15.389
       252    31.394     0.124     0.000     0.260    -2.061    10.629    31.394  1023.929  3185.365    31.227    10.640     0.020    15.697
       253    32.022     0.126     0.000     0.263    -2.062    10.765    32.022  1023.927  3122.901    31.224    10.640     0.020    16.011
       254    32.662     0.127     0.000     0.265    -2.063    10.903    32.662  1023.926  3061.663    31.222    10.640     0.020    16.331
       255    33.315     0.128     0.000     0.268    -2.064    11.042    33.315  1023.924  3001.625    31.220    10.640     0.020    16.658
       256    33.982     0.130     0.000     0.271    -2.065    11.183    33.982  1023.922  2942.764    31.218    10.640     0.020    16.991
       257    34.661     0.131     0.000     0.274    -2.066    11.327    34.661  1023.920  2885.058    31.215    10.641     0.020    17.331
       258    35.355     0.133     0.000     0.277    -2.068    11.472    35.355  1023.919  2828.484    31.213    10.641     0.020    17.677
       259    36.062     0.134     0.000     0.280    -2.069    11.619    36.062  1023.917  2773.019    31.211    10.641     0.020    18.031
       260    36.783     0.135     0.000     0.284    -2.070    11.769    36.783  1023.915  2718.642    31.209    10.641     0.020    18.392
       261    37.519     0.137     0.000     0.287    -2.071    11.920    37.519  1023.914  2665.331    31.207    10.641     0.020    18.759
       262    38.269     0.138     0.000     0.290    -2.072    12.074    38.269  1023.912  2613.065    31.205    10.641     0.020    19.135
       263    39.035     0.140     0.000     0.293    -2.074    12.230    39.035  1023.911  2561.825    31.203    10.641     0.020    19.517
       264    39.815     0.141     0.000     0.296    -2.075    12.388    39.815  1023.909  2511.590    31.201    10.642     0.020    19.908
       265    40.612     0.143     0.000     0.300    -2.076    12.549    40.612  1023.908  2462.339    31.200    10.642     0.020    20.306
       266    41.424     0.144     0.000     0.303    -2.078    12.712    41.424  1023.906  2414.055    31.198    10.642     0.020    20.712
       267    42.253     0.146     0.000     0.306    -2.079    12.877    42.253  1023.905  2366.717    31.196    10.642     0.020    21.126
       268    43.098     0.147     0.000     0.310    -2.080    13.044    43.098  1023.904  2320.308    31.194    10.642     0.020    21.549
       269    43.960     0.149     0.000     0.313    -2.081    13.214    43.960  1023.902  2274.809    31.193    10.642     0.020    21.980
       270    44.839     0.151     0.000     0.317    -2.083    13.386    44.839  1023.901  2230.202    31.191    10.642     0.020    22.419
       271    45.736     0.152     0.000     0.321    -2.084    13.561    45.736  1023.900  2186.470    31.189    10.642     0.020    22.868
       272    46.651     0.154     0.000     0.324    -2.085    13.739    46.651  1023.898  2143.595    31.188    10.642     0.020    23.325
       273    47.584     0.155     0.000     0.328    -2.087    13.919    47.584  1023.897  2101.561    31.186    10.642     0.020    23.792
       274    48.535     0.157     0.000     0.332    -2.088    14.101    48.535  1023.896  2060.352    31.185    10.642     0.020    24.268
       275    49.506     0.159     0.000     0.336    -2.090    14.287    49.506  1023.895  2019.950    31.183    10.642     0.020    24.753
       276    50.496     0.160     0.000     0.339    -2.091    14.475    50.496  1023.894  1980.341    31.182    10.642     0.020    25.248
       277    51.506     0.162     0.000     0.343    -2.092    14.666    51.506  1023.893  1941.509    31.180    10.642     0.020    25.753
       278    52.537     0.164     0.000     0.347    -2.094    14.859    52.537  1023.892  1903.438    31.179    10.642     0.020    26.268
       279    53.587     0.165     0.000     0.351    -2.095    15.056    53.587  1023.890  1866.114    31.177    10.642     0.020    26.794
       280    54.659     0.167     0.000     0.355    -2.097    15.255    54.659  1023.889  1829.522    31.176    10.642     0.020    27.330
       281    55.752     0.169     0.000     0.360    -2.098    15.458    55.752  1023.888  1793.647    31.175    10.642     0.020    27.876
       282    56.867     0.171     0.000     0.364    -2.100    15.663    56.867  1023.887  1758.476    31.174    10.642     0.020    28.434
       283    58.005     0.173     0.000     0.368    -2.101    15.872    58.005  1023.886  1723.994    31.172    10.642     0.020    29.002
       284    59.165     0.174     0.000     0.372    -2.103    16.084    59.165  1023.886  1690.189    31.171    10.642     0.020    29.582
       285    60.348     0.176     0.000     0.377    -2.104    16.299    60.348  1023.885  1657.046    31.170    10.642     0.020    30.174
       286    61.555     0.178     0.000     0.381    -2.106    16.517    61.555  1023.884  1624.554    31.169    10.642     0.020    30.778
       287    62.787     0.180     0.000     0.386    -2.107    16.738    62.787  1023.883  1592.698    31.168    10.642     0.020    31.393
       288    64.042     0.182     0.000     0.390    -2.109    16.963    64.042  1023.882  1561.468    31.166    10.642     0.020    32.021
       289    65.323     0.184     0.000     0.395    -2.110    17.191    65.323  1023.881  1530.849    31.165    10.642     0.020    32.662
       290    66.630     0.186     0.000     0.400    -2.112    17.423    66.630  1023.880  1500.832    31.164    10.642     0.020    33.315
       291    67.962     0.188     0.000     0.405    -2.114    17.658    67.962  1023.880  1471.402    31.163    10.642     0.020    33.981
       292    69.322     0.190     0.000     0.410    -2.115    17.897    69.322  1023.879  1442.550    31.162    10.642     0.020    34.661
       293    70.708     0.192     0.000     0.414    -2.117    18.140    70.708  1023.878  1414.264    31.161    10.641     0.020    35.354
       294    72.122     0.194     0.000     0.420    -2.118    18.386    72.122  1023.877  1386.532    31.160    10.641     0.020    36.061
       295    73.565     0.196     0.000     0.425    -2.120    18.636    73.565  1023.877  1359.344    31.159    10.641     0.020    36.782
       296    75.036     0.198     0.000     0.430    -2.122    18.890    75.036  1023.876  1332.690    31.158    10.641     0.020    37.518
       297    76.537     0.200     0.000     0.435    -2.123    19.148    76.537  1023.875  1306.558    31.157    10.641     0.020    38.268
       298    78.068     0.202     0.000     0.440    -2.125    19.410    78.068  1023.874  1280.938    31.157    10.641     0.020    39.034
       299    79.629     0.204     0.000     0.446    -2.127    19.676    79.629  1023.874  1255.821    31.156    10.641     0.020    39.815
       300    81.222     0.206     0.000     0.451    -2.129    19.947    81.222  1023.873  1231.196    31.155    10.641     0.020    40.611
       301    82.846     0.208     0.000     0.457    -2.130    20.221    82.846  1023.873  1207.054    31.154    10.640     0.020    41.423
       302    84.503     0.210     0.000     0.463    -2.132    20.500    84.503  1023.872  1183.386    31.153    10.640     0.020    42.252
       303    86.193     0.213     0.000     0.468    -2.134    20.784    86.193  1023.871  1160.182    31.152    10.640     0.020    43.097
       304    87.917     0.215     0.000     0.474    -2.136    21.072    87.917  1023.871  1137.432    31.152    10.640     0.020    43.959
       305    89.676     0.217     0.000     0.480    -2.137    21.364    89.676  1023.870  1115.129    31.151    10.640     0.020    44.838
       306    91.469     0.219     0.000     0.486    -2.139    21.661    91.469  1023.870  1093.263    31.150    10.640     0.020    45.735
       307    93.299     0.221     0.000     0.492    -2.141    21.963    93.299  1023.869  1071.826    31.149    10.639     0.020    46.649
       308    95.165     0.224     0.000     0.499    -2.143    22.270    95.165  1023.869  1050.809    31.149    10.639     0.020    47.582
       309    97.068     0.226     0.000     0.505    -2.145    22.582    97.068  1023.868  1030.205    31.148    10.639     0.020    48.534
       310    99.009     0.228     0.000     0.511    -2.147    22.899    99.009  1023.868  1010.004    31.147    10.639     0.020    49.505
       311   100.990     0.231     0.000     0.518    -2.149    23.222   100.990  1023.867   990.200    31.147    10.639     0.020    50.495
       312   103.010     0.233     0.000     0.524    -2.150    23.549   103.010  1023.867   970.784    31.146    10.638     0.020    51.505
       313   105.070     0.236     0.000     0.531    -2.152    23.882   105.070  1023.866   951.748    31.146    10.638     0.020    52.535
       314   107.171     0.238     0.000     0.538    -2.154    24.221   107.171  1023.866   933.086    31.145    10.638     0.020    53.586
       315   109.315     0.241     0.000     0.545    -2.156    24.565   109.315  1023.866   914.790    31.144    10.638     0.020    54.657
       316   111.501     0.243     0.000     0.552    -2.158    24.915   111.501  1023.865   896.853    31.144    10.637     0.020    55.751
       317   113.731     0.246     0.000     0.559    -2.160    25.271   113.731  1023.865   879.267    31.143    10.637     0.020    56.866
       318   116.006     0.248     0.000     0.567    -2.162    25.632   116.006  1023.864   862.026    31.143    10.637     0.020    58.003
       319   118.326     0.251     0.000     0.574    -2.164    26.000   118.326  1023.864   845.123    31.142    10.637     0.020    59.163
       320   120.692     0.253     0.000     0.582    -2.166    26.375   120.692  1023.864   828.552    31.142    10.636     0.020    60.346
       321   123.106     0.256     0.000     0.589    -2.169    26.756   123.106  1023.863   812.306    31.141    10.636     0.020    61.553
       322   125.569     0.259     0.000     0.597    -2.171    27.143   125.569  1023.863   796.378    31.141    10.636     0.020    62.784
       323   128.080     0.261     0.000     0.605    -2.173    27.537   128.080  1023.863   780.762    31.140    10.636     0.020    64.040
       324   130.642     0.264     0.000     0.613    -2.175    27.938   130.642  1023.862   765.453    31.140    10.635     0.020    65.321
       325   133.254     0.267     0.000     0.622    -2.177    28.346   133.254  1023.862   750.444    31.139    10.635     0.020    66.627
       326   135.920     0.269     0.000     0.630    -2.179    28.762   135.920  1023.862   735.729    31.139    10.635     0.020    67.960
       327   138.638     0.272     0.000     0.639    -2.181    29.184   138.638  1023.862   721.303    31.138    10.634     0.020    69.319
       328   141.411     0.275     0.000     0.647    -2.184    29.615   141.411  1023.861   707.159    31.138    10.634     0.020    70.705
       329   144.239     0.278     0.000     0.656    -2.186    30.053   144.239  1023.861   693.293    31.138    10.634     0.020    72.120
       330   147.124     0.281     0.000     0.665    -2.188    30.499   147.124  1023.861   679.699    31.137    10.634     0.020    73.562
       331   150.066     0.284     0.000     0.674    -2.190    30.954   150.066  1023.861   666.372    31.137    10.633     0.020    75.033
       332   153.068     0.287     0.000     0.684    -2.193    31.417   153.068  1023.860   653.305    31.137    10.633     0.020    76.534
       333   156.129     0.290     0.000     0.693    -2.195    31.888   156.129  1023.860   640.495    31.136    10.633     0.020    78.065
       334   159.252     0.293     0.000     0.703    -2.197    32.369   159.252  1023.860   627.937    31.136    10.632     0.020    79.626
       335   162.437     0.296     0.000     0.713    -2.200    32.858   162.437  1023.860   615.624    31.136    10.632     0.020    81.218
       336   165.686     0.299     0.000     0.723    -2.202    33.358   165.686  1023.860   603.553    31.135    10.632     0.020    82.843
       337   168.999     0.302     0.000     0.733    -2.204    33.866   168.999  1023.859   591.718    31.135    10.631     0.020    84.500
       338   172.379     0.305     0.000     0.744    -2.207    34.385   172.379  1023.859   580.116    31.135    10.631     0.020    86.190
       339   175.827     0.308     0.000     0.754    -2.209    34.914   175.827  1023.859   568.741    31.134    10.630     0.020    87.913
       340   179.344     0.311     0.000     0.765    -2.212    35.454   179.344  1023.859   557.589    31.134    10.630     0.020    89.672
       341   182.930     0.314     0.000     0.776    -2.214    36.004   182.930  1023.859   546.656    31.134    10.630     0.020    91.465
       342   186.589     0.318     0.000     0.787    -2.216    36.566   186.589  1023.859   535.937    31.134    10.629     0.020    93.295
       343   190.321     0.321     0.000     0.799    -2.219    37.139   190.321  1023.859   525.428    31.133    10.629     0.020    95.160
       344   194.127     0.324     0.000     0.811    -2.221    37.725   194.127  1023.858   515.126    31.133    10.629     0.020    97.064
       345   198.010     0.327     0.000     0.823    -2.224    38.323   198.010  1023.858   505.025    31.133    10.628     0.020    99.005
       346   201.970     0.331     0.000     0.835    -2.227    38.933   201.970  1023.858   495.123    31.133    10.628     0.020   100.985
       347   206.009     0.334     0.000     0.848    -2.229    39.557   206.009  1023.858   485.415    31.133    10.627     0.020   103.005
       348   210.130     0.338     0.000     0.861    -2.232    40.195   210.130  1023.858   475.897    31.132    10.627     0.020   105.065
       349   214.332     0.341     0.000     0.874    -2.234    40.848   214.332  1023.858   466.565    31.132    10.626     0.020   107.166
       350   218.619     0.345     0.000     0.887    -2.237    41.515   218.619  1023.858   457.417    31.132    10.626     0.020   109.309
       351   222.991     0.348     0.000     0.901    -2.240    42.198   222.991  1023.858   448.448    31.132    10.626     0.020   111.496
       352   227.451     0.352     0.000     0.915    -2.242    42.897   227.451  1023.858   439.655    31.132    10.625     0.020   113.726
       353   232.000     0.355     0.000     0.929    -2.245    43.613   232.000  1023.858   431.034    31.131    10.625     0.020   116.000
       354   236.640     0.359     0.000     0.944    -2.248    44.347   236.640  1023.858   422.582    31.131    10.624     0.020   118.320
       355   241.373     0.363     0.000     0.959    -2.251    45.099   241.373  1023.858   414.296    31.131    10.624     0.020   120.687
       356   246.201     0.366     0.000     0.975    -2.253    45.870   246.201  1023.858   406.173    31.131    10.623     0.020   123.100
       357   251.125     0.370     0.000     0.991    -2.256    46.661   251.125  1023.858   398.209    31.131    10.623     0.020   125.562
       358   256.147     0.374     0.000     1.007    -2.259    47.474   256.147  1023.858   390.401    31.131    10.622     0.020   128.074
---------------------------- Plume traps -----------------------------
       359   261.270     0.378     0.000     1.024    -2.262    48.309   261.270  1023.858   382.746    31.131    10.622     0.020   130.635
       360   266.495     0.382     0.000     1.041    -2.265    49.168   266.495  1023.858   375.241    31.131    10.622     0.020   133.248
       361   271.825     0.386     0.000     1.059    -2.268    50.052   271.825  1023.858   367.883    31.131    10.621     0.020   135.913
       362   277.262     0.390     0.000     1.077    -2.271    50.962   277.262  1023.858   360.670    31.130    10.621     0.020   138.631
       363   282.807     0.394     0.000     1.096    -2.273    51.901   282.807  1023.858   353.598    31.130    10.620     0.020   141.404
       364   288.463     0.398     0.000     1.116    -2.276    52.869   288.463  1023.858   346.665    31.130    10.620     0.020   144.232
       365   294.232     0.402     0.000     1.136    -2.279    53.870   294.232  1023.858   339.867    31.130    10.619     0.020   147.116
       366   300.117     0.406     0.000     1.156    -2.282    54.904   300.117  1023.858   333.203    31.130    10.619     0.020   150.059
       367   306.119     0.410     0.000     1.178    -2.285    55.976   306.119  1023.858   326.670    31.130    10.618     0.020   153.060
       368   312.242     0.414     0.000     1.200    -2.288    57.087   312.242  1023.858   320.265    31.130    10.617     0.020   156.121
       369   318.487     0.419     0.000     1.224    -2.291    58.242   318.487  1023.858   313.985    31.130    10.617     0.020   159.243
       370   324.856     0.423     0.000     1.248    -2.294    59.444   324.856  1023.858   307.828    31.130    10.616     0.020   162.428
       371   331.353     0.427     0.000     1.273    -2.297    60.698   331.353  1023.858   301.793    31.130    10.616     0.020   165.677
       372   337.980     0.432     0.000     1.299    -2.300    62.008   337.980  1023.858   295.875    31.130    10.615     0.020   168.990
       373   344.740     0.436     0.000     1.327    -2.304    63.383   344.740  1023.858   290.074    31.130    10.615     0.020   172.370
       374   351.635     0.441     0.000     1.356    -2.307    64.829   351.635  1023.858   284.386    31.130    10.614     0.020   175.817
       375   358.667     0.445     0.000     1.386    -2.310    66.356   358.667  1023.859   278.810    31.130    10.614     0.020   179.334
       376   365.841     0.450     0.000     1.419    -2.313    67.975   365.841  1023.859   273.343    31.130    10.613     0.020   182.920
       377   373.157     0.454     0.000     1.454    -2.316    69.703   373.157  1023.859   267.983    31.130    10.613     0.020   186.579
       378   380.621     0.459     0.000     1.491    -2.319    71.557   380.621  1023.859   262.729    31.130    10.612     0.020   190.310
       379   387.907     0.464     0.000     1.530    -2.322    73.480   387.907  1023.859   257.794    31.130    10.611     0.020   193.953
       380   394.727     0.468     0.000     1.568    -2.324    75.407   394.727  1023.859   253.340    31.130    10.611     0.020   197.363
       381   401.035     0.472     0.000     1.607    -2.327    77.334   401.035  1023.859   249.355    31.130    10.610     0.020   200.518
       382   406.801     0.475     0.000     1.646    -2.329    79.259   406.801  1023.859   245.820    31.130    10.610     0.020   203.400
       383   412.007     0.478     0.000     1.684    -2.330    81.182   412.007  1023.859   242.714    31.130    10.610     0.020   206.004
       384   416.640     0.481     0.000     1.723    -2.332    83.104   416.640  1023.859   240.015    31.130    10.609     0.020   208.320
       385   420.689     0.483     0.000     1.761    -2.333    85.025   420.689  1023.860   237.705    31.130    10.609     0.020   210.344
       386   424.143     0.485     0.000     1.800    -2.334    86.945   424.143  1023.860   235.769    31.130    10.609     0.020   212.072
       387   426.996     0.487     0.000     1.838    -2.335    88.864   426.996  1023.860   234.194    31.130    10.609     0.020   213.498
       388   429.239     0.488     0.000     1.877    -2.335    90.784   429.239  1023.860   232.971    31.130    10.608     0.020   214.619
       389   430.867     0.489     0.000     1.915    -2.335    92.703   430.867  1023.860   232.090    31.130    10.608     0.020   215.434
---------------------- Local maximum rise or fall --------------------
       390   431.879     0.490     0.000     1.954    -2.335    94.623   431.879  1023.860   231.546    31.130    10.608     0.020   215.939
       391   432.564     0.490     0.000     1.992    -2.335    96.543   432.564  1023.860   231.180    31.130    10.608     0.020   216.282
       392   433.375     0.491     0.000     2.031    -2.334    98.465   433.375  1023.860   230.747    31.130    10.608     0.020   216.688
       393   434.547     0.491     0.000     2.070    -2.333   100.400   434.547  1023.860   230.125    31.130    10.608     0.020   217.274
       394   436.211     0.492     0.000     2.109    -2.332   102.361   436.211  1023.860   229.247    31.130    10.608     0.020   218.106
       395   438.459     0.494     0.000     2.149    -2.330   104.364   438.459  1023.860   228.072    31.130    10.608     0.020   219.229
       396   441.372     0.495     0.000     2.191    -2.328   106.431   441.372  1023.860   226.566    31.130    10.608     0.020   220.686
       397   445.047     0.497     0.000     2.234    -2.326   108.585   445.047  1023.860   224.695    31.130    10.607     0.020   222.523
       398   449.607     0.500     0.000     2.280    -2.324   110.856   449.607  1023.860   222.416    31.131    10.607     0.020   224.804
       399   455.226     0.503     0.000     2.328    -2.320   113.285   455.226  1023.860   219.671    31.131    10.607     0.020   227.613
       400   462.155     0.506     0.000     2.381    -2.317   115.927   462.155  1023.860   216.377    31.131    10.606     0.020   231.078
       401   470.786     0.511     0.000     2.440    -2.312   118.866   470.786  1023.860   212.411    31.131    10.606     0.020   235.393
       402   480.202     0.516     0.000     2.498    -2.307   121.759   480.202  1023.860   208.246    31.131    10.605     0.020   240.101
       403   489.806     0.521     0.000     2.553    -2.303   124.466   489.806  1023.860   204.162    31.131    10.605     0.020   244.903
       404   499.602     0.526     0.000     2.604    -2.298   127.041   499.602  1023.861   200.159    31.131    10.605     0.020   249.801
       405   509.594     0.531     0.000     2.654    -2.294   129.527   509.594  1023.861   196.235    31.131    10.604     0.020   254.797
       406   519.786     0.537     0.000     2.703    -2.289   131.956   519.786  1023.861   192.387    31.131    10.604     0.020   259.893
       407   530.182     0.542     0.000     2.751    -2.285   134.356   530.182  1023.861   188.615    31.131    10.604     0.020   265.091
       408   540.785     0.547     0.000     2.799    -2.281   136.748   540.785  1023.861   184.916    31.131    10.603     0.020   270.393
       409   551.601     0.553     0.000     2.847    -2.276   139.154   551.601  1023.861   181.290    31.131    10.603     0.020   275.800
---------------------------- Plume traps -----------------------------
       410   562.633     0.558     0.000     2.896    -2.272   141.590   562.633  1023.861   177.736    31.130    10.603     0.020   281.316
-------------------- Starting Farfield Calculations --------------------
Note: Plumes not merged, Brooks method may be overly conservative
Farfield dispersion based on wastefield width of :      48.56 (m)
Constant Eddy Diffusivity is used:
  Dilution     Width  Distance      Time    Bckgrd     Conc.
        ()       (m)       (m)    (hrs.)    (mg/L)    (mg/L)
   562.633    48.572     2.896     0.000     0.000   177.736
   562.633    48.640     3.000     0.002     0.000   178.276
   562.633    49.291     4.000     0.016     0.000   178.276
   562.633    49.934     5.000     0.029     0.000   178.276
   562.633    50.568     6.000     0.043     0.000   178.276
   562.633    51.195     7.000     0.057     0.000   178.276
   562.635    51.814     8.000     0.071     0.000   178.276
   562.645    52.426     9.000     0.085     0.000   178.273
   562.678    53.031    10.000     0.099     0.000   178.273
   562.757    53.629    11.000     0.113     0.000   178.273
   562.908    54.220    12.000     0.127     0.000   178.197
   563.158    54.805    13.000     0.141     0.000   178.197
   563.529    55.384    14.000     0.154     0.000   178.197
   564.037    55.957    15.000     0.168     0.000   177.855
   564.693    56.524    16.000     0.182     0.000   177.855
   565.502    57.085    17.000     0.196     0.000   177.855
   566.466    57.641    18.000     0.210     0.000   177.112
   567.583    58.191    19.000     0.224     0.000   177.112
   568.848    58.737    20.000     0.238     0.000   177.112
   570.256    59.277    21.000     0.252     0.000   175.954
   571.797    59.813    22.000     0.266     0.000   175.954
   573.466    60.343    23.000     0.279     0.000   175.954
   575.253    60.870    24.000     0.293     0.000   174.442
   577.149    61.391    25.000     0.307     0.000   174.442
   579.148    61.909    26.000     0.321     0.000   174.442
   581.241    62.421    27.000     0.335     0.000   172.657
   583.420    62.930    28.000     0.349     0.000   172.657
   585.678    63.435    29.000     0.363     0.000   172.657
   588.010    63.936    30.000     0.377     0.000   170.679
   590.408    64.432    31.000     0.391     0.000   170.679
   592.867    64.925    32.000     0.404     0.000   170.679
   595.381    65.415    33.000     0.418     0.000   168.573
   597.945    65.900    34.000     0.432     0.000   168.573
   600.556    66.383    35.000     0.446     0.000   168.573
   603.208    66.861    36.000     0.460     0.000   166.390
   605.898    67.336    37.000     0.474     0.000   166.390
   608.622    67.808    38.000     0.488     0.000   166.390
   611.377    68.277    39.000     0.502     0.000   164.169
   614.160    68.742    40.000     0.516     0.000   164.169
   616.967    69.205    41.000     0.529     0.000   164.169
   619.798    69.664    42.000     0.543     0.000   161.940
   622.648    70.120    43.000     0.557     0.000   161.940
   625.516    70.574    44.000     0.571     0.000   161.940
   628.400    71.024    45.000     0.585     0.000   159.724
   631.298    71.472    46.000     0.599     0.000   159.724
   634.208    71.916    47.000     0.613     0.000   159.724
   637.129    72.358    48.000     0.627     0.000   157.535
   640.060    72.798    49.000     0.641     0.000   157.535
   642.998    73.234    50.000     0.654     0.000   157.535
   645.943    73.669    51.000     0.668     0.000   155.384
   648.894    74.100    52.000     0.682     0.000   155.384
   651.849    74.529    53.000     0.696     0.000   155.384
   654.808    74.956    54.000     0.710     0.000   153.279
   657.770    75.380    55.000     0.724     0.000   153.279
   660.734    75.802    56.000     0.738     0.000   153.279
   663.699    76.221    57.000     0.752     0.000   151.224
   666.664    76.639    58.000     0.766     0.000   151.224
   669.629    77.054    59.000     0.779     0.000   151.224
   672.593    77.466    60.000     0.793     0.000   149.221
   675.556    77.877    61.000     0.807     0.000   149.221
   678.517    78.285    62.000     0.821     0.000   149.221
   681.476    78.692    63.000     0.835     0.000   147.274
   684.432    79.096    64.000     0.849     0.000   147.274
   687.385    79.498    65.000     0.863     0.000   147.274
   690.334    79.898    66.000     0.877     0.000   145.382
   693.280    80.296    67.000     0.891     0.000   145.382
   696.221    80.692    68.000     0.904     0.000   145.382
   699.158    81.086    69.000     0.918     0.000   143.544
   702.090    81.479    70.000     0.932     0.000   143.544
   705.017    81.869    71.000     0.946     0.000   143.544
   707.940    82.258    72.000     0.960     0.000   141.761
   710.856    82.645    73.000     0.974     0.000   141.761
   713.767    83.029    74.000     0.988     0.000   141.761
   716.673    83.413    75.000     1.002     0.000   140.031
   719.572    83.794    76.000     1.016     0.000   140.031
   722.466    84.174    77.000     1.029     0.000   140.031
   725.353    84.552    78.000     1.043     0.000   138.353
   728.234    84.928    79.000     1.057     0.000   138.353
   731.108    85.303    80.000     1.071     0.000   138.353
   733.976    85.676    81.000     1.085     0.000   136.724
   736.838    86.047    82.000     1.099     0.000   136.724
   739.692    86.417    83.000     1.113     0.000   136.724
   742.540    86.785    84.000     1.127     0.000   135.145
   745.381    87.152    85.000     1.141     0.000   135.145
   748.215    87.517    86.000     1.154     0.000   135.145
   751.043    87.880    87.000     1.168     0.000   133.612
   753.863    88.243    88.000     1.182     0.000   133.612
   756.676    88.603    89.000     1.196     0.000   133.612
   759.482    88.962    90.000     1.210     0.000   132.125
   762.281    89.320    91.000     1.224     0.000   132.125
   765.073    89.676    92.000     1.238     0.000   132.125
   767.858    90.031    93.000     1.252     0.000   130.682
   770.636    90.385    94.000     1.266     0.000   130.682
   773.406    90.737    95.000     1.279     0.000   130.682
   776.170    91.088    96.000     1.293     0.000   129.280
   778.926    91.437    97.000     1.307     0.000   129.280
   781.675    91.785    98.000     1.321     0.000   129.280
   784.416    92.132    99.000     1.335     0.000   127.918
   787.151    92.477   100.000     1.349     0.000   127.918
   789.879    92.822   101.000     1.363     0.000   127.918
   792.599    93.164   102.000     1.377     0.000   126.595
   795.312    93.506   103.000     1.391     0.000   126.595
   798.018    93.846   104.000     1.404     0.000   126.595
   800.717    94.186   105.000     1.418     0.000   125.310
   803.409    94.524   106.000     1.432     0.000   125.310
   806.093    94.860   107.000     1.446     0.000   125.310
   808.771    95.196   108.000     1.460     0.000   124.060
   811.441    95.530   109.000     1.474     0.000   124.060
   814.105    95.864   110.000     1.488     0.000   124.060
   816.761    96.196   111.000     1.502     0.000   122.844
   819.411    96.527   112.000     1.516     0.000   122.844
   822.053    96.856   113.000     1.529     0.000   122.844
   824.689    97.185   114.000     1.543     0.000   121.661
   827.318    97.513   115.000     1.557     0.000   121.661
   829.939    97.839   116.000     1.571     0.000   121.661
   832.554    98.164   117.000     1.585     0.000   120.509
   835.162    98.489   118.000     1.599     0.000   120.509
   837.764    98.812   119.000     1.613     0.000   120.509
   840.358    99.134   120.000     1.627     0.000   119.388
   842.946    99.455   121.000     1.641     0.000   119.388
   845.527    99.775   122.000     1.654     0.000   119.388
   848.102   100.094   123.000     1.668     0.000   118.296
   850.670   100.413   124.000     1.682     0.000   118.296
   853.231   100.730   125.000     1.696     0.000   118.296
   855.786   101.046   126.000     1.710     0.000   117.232
   858.334   101.361   127.000     1.724     0.000   117.232
   860.876   101.675   128.000     1.738     0.000   117.232
   863.411   101.988   129.000     1.752     0.000   116.195
   865.940   102.300   130.000     1.766     0.000   116.195
   868.462   102.611   131.000     1.779     0.000   116.195
   870.978   102.922   132.000     1.793     0.000   115.184
   873.487   103.231   133.000     1.807     0.000   115.184
   875.991   103.540   134.000     1.821     0.000   115.184
   878.488   103.847   135.000     1.835     0.000   114.197
   880.979   104.154   136.000     1.849     0.000   114.197
   883.463   104.459   137.000     1.863     0.000   114.197
   885.942   104.764   138.000     1.877     0.000   113.235
   888.414   105.068   139.000     1.891     0.000   113.235
   890.881   105.371   140.000     1.904     0.000   113.235
   893.341   105.673   141.000     1.918     0.000   112.296
   895.795   105.975   142.000     1.932     0.000   112.296
   898.243   106.275   143.000     1.946     0.000   112.296
   900.685   106.575   144.000     1.960     0.000   111.378
   903.122   106.874   145.000     1.974     0.000   111.378
   905.552   107.172   146.000     1.988     0.000   111.378
   907.977   107.469   147.000     2.002     0.000   110.482
   910.395   107.765   148.000     2.016     0.000   110.482
   912.808   108.060   149.000     2.029     0.000   110.482
   915.216   108.355   150.000     2.043     0.000   109.607
   917.617   108.649   151.000     2.057     0.000   109.607
   920.013   108.942   152.000     2.071     0.000   109.607
   922.403   109.234   153.000     2.085     0.000   108.751
   924.788   109.526   154.000     2.099     0.000   108.751
   927.167   109.817   155.000     2.113     0.000   108.751
   929.540   110.107   156.000     2.127     0.000   107.915
   931.908   110.396   157.000     2.141     0.000   107.915
   934.270   110.684   158.000     2.154     0.000   107.915
   936.627   110.972   159.000     2.168     0.000   107.097
   938.979   111.259   160.000     2.182     0.000   107.097
   941.325   111.545   161.000     2.196     0.000   107.097
   943.665   111.831   162.000     2.210     0.000   106.297
   946.001   112.116   163.000     2.224     0.000   106.297
   948.331   112.400   164.000     2.238     0.000   106.297
   950.656   112.683   165.000     2.252     0.000   105.514
   952.975   112.966   166.000     2.266     0.000   105.514
   955.290   113.248   167.000     2.279     0.000   105.514
   957.599   113.529   168.000     2.293     0.000   104.748
   959.903   113.809   169.000     2.307     0.000   104.748
   962.202   114.089   170.000     2.321     0.000   104.748
   964.496   114.368   171.000     2.335     0.000   103.998
   966.784   114.647   172.000     2.349     0.000   103.998
   969.068   114.925   173.000     2.363     0.000   103.998
   971.347   115.202   174.000     2.377     0.000   103.263
   973.621   115.478   175.000     2.391     0.000   103.263
   975.889   115.754   176.000     2.404     0.000   103.263
   978.153   116.029   177.000     2.418     0.000   102.543
   980.412   116.304   178.000     2.432     0.000   102.543
   982.666   116.578   179.000     2.446     0.000   102.543
   984.916   116.851   180.000     2.460     0.000   101.838
   987.160   117.123   181.000     2.474     0.000   101.838
   989.400   117.395   182.000     2.488     0.000   101.838
   991.635   117.667   183.000     2.502     0.000   101.147
   993.865   117.937   184.000     2.516     0.000   101.147
   996.091   118.207   185.000     2.529     0.000   101.147
   998.312   118.477   186.000     2.543     0.000   100.469
  1000.528   118.746   187.000     2.557     0.000   100.469
  1002.740   119.014   188.000     2.571     0.000   100.469
  1004.947   119.282   189.000     2.585     0.000    99.805
  1007.149   119.549   190.000     2.599     0.000    99.805
  1009.347   119.815   191.000     2.613     0.000    99.805
  1011.540   120.081   192.000     2.627     0.000    99.153
  1013.729   120.346   193.000     2.641     0.000    99.153
  1015.914   120.611   194.000     2.654     0.000    99.153
  1018.094   120.875   195.000     2.668     0.000    98.514
  1020.270   121.138   196.000     2.682     0.000    98.514
  1022.441   121.401   197.000     2.696     0.000    98.514
  1024.608   121.664   198.000     2.710     0.000    97.887
  1026.770   121.926   199.000     2.724     0.000    97.887
  1028.928   122.187   200.000     2.738     0.000    97.887
  1031.082   122.448   201.000     2.752     0.000    97.271
  1033.232   122.708   202.000     2.766     0.000    97.271
  1035.377   122.967   203.000     2.779     0.000    97.271
  1037.519   123.226   204.000     2.793     0.000    96.667
  1039.656   123.485   205.000     2.807     0.000    96.667
  1041.788   123.743   206.000     2.821     0.000    96.667
............................. Reached Chronic Mixing Zone ..........................
  1043.917   124.000   207.000     2.835     0.000    96.073
  1046.041   124.257   208.000     2.849     0.000    96.073
  1048.162   124.513   209.000     2.863     0.000    96.073
  1050.278   124.769   210.000     2.877     0.000    95.490
  1052.390   125.025   211.000     2.891     0.000    95.490
  1054.499   125.279   212.000     2.904     0.000    95.490
  1056.603   125.534   213.000     2.918     0.000    94.918
  1058.703   125.787   214.000     2.932     0.000    94.918
  1060.799   126.041   215.000     2.946     0.000    94.918
  1062.891   126.293   216.000     2.960     0.000    94.355
  1064.980   126.546   217.000     2.974     0.000    94.355
  1067.064   126.797   218.000     2.988     0.000    94.355
  1069.145   127.049   219.000     3.002     0.000    93.803
  1071.221   127.299   220.000     3.016     0.000    93.803
  1073.294   127.550   221.000     3.029     0.000    93.803
  1075.363   127.799   222.000     3.043     0.000    93.259
  1077.428   128.049   223.000     3.057     0.000    93.259
  1079.489   128.297   224.000     3.071     0.000    93.259
  1081.547   128.546   225.000     3.085     0.000    92.725
  1083.601   128.794   226.000     3.099     0.000    92.725
  1085.651   129.041   227.000     3.113     0.000    92.725
  1087.697   129.288   228.000     3.127     0.000    92.200
  1089.740   129.534   229.000     3.141     0.000    92.200
  1091.778   129.780   230.000     3.154     0.000    92.200
  1093.814   130.026   231.000     3.168     0.000    91.684
  1095.845   130.271   232.000     3.182     0.000    91.684
  1097.873   130.515   233.000     3.196     0.000    91.684
  1099.898   130.759   234.000     3.210     0.000    91.176
  1101.919   131.003   235.000     3.224     0.000    91.176
  1103.936   131.246   236.000     3.238     0.000    91.176
  1105.950   131.489   237.000     3.252     0.000    90.676
  1107.960   131.731   238.000     3.266     0.000    90.676
  1109.966   131.973   239.000     3.279     0.000    90.676
  1111.969   132.214   240.000     3.293     0.000    90.185
  1113.969   132.455   241.000     3.307     0.000    90.185
  1115.965   132.696   242.000     3.321     0.000    90.185
  1117.958   132.936   243.000     3.335     0.000    89.701
  1119.947   133.176   244.000     3.349     0.000    89.701
  1121.933   133.415   245.000     3.363     0.000    89.701
  1123.916   133.654   246.000     3.377     0.000    89.225
  1125.895   133.892   247.000     3.391     0.000    89.225
  1127.871   134.130   248.000     3.404     0.000    89.225
  1129.843   134.368   249.000     3.418     0.000    88.756
  1131.812   134.605   250.000     3.432     0.000    88.756
  1133.778   134.841   251.000     3.446     0.000    88.756
  1135.740   135.078   252.000     3.460     0.000    88.294
  1137.700   135.313   253.000     3.474     0.000    88.294
  1139.655   135.549   254.000     3.488     0.000    88.294
  1141.608   135.784   255.000     3.502     0.000    87.840
  1143.558   136.019   256.000     3.516     0.000    87.840
  1145.504   136.253   257.000     3.529     0.000    87.840
  1147.447   136.487   258.000     3.543     0.000    87.392
  1149.387   136.720   259.000     3.557     0.000    87.392
  1151.323   136.953   260.000     3.571     0.000    87.392
  1153.257   137.186   261.000     3.585     0.000    86.951
  1155.187   137.418   262.000     3.599     0.000    86.951
  1157.114   137.650   263.000     3.613     0.000    86.951
  1159.038   137.881   264.000     3.627     0.000    86.517
  1160.959   138.112   265.000     3.641     0.000    86.517
  1162.877   138.343   266.000     3.654     0.000    86.517
  1164.792   138.573   267.000     3.668     0.000    86.089
  1166.704   138.803   268.000     3.682     0.000    86.089
  1168.612   139.033   269.000     3.696     0.000    86.089
  1170.518   139.262   270.000     3.710     0.000    85.667
  1172.421   139.491   271.000     3.724     0.000    85.667
  1174.320   139.719   272.000     3.738     0.000    85.667
  1176.217   139.947   273.000     3.752     0.000    85.252
  1178.111   140.175   274.000     3.766     0.000    85.252
  1180.001   140.402   275.000     3.779     0.000    85.252
  1181.889   140.629   276.000     3.793     0.000    84.842
  1183.774   140.856   277.000     3.807     0.000    84.842
  1185.656   141.082   278.000     3.821     0.000    84.842
  1187.535   141.308   279.000     3.835     0.000    84.438
  1189.411   141.533   280.000     3.849     0.000    84.438
  1191.284   141.758   281.000     3.863     0.000    84.438
  1193.155   141.983   282.000     3.877     0.000    84.040
  1195.022   142.208   283.000     3.891     0.000    84.040
  1196.887   142.432   284.000     3.904     0.000    84.040
  1198.749   142.655   285.000     3.918     0.000    83.647
  1200.608   142.879   286.000     3.932     0.000    83.647
  1202.464   143.102   287.000     3.946     0.000    83.647
  1204.317   143.324   288.000     3.960     0.000    83.260
  1206.168   143.547   289.000     3.974     0.000    83.260
  1208.016   143.769   290.000     3.988     0.000    83.260
  1209.861   143.990   291.000     4.002     0.000    82.878
  1211.703   144.212   292.000     4.016     0.000    82.878
  1213.543   144.433   293.000     4.029     0.000    82.878
  1215.380   144.653   294.000     4.043     0.000    82.501
  1217.214   144.873   295.000     4.057     0.000    82.501
  1219.045   145.093   296.000     4.071     0.000    82.501
  1220.874   145.313   297.000     4.085     0.000    82.129
  1222.700   145.532   298.000     4.099     0.000    82.129
  1224.523   145.751   299.000     4.113     0.000    82.129
  1226.344   145.970   300.000     4.127     0.000    81.762
  1228.162   146.188   301.000     4.141     0.000    81.762
  1229.978   146.406   302.000     4.154     0.000    81.762
  1231.791   146.624   303.000     4.168     0.000    81.400
  1233.601   146.841   304.000     4.182     0.000    81.400
  1235.409   147.058   305.000     4.196     0.000    81.400
  1237.214   147.275   306.000     4.210     0.000    81.043
  1239.016   147.491   307.000     4.224     0.000    81.043
  1240.816   147.707   308.000     4.238     0.000    81.043
  1242.614   147.923   309.000     4.252     0.000    80.690
  1244.408   148.138   310.000     4.266     0.000    80.690
  1246.201   148.353   311.000     4.279     0.000    80.690
  1247.990   148.568   312.000     4.293     0.000    80.342
  1249.778   148.783   313.000     4.307     0.000    80.342
  1251.562   148.997   314.000     4.321     0.000    80.342
  1253.345   149.211   315.000     4.335     0.000    79.998
  1255.125   149.424   316.000     4.349     0.000    79.998
  1256.902   149.637   317.000     4.363     0.000    79.998
  1258.677   149.850   318.000     4.377     0.000    79.659
  1260.449   150.063   319.000     4.391     0.000    79.659
  1262.219   150.275   320.000     4.404     0.000    79.659
  1263.986   150.487   321.000     4.418     0.000    79.324
  1265.752   150.699   322.000     4.432     0.000    79.324
  1267.514   150.911   323.000     4.446     0.000    79.324
  1269.274   151.122   324.000     4.460     0.000    78.993
  1271.032   151.333   325.000     4.474     0.000    78.993
  1272.788   151.543   326.000     4.488     0.000    78.993
  1274.541   151.754   327.000     4.502     0.000    78.666
  1276.292   151.964   328.000     4.516     0.000    78.666
  1278.040   152.173   329.000     4.529     0.000    78.666
  1279.786   152.383   330.000     4.543     0.000    78.343
  1281.530   152.592   331.000     4.557     0.000    78.343
  1283.271   152.801   332.000     4.571     0.000    78.343
  1285.010   153.009   333.000     4.585     0.000    78.025
  1286.747   153.217   334.000     4.599     0.000    78.025
  1288.481   153.425   335.000     4.613     0.000    78.025
  1290.214   153.633   336.000     4.627     0.000    77.709
  1291.943   153.840   337.000     4.641     0.000    77.709
  1293.671   154.048   338.000     4.654     0.000    77.709
  1295.396   154.254   339.000     4.668     0.000    77.398
  1297.119   154.461   340.000     4.682     0.000    77.398
  1298.840   154.667   341.000     4.696     0.000    77.398
  1300.559   154.873   342.000     4.710     0.000    77.091
  1302.275   155.079   343.000     4.724     0.000    77.091
  1303.989   155.285   344.000     4.738     0.000    77.091
  1305.701   155.490   345.000     4.752     0.000    76.787
  1307.411   155.695   346.000     4.766     0.000    76.787
  1309.118   155.899   347.000     4.779     0.000    76.787
  1310.823   156.104   348.000     4.793     0.000    76.486
  1312.527   156.308   349.000     4.807     0.000    76.486
  1314.228   156.512   350.000     4.821     0.000    76.486
  1315.926   156.716   351.000     4.835     0.000    76.189
  1317.623   156.919   352.000     4.849     0.000    76.189
  1319.317   157.122   353.000     4.863     0.000    75.896
  1321.010   157.325   354.000     4.877     0.000    75.896
  1322.700   157.527   355.000     4.891     0.000    75.896
  1324.388   157.730   356.000     4.904     0.000    75.605
  1326.074   157.932   357.000     4.918     0.000    75.605
  1327.758   158.133   358.000     4.932     0.000    75.605
  1329.439   158.335   359.000     4.946     0.000    75.318
  1331.119   158.536   360.000     4.960     0.000    75.318
  1332.797   158.737   361.000     4.974     0.000    75.318
  1334.472   158.938   362.000     4.988     0.000    75.035
  1336.146   159.138   363.000     5.002     0.000    75.035
  1337.817   159.339   364.000     5.016     0.000    75.035
  1339.486   159.539   365.000     5.029     0.000    74.754
  1341.153   159.738   366.000     5.043     0.000    74.754
  1342.819   159.938   367.000     5.057     0.000    74.754
  1344.482   160.137   368.000     5.071     0.000    74.477
  1346.143   160.336   369.000     5.085     0.000    74.477
  1347.802   160.535   370.000     5.099     0.000    74.477
  1349.459   160.734   371.000     5.113     0.000    74.202
  1351.114   160.932   372.000     5.127     0.000    74.202
  1352.767   161.130   373.000     5.141     0.000    74.202
  1354.418   161.328   374.000     5.154     0.000    73.931
  1356.067   161.525   375.000     5.168     0.000    73.931
  1357.715   161.722   376.000     5.182     0.000    73.931
  1359.360   161.919   377.000     5.196     0.000    73.663
  1361.003   162.116   378.000     5.210     0.000    73.663
  1362.644   162.313   379.000     5.224     0.000    73.663
  1364.283   162.509   380.000     5.238     0.000    73.397
  1365.921   162.705   381.000     5.252     0.000    73.397
  1367.556   162.901   382.000     5.266     0.000    73.397
  1369.190   163.097   383.000     5.279     0.000    73.134
  1370.821   163.292   384.000     5.293     0.000    73.134
  1372.451   163.487   385.000     5.307     0.000    73.134
  1374.079   163.682   386.000     5.321     0.000    72.874
  1375.705   163.877   387.000     5.335     0.000    72.874
  1377.329   164.071   388.000     5.349     0.000    72.874
  1378.951   164.266   389.000     5.363     0.000    72.617
  1380.571   164.460   390.000     5.377     0.000    72.617
  1382.189   164.654   391.000     5.391     0.000    72.617
  1383.805   164.847   392.000     5.404     0.000    72.363
  1385.420   165.040   393.000     5.418     0.000    72.363
  1387.033   165.233   394.000     5.432     0.000    72.363
  1388.644   165.426   395.000     5.446     0.000    72.111
  1390.253   165.619   396.000     5.460     0.000    72.111
  1391.860   165.811   397.000     5.474     0.000    72.111
  1393.465   166.004   398.000     5.488     0.000    71.862
  1395.069   166.196   399.000     5.502     0.000    71.862
  1396.670   166.387   400.000     5.516     0.000    71.862
  1398.270   166.579   401.000     5.529     0.000    71.615
  1399.868   166.770   402.000     5.543     0.000    71.615
  1401.464   166.961   403.000     5.557     0.000    71.615
  1403.059   167.152   404.000     5.571     0.000    71.371
  1404.652   167.343   405.000     5.585     0.000    71.371
  1406.243   167.533   406.000     5.599     0.000    71.371
  1407.832   167.724   407.000     5.613     0.000    71.129
  1409.419   167.914   408.000     5.627     0.000    71.129
  1411.005   168.103   409.000     5.641     0.000    71.129
  1412.588   168.293   410.000     5.654     0.000    70.890
  1414.170   168.482   411.000     5.668     0.000    70.890
  1415.751   168.671   412.000     5.682     0.000    70.890
  1417.329   168.860   413.000     5.696     0.000    70.653
  1418.906   169.049   414.000     5.710     0.000    70.653
  1420.481   169.238   415.000     5.724     0.000    70.653
  1422.055   169.426   416.000     5.738     0.000    70.418
  1423.626   169.614   417.000     5.752     0.000    70.418
  1425.196   169.802   418.000     5.766     0.000    70.418
  1426.764   169.990   419.000     5.779     0.000    70.186
  1428.331   170.177   420.000     5.793     0.000    70.186
  1429.896   170.364   421.000     5.807     0.000    70.186
  1431.459   170.552   422.000     5.821     0.000    69.956
  1433.020   170.738   423.000     5.835     0.000    69.956
  1434.580   170.925   424.000     5.849     0.000    69.956
  1436.138   171.112   425.000     5.863     0.000    69.728
  1437.695   171.298   426.000     5.877     0.000    69.728
  1439.249   171.484   427.000     5.891     0.000    69.728
  1440.802   171.670   428.000     5.904     0.000    69.503
  1442.354   171.855   429.000     5.918     0.000    69.503
  1443.904   172.041   430.000     5.932     0.000    69.503
  1445.452   172.226   431.000     5.946     0.000    69.280
  1446.998   172.411   432.000     5.960     0.000    69.280
  1448.543   172.596   433.000     5.974     0.000    69.280
  1450.086   172.781   434.000     5.988     0.000    69.058
  1451.628   172.965   435.000     6.002     0.000    69.058
  1453.168   173.149   436.000     6.016     0.000    69.058
  1454.706   173.333   437.000     6.029     0.000    68.839
  1456.243   173.517   438.000     6.043     0.000    68.839
  1457.778   173.701   439.000     6.057     0.000    68.839
  1459.312   173.884   440.000     6.071     0.000    68.622
  1460.844   174.068   441.000     6.085     0.000    68.622
  1462.374   174.251   442.000     6.099     0.000    68.622
  1463.903   174.434   443.000     6.113     0.000    68.407
  1465.430   174.616   444.000     6.127     0.000    68.407
  1466.956   174.799   445.000     6.141     0.000    68.407
  1468.480   174.981   446.000     6.154     0.000    68.194
  1470.002   175.163   447.000     6.168     0.000    68.194
  1471.523   175.345   448.000     6.182     0.000    68.194
  1473.043   175.527   449.000     6.196     0.000    67.983
  1474.560   175.709   450.000     6.210     0.000    67.983
  1476.077   175.890   451.000     6.224     0.000    67.983
  1477.591   176.071   452.000     6.238     0.000    67.774
  1479.105   176.252   453.000     6.252     0.000    67.774
  1480.616   176.433   454.000     6.266     0.000    67.774
  1482.126   176.614   455.000     6.279     0.000    67.567
  1483.635   176.794   456.000     6.293     0.000    67.567
  1485.142   176.974   457.000     6.307     0.000    67.567
  1486.648   177.155   458.000     6.321     0.000    67.362
  1488.152   177.334   459.000     6.335     0.000    67.362
  1489.654   177.514   460.000     6.349     0.000    67.362
  1491.155   177.694   461.000     6.363     0.000    67.158
  1492.655   177.873   462.000     6.377     0.000    67.158
  1494.153   178.052   463.000     6.391     0.000    67.158
  1495.650   178.231   464.000     6.404     0.000    66.956
  1497.145   178.410   465.000     6.418     0.000    66.956
  1498.638   178.589   466.000     6.432     0.000    66.956
  1500.130   178.767   467.000     6.446     0.000    66.757
  1501.621   178.946   468.000     6.460     0.000    66.757
  1503.110   179.124   469.000     6.474     0.000    66.757
  1504.598   179.302   470.000     6.488     0.000    66.559
  1506.084   179.479   471.000     6.502     0.000    66.559
  1507.569   179.657   472.000     6.516     0.000    66.559
  1509.053   179.834   473.000     6.529     0.000    66.362
  1510.534   180.012   474.000     6.543     0.000    66.362
  1512.015   180.189   475.000     6.557     0.000    66.362
  1513.494   180.365   476.000     6.571     0.000    66.168
  1514.972   180.542   477.000     6.585     0.000    66.168
  1516.448   180.719   478.000     6.599     0.000    66.168
  1517.923   180.895   479.000     6.613     0.000    65.975
  1519.396   181.071   480.000     6.627     0.000    65.975
  1520.868   181.247   481.000     6.641     0.000    65.975
  1522.338   181.423   482.000     6.654     0.000    65.784
  1523.808   181.599   483.000     6.668     0.000    65.784
  1525.275   181.774   484.000     6.682     0.000    65.784
  1526.742   181.950   485.000     6.696     0.000    65.594
  1528.207   182.125   486.000     6.710     0.000    65.594
  1529.670   182.300   487.000     6.724     0.000    65.594
  1531.132   182.475   488.000     6.738     0.000    65.406
  1532.593   182.649   489.000     6.752     0.000    65.406
  1534.052   182.824   490.000     6.766     0.000    65.406
  1535.510   182.998   491.000     6.779     0.000    65.220
  1536.967   183.172   492.000     6.793     0.000    65.220
  1538.422   183.346   493.000     6.807     0.000    65.220
  1539.876   183.520   494.000     6.821     0.000    65.035
  1541.329   183.694   495.000     6.835     0.000    65.035
  1542.780   183.867   496.000     6.849     0.000    65.035
  1544.230   184.041   497.000     6.863     0.000    64.852
  1545.678   184.214   498.000     6.877     0.000    64.852
  1547.125   184.387   499.000     6.891     0.000    64.852
  1548.571   184.560   500.000     6.904     0.000    64.670
  1550.015   184.733   501.000     6.918     0.000    64.670
  1551.458   184.905   502.000     6.932     0.000    64.670
  1552.335   185.010   502.608     6.941     0.000    64.490
