****************************************************************************************************
----------------------------------------------------------------------------------------------------
Ambient Table:
     Depth   Amb-cur   Amb-dir   Amb-sal   Amb-tem   Amb-pol     Decay   Far-spd   Far-dir   Disprsn
       (m)     (m/s)     (deg)     (psu)       (C)    (mg/L)   (1/day)     (m/s)     (deg)(m0.67/s2)
     0.000     0.020    90.000    30.900    11.200     0.000     0.000     0.020    90.000   0.00030
     3.000     0.020    90.000    31.200    10.400     0.000     0.000     0.020    90.000   0.00030
     6.000     0.020    90.000    31.200     9.690     0.000     0.000     0.020    90.000   0.00030
     9.000     0.020    90.000    31.700     9.440     0.000     0.000     0.020    90.000   0.00030
    12.000     0.020    90.000    31.800     9.340     0.000     0.000     0.020    90.000   0.00030
    15.000     0.050    90.000    31.900     9.220     0.000     0.000     0.020    90.000   0.00030
----------------------------------------------------------------------------------------------------
Diffuser Table:
     P-dia    P-elev   V-angle   H-angle     Ports   Spacing   AcuteMZ   ChrncMZ   P-depth   Ttl-flo   Eff-sal      Temp   Polutnt
       (m)       (m)     (deg)     (deg)       ( )       (m)       (m)       (m)       (m)     (cms)     (psu)       (C)    (mg/L)
      0.20     15.00    -45.00     90.00      1.00      0.00     20.70    207.00      2.40      0.01     35.00     10.00 100000.00
----------------------------------------------------------------------------------------------------
Simulation Results:
              Dilutn     P-dia    x-posn    y-posn     Depth      Time   Net-Dil     P-Den    P-Con.     P-Sal    P-Temp  Amb-Curr    CL-Dil
      Step (FluxAvg)       (m)       (m)       (m)       (m)       (s)        ()   (kg/m3)    (mg/L)     (psu)       (C)     (m/s)        ()
         1     1.020     0.158     0.000     0.006    -2.406     0.032     1.020  1026.913 98033.401    34.924    10.011     0.020     1.000
         2     1.041     0.161     0.000     0.011    -2.412     0.064     1.041  1026.854 96105.590    34.850    10.022     0.020     1.000
         3     1.061     0.164     0.000     0.017    -2.417     0.097     1.061  1026.795 94215.797    34.777    10.032     0.020     1.000
         4     1.083     0.167     0.000     0.023    -2.423     0.130     1.083  1026.738 92363.270    34.706    10.043     0.020     1.000
         5     1.104     0.170     0.000     0.029    -2.429     0.165     1.104  1026.682 90547.268    34.636    10.053     0.020     1.000
         6     1.127     0.173     0.000     0.035    -2.435     0.201     1.127  1026.627 88767.069    34.568    10.062     0.020     1.000
         7     1.149     0.176     0.000     0.041    -2.441     0.239     1.149  1026.573 87021.962    34.501    10.072     0.020     1.000
         8     1.172     0.179     0.000     0.047    -2.448     0.277     1.172  1026.520 85311.252    34.435    10.081     0.020     1.000
         9     1.196     0.182     0.000     0.053    -2.454     0.317     1.196  1026.468 83634.257    34.370    10.091     0.020     1.000
        10     1.220     0.185     0.000     0.060    -2.461     0.358     1.220  1026.417 81990.311    34.307    10.100     0.020     1.000
        11     1.244     0.189     0.000     0.066    -2.468     0.401     1.244  1026.367 80378.758    34.245    10.108     0.020     1.000
        12     1.269     0.192     0.000     0.073    -2.475     0.445     1.269  1026.318 78798.957    34.184    10.117     0.020     1.000
        13     1.294     0.195     0.000     0.080    -2.482     0.491     1.294  1026.271 77250.279    34.125    10.125     0.020     1.000
        14     1.320     0.199     0.000     0.086    -2.489     0.538     1.320  1026.224 75732.109    34.066    10.133     0.020     1.000
        15     1.347     0.202     0.000     0.093    -2.496     0.586     1.347  1026.178 74243.843    34.009    10.141     0.020     1.000
        16     1.374     0.206     0.000     0.100    -2.503     0.637     1.374  1026.133 72784.889    33.953    10.149     0.020     1.000
        17     1.401     0.209     0.000     0.108    -2.511     0.688     1.401  1026.089 71354.667    33.898    10.157     0.020     1.000
        18     1.430     0.213     0.000     0.115    -2.519     0.742     1.430  1026.045 69952.610    33.844    10.164     0.020     1.000
        19     1.458     0.217     0.000     0.122    -2.527     0.797     1.458  1026.003 68578.159    33.791    10.171     0.020     1.000
        20     1.487     0.220     0.000     0.130    -2.535     0.854     1.487  1025.962 67230.770    33.740    10.178     0.020     1.000
        21     1.517     0.224     0.000     0.137    -2.543     0.913     1.517  1025.921 65909.907    33.689    10.185     0.020     1.000
        22     1.548     0.228     0.000     0.145    -2.551     0.974     1.548  1025.881 64615.046    33.639    10.192     0.020     1.000
        23     1.579     0.232     0.000     0.153    -2.560     1.036     1.579  1025.842 63345.674    33.590    10.198     0.020     1.000
        24     1.610     0.236     0.000     0.160    -2.568     1.101     1.610  1025.804 62101.286    33.543    10.204     0.020     1.000
        25     1.643     0.240     0.000     0.168    -2.577     1.167     1.643  1025.766 60881.389    33.496    10.211     0.020     1.000
        26     1.675     0.244     0.000     0.177    -2.586     1.236     1.675  1025.730 59685.500    33.450    10.216     0.020     1.000
        27     1.709     0.248     0.000     0.185    -2.596     1.307     1.709  1025.694 58513.143    33.405    10.222     0.020     1.000
        28     1.743     0.252     0.000     0.193    -2.605     1.380     1.743  1025.658 57363.855    33.361    10.228     0.020     1.000
        29     1.778     0.256     0.000     0.202    -2.615     1.455     1.778  1025.624 56237.180    33.318    10.233     0.020     1.000
        30     1.814     0.260     0.000     0.210    -2.624     1.532     1.814  1025.590 55132.672    33.276    10.239     0.020     1.000
        31     1.850     0.265     0.000     0.219    -2.634     1.611     1.850  1025.557 54049.892    33.234    10.244     0.020     1.000
        32     1.887     0.269     0.000     0.228    -2.645     1.693     1.887  1025.524 52988.413    33.193    10.249     0.020     1.000
        33     1.925     0.273     0.000     0.237    -2.655     1.778     1.925  1025.493 51947.813    33.154    10.254     0.020     1.000
        34     1.964     0.278     0.000     0.246    -2.666     1.864     1.964  1025.461 50927.681    33.115    10.259     0.020     1.000
        35     2.003     0.282     0.000     0.255    -2.676     1.954     2.003  1025.431 49927.613    33.076    10.263     0.020     1.001
        36     2.043     0.287     0.000     0.264    -2.687     2.045     2.043  1025.401 48947.213    33.039    10.268     0.020     1.022
        37     2.084     0.291     0.000     0.273    -2.699     2.139     2.084  1025.372 47986.094    33.002    10.272     0.020     1.042
        38     2.126     0.296     0.000     0.283    -2.710     2.236     2.126  1025.343 47043.874    32.966    10.276     0.020     1.063
        39     2.168     0.300     0.000     0.292    -2.721     2.335     2.168  1025.315 46120.182    32.931    10.280     0.020     1.084
        40     2.212     0.305     0.000     0.302    -2.733     2.436     2.212  1025.287 45214.651    32.897    10.284     0.020     1.106
        41     2.256     0.310     0.000     0.311    -2.745     2.540     2.256  1025.261 44326.925    32.863    10.288     0.020     1.128
        42     2.301     0.315     0.000     0.321    -2.757     2.647     2.301  1025.234 43456.651    32.830    10.291     0.020     1.151
        43     2.347     0.320     0.000     0.331    -2.770     2.756     2.347  1025.208 42603.486    32.797    10.295     0.020     1.174
        44     2.394     0.325     0.000     0.341    -2.782     2.868     2.394  1025.183 41767.093    32.765    10.298     0.020     1.197
        45     2.442     0.330     0.000     0.351    -2.795     2.983     2.442  1025.158 40947.141    32.734    10.301     0.020     1.221
        46     2.491     0.335     0.000     0.361    -2.808     3.100     2.491  1025.134 40143.306    32.704    10.304     0.020     1.246
        47     2.541     0.340     0.000     0.371    -2.821     3.221     2.541  1025.110 39355.271    32.674    10.307     0.020     1.270
        48     2.592     0.345     0.000     0.382    -2.835     3.343     2.592  1025.087 38582.723    32.645    10.310     0.020     1.296
        49     2.644     0.350     0.000     0.392    -2.848     3.469     2.644  1025.064 37825.359    32.616    10.313     0.020     1.322
        50     2.697     0.355     0.000     0.402    -2.862     3.598     2.697  1025.042 37082.880    32.588    10.315     0.020     1.348
        51     2.751     0.361     0.000     0.413    -2.876     3.729     2.751  1025.020 36354.991    32.560    10.318     0.020     1.375
        52     2.806     0.366     0.000     0.423    -2.890     3.863     2.806  1024.999 35641.405    32.533    10.320     0.020     1.403
        53     2.862     0.371     0.000     0.434    -2.905     4.001     2.862  1024.978 34941.842    32.507    10.322     0.020     1.431
        54     2.919     0.377     0.000     0.445    -2.920     4.141     2.919  1024.957 34256.024    32.481    10.324     0.020     1.460
        55     2.978     0.382     0.000     0.456    -2.934     4.284     2.978  1024.937 33583.681    32.456    10.326     0.020     1.489
        56     3.037     0.388     0.000     0.466    -2.950     4.430     3.037  1024.918 32924.549    32.431    10.328     0.020     1.519
        57     3.098     0.394     0.000     0.477    -2.965     4.580     3.098  1024.899 32278.366    32.407    10.330     0.020     1.549
        58     3.160     0.399     0.000     0.488    -2.980     4.732     3.160  1024.880 31644.877    32.383    10.332     0.020     1.580
        59     3.223     0.405     0.000     0.499    -2.996     4.888     3.223  1024.862 31023.834    32.360    10.333     0.020     1.612
        60     3.288     0.411     0.000     0.511    -3.012     5.046     3.288  1024.844 30414.991    32.337    10.335     0.020     1.644
        61     3.354     0.417     0.000     0.522    -3.028     5.208     3.354  1024.826 29818.107    32.315    10.336     0.020     1.677
        62     3.421     0.423     0.000     0.533    -3.045     5.373     3.421  1024.809 29232.948    32.293    10.337     0.020     1.710
        63     3.489     0.429     0.000     0.544    -3.062     5.542     3.489  1024.792 28659.282    32.271    10.338     0.020     1.745
        64     3.559     0.435     0.000     0.556    -3.078     5.714     3.559  1024.775 28096.883    32.250    10.339     0.020     1.780
        65     3.630     0.441     0.000     0.567    -3.096     5.889     3.630  1024.759 27545.529    32.230    10.340     0.020     1.815
        66     3.703     0.448     0.000     0.579    -3.113     6.067     3.703  1024.743 27005.003    32.210    10.341     0.020     1.852
        67     3.777     0.454     0.000     0.590    -3.130     6.249     3.777  1024.728 26475.092    32.190    10.342     0.020     1.889
        68     3.853     0.460     0.000     0.602    -3.148     6.434     3.853  1024.713 25955.588    32.170    10.342     0.020     1.926
        69     3.930     0.467     0.000     0.614    -3.166     6.623     3.930  1024.698 25446.285    32.151    10.343     0.020     1.965
        70     4.009     0.473     0.000     0.625    -3.185     6.816     4.009  1024.683 24946.984    32.133    10.343     0.020     2.004
        71     4.089     0.480     0.000     0.637    -3.203     7.012     4.089  1024.669 24457.486    32.114    10.344     0.020     2.044
        72     4.171     0.487     0.000     0.649    -3.222     7.211     4.171  1024.655 23977.600    32.096    10.344     0.020     2.085
        73     4.254     0.493     0.000     0.661    -3.241     7.414     4.254  1024.641 23507.137    32.079    10.344     0.020     2.127
        74     4.339     0.500     0.000     0.673    -3.260     7.621     4.339  1024.628 23045.911    32.062    10.344     0.020     2.170
        75     4.426     0.507     0.000     0.685    -3.280     7.832     4.426  1024.615 22593.741    32.045    10.344     0.020     2.213
        76     4.515     0.514     0.000     0.697    -3.299     8.046     4.515  1024.602 22150.449    32.028    10.344     0.020     2.257
        77     4.605     0.521     0.000     0.709    -3.319     8.265     4.605  1024.589 21715.859    32.012    10.344     0.020     2.302
        78     4.697     0.528     0.000     0.722    -3.339     8.487     4.697  1024.577 21289.802    31.996    10.343     0.020     2.349
        79     4.791     0.535     0.000     0.734    -3.360     8.713     4.791  1024.565 20872.109    31.980    10.343     0.020     2.396
        80     4.887     0.543     0.000     0.746    -3.381     8.943     4.887  1024.553 20462.616    31.965    10.343     0.020     2.443
        81     4.985     0.550     0.000     0.759    -3.402     9.177     4.985  1024.542 20061.161    31.950    10.342     0.020     2.492
        82     5.085     0.558     0.000     0.771    -3.423     9.415     5.085  1024.530 19667.588    31.935    10.341     0.020     2.542
        83     5.186     0.565     0.000     0.784    -3.444     9.657     5.186  1024.519 19281.740    31.921    10.341     0.020     2.593
        84     5.290     0.573     0.000     0.796    -3.466     9.903     5.290  1024.508 18903.466    31.907    10.340     0.020     2.645
        85     5.396     0.580     0.000     0.809    -3.488    10.154     5.396  1024.498 18532.618    31.893    10.339     0.020     2.698
        86     5.504     0.588     0.000     0.822    -3.510    10.408     5.504  1024.487 18169.049    31.879    10.338     0.020     2.752
        87     5.614     0.596     0.000     0.834    -3.533    10.667     5.614  1024.477 17812.616    31.866    10.337     0.020     2.807
        88     5.726     0.604     0.000     0.847    -3.555    10.931     5.726  1024.467 17463.179    31.853    10.336     0.020     2.863
        89     5.841     0.612     0.000     0.860    -3.579    11.199     5.841  1024.457 17120.601    31.840    10.335     0.020     2.920
        90     5.958     0.620     0.000     0.873    -3.602    11.471     5.958  1024.448 16784.747    31.828    10.333     0.020     2.979
        91     6.077     0.629     0.000     0.886    -3.625    11.748     6.077  1024.438 16455.484    31.815    10.332     0.020     3.039
        92     6.199     0.637     0.000     0.899    -3.649    12.029     6.199  1024.429 16132.684    31.803    10.331     0.020     3.099
        93     6.323     0.645     0.000     0.913    -3.673    12.315     6.323  1024.420 15816.218    31.791    10.329     0.020     3.161
        94     6.449     0.654     0.000     0.926    -3.698    12.606     6.449  1024.412 15505.964    31.780    10.327     0.020     3.225
        95     6.578     0.663     0.000     0.939    -3.722    12.901     6.578  1024.403 15201.799    31.769    10.326     0.020     3.289
        96     6.710     0.671     0.000     0.953    -3.747    13.202     6.710  1024.395 14903.602    31.757    10.324     0.020     3.355
        97     6.844     0.680     0.000     0.966    -3.772    13.507     6.844  1024.387 14611.258    31.746    10.322     0.020     3.422
        98     6.981     0.689     0.000     0.980    -3.798    13.817     6.981  1024.379 14324.651    31.736    10.320     0.020     3.490
        99     7.121     0.698     0.000     0.993    -3.823    14.133     7.121  1024.371 14043.668    31.725    10.318     0.020     3.560
       100     7.263     0.708     0.000     1.007    -3.850    14.453     7.263  1024.363 13768.199    31.715    10.316     0.020     3.632
       101     7.408     0.717     0.000     1.021    -3.876    14.779     7.408  1024.356 13498.136    31.705    10.314     0.020     3.704
       102     7.557     0.726     0.000     1.034    -3.902    15.110     7.557  1024.348 13233.372    31.695    10.312     0.020     3.778
       103     7.708     0.736     0.000     1.048    -3.929    15.446     7.708  1024.341 12973.804    31.685    10.309     0.020     3.854
       104     7.862     0.746     0.000     1.062    -3.956    15.788     7.862  1024.334 12719.329    31.676    10.307     0.020     3.931
       105     8.019     0.756     0.000     1.076    -3.984    16.135     8.019  1024.327 12469.847    31.666    10.304     0.020     4.010
       106     8.180     0.765     0.000     1.091    -4.012    16.487     8.180  1024.321 12225.260    31.657    10.302     0.020     4.090
       107     8.343     0.776     0.000     1.105    -4.040    16.846     8.343  1024.314 11985.473    31.648    10.299     0.020     4.172
       108     8.510     0.786     0.000     1.119    -4.068    17.210     8.510  1024.308 11750.390    31.639    10.296     0.020     4.255
       109     8.681     0.796     0.000     1.134    -4.097    17.580     8.681  1024.301 11519.920    31.631    10.294     0.020     4.340
       110     8.854     0.807     0.000     1.148    -4.126    17.956     8.854  1024.295 11293.973    31.622    10.291     0.020     4.427
       111     9.031     0.817     0.000     1.163    -4.155    18.337     9.031  1024.289 11072.458    31.614    10.288     0.020     4.516
       112     9.212     0.828     0.000     1.177    -4.184    18.725     9.212  1024.284 10855.289    31.606    10.285     0.020     4.606
       113     9.396     0.839     0.000     1.192    -4.214    19.119     9.396  1024.278 10642.382    31.598    10.282     0.020     4.698
       114     9.584     0.850     0.000     1.207    -4.244    19.520     9.584  1024.272 10433.651    31.590    10.278     0.020     4.792
       115     9.776     0.861     0.000     1.222    -4.275    19.926     9.776  1024.267 10229.016    31.583    10.275     0.020     4.888
       116     9.972     0.872     0.000     1.237    -4.305    20.340     9.972  1024.262 10028.395    31.575    10.272     0.020     4.986
       117    10.171     0.884     0.000     1.252    -4.337    20.759    10.171  1024.257  9831.710    31.568    10.269     0.020     5.086
       118    10.375     0.895     0.000     1.268    -4.368    21.186    10.375  1024.252  9638.884    31.561    10.265     0.020     5.187
       119    10.582     0.907     0.000     1.283    -4.400    21.619    10.582  1024.247  9449.841    31.553    10.261     0.020     5.291
       120    10.794     0.919     0.000     1.299    -4.432    22.059    10.794  1024.242  9264.507    31.547    10.258     0.020     5.397
       121    11.010     0.931     0.000     1.314    -4.464    22.506    11.010  1024.237  9082.809    31.540    10.254     0.020     5.505
       122    11.230     0.943     0.000     1.330    -4.497    22.961    11.230  1024.233  8904.675    31.533    10.250     0.020     5.615
       123    11.455     0.956     0.000     1.346    -4.530    23.422    11.455  1024.228  8730.036    31.527    10.246     0.020     5.727
       124    11.684     0.968     0.000     1.362    -4.563    23.891    11.684  1024.224  8558.822    31.520    10.243     0.020     5.842
       125    11.918     0.981     0.000     1.378    -4.596    24.367    11.918  1024.220  8390.968    31.514    10.239     0.020     5.959
       126    12.156     0.994     0.000     1.394    -4.630    24.851    12.156  1024.216  8226.406    31.508    10.234     0.020     6.078
       127    12.399     1.007     0.000     1.411    -4.665    25.343    12.399  1024.212  8065.073    31.502    10.230     0.020     6.200
       128    12.647     1.021     0.000     1.427    -4.699    25.842    12.647  1024.208  7906.904    31.496    10.226     0.020     6.324
       129    12.900     1.034     0.000     1.444    -4.734    26.349    12.900  1024.204  7751.838    31.490    10.222     0.020     6.450
       130    13.158     1.048     0.000     1.461    -4.770    26.865    13.158  1024.200  7599.814    31.484    10.217     0.020     6.579
       131    13.421     1.062     0.000     1.478    -4.805    27.389    13.421  1024.197  7450.772    31.479    10.213     0.020     6.711
       132    13.690     1.076     0.000     1.495    -4.841    27.921    13.690  1024.193  7304.653    31.473    10.208     0.020     6.845
       133    13.964     1.090     0.000     1.512    -4.877    28.462    13.964  1024.190  7161.401    31.468    10.204     0.020     6.982
       134    14.243     1.105     0.000     1.529    -4.914    29.011    14.243  1024.186  7020.958    31.463    10.199     0.020     7.122
       135    14.528     1.120     0.000     1.547    -4.951    29.569    14.528  1024.183  6883.271    31.457    10.194     0.020     7.264
       136    14.819     1.135     0.000     1.564    -4.988    30.137    14.819  1024.180  6748.284    31.452    10.189     0.020     7.409
       137    15.115     1.150     0.000     1.582    -5.026    30.713    15.115  1024.177  6615.945    31.447    10.184     0.020     7.557
       138    15.417     1.165     0.000     1.600    -5.064    31.299    15.417  1024.174  6486.202    31.443    10.179     0.020     7.709
       139    15.726     1.181     0.000     1.618    -5.102    31.894    15.726  1024.171  6359.004    31.438    10.174     0.020     7.863
       140    16.040     1.197     0.000     1.637    -5.141    32.499    16.040  1024.168  6234.301    31.433    10.169     0.020     8.020
       141    16.361     1.213     0.000     1.655    -5.180    33.114    16.361  1024.166  6112.044    31.429    10.164     0.020     8.181
       142    16.688     1.230     0.000     1.674    -5.219    33.738    16.688  1024.163  5992.184    31.424    10.159     0.020     8.344
       143    17.022     1.246     0.000     1.693    -5.259    34.373    17.022  1024.161  5874.676    31.420    10.153     0.020     8.511
       144    17.363     1.263     0.000     1.712    -5.299    35.019    17.363  1024.158  5759.473    31.415    10.148     0.020     8.681
       145    17.710     1.281     0.000     1.731    -5.339    35.675    17.710  1024.156  5646.529    31.411    10.142     0.020     8.855
       146    18.064     1.298     0.000     1.750    -5.380    36.341    18.064  1024.154  5535.800    31.407    10.137     0.020     9.032
       147    18.426     1.316     0.000     1.770    -5.421    37.019    18.426  1024.151  5427.243    31.403    10.131     0.020     9.213
       148    18.794     1.334     0.000     1.790    -5.463    37.708    18.794  1024.149  5320.816    31.399    10.125     0.020     9.397
       149    19.170     1.352     0.000     1.810    -5.505    38.408    19.170  1024.147  5216.475    31.395    10.119     0.020     9.585
       150    19.553     1.371     0.000     1.830    -5.547    39.120    19.553  1024.145  5114.182    31.391    10.113     0.020     9.777
       151    19.945     1.390     0.000     1.850    -5.589    39.844    19.945  1024.143  5013.894    31.388    10.107     0.020     9.972
       152    20.344     1.410     0.000     1.871    -5.632    40.579    20.344  1024.141  4915.573    31.384    10.101     0.020    10.172
       153    20.750     1.429     0.000     1.892    -5.675    41.328    20.750  1024.140  4819.181    31.380    10.095     0.020    10.375
       154    21.165     1.449     0.000     1.913    -5.719    42.088    21.165  1024.138  4724.680    31.377    10.089     0.020    10.583
       155    21.589     1.470     0.000     1.935    -5.763    42.862    21.589  1024.136  4632.031    31.373    10.083     0.020    10.794
       156    22.021     1.490     0.000     1.956    -5.807    43.648    22.021  1024.135  4541.200    31.370    10.076     0.020    11.010
       157    22.461     1.511     0.000     1.978    -5.852    44.448    22.461  1024.133  4452.150    31.367    10.070     0.020    11.231
       158    22.910     1.533     0.000     2.000    -5.897    45.262    22.910  1024.132  4364.847    31.363    10.063     0.020    11.455
       159    23.369     1.555     0.000     2.023    -5.942    46.089    23.369  1024.130  4279.256    31.360    10.057     0.020    11.684
       160    23.836     1.577     0.000     2.045    -5.987    46.931    23.836  1024.129  4195.343    31.357    10.050     0.020    11.918
       161    24.313     1.600     0.000     2.068    -6.033    47.787    24.313  1024.128  4113.077    31.354    10.043     0.020    12.156
       162    24.799     1.623     0.000     2.091    -6.080    48.657    24.799  1024.126  4032.423    31.351    10.036     0.020    12.399
       163    25.295     1.646     0.000     2.115    -6.126    49.543    25.295  1024.125  3953.352    31.348    10.029     0.020    12.647
       164    25.801     1.671     0.000     2.139    -6.173    50.445    25.801  1024.124  3875.832    31.345    10.023     0.020    12.900
       165    26.317     1.696     0.000     2.163    -6.220    51.362    26.317  1024.124  3799.832    31.343    10.016     0.020    13.158
       166    26.843     1.723     0.000     2.187    -6.267    52.294    26.843  1024.123  3725.323    31.341    10.009     0.020    13.422
       167    27.380     1.750     0.000     2.212    -6.314    53.242    27.380  1024.122  3652.276    31.339    10.003     0.020    13.690
       168    27.928     1.779     0.000     2.237    -6.361    54.207    27.928  1024.122  3580.661    31.337     9.996     0.020    13.964
       169    28.486     1.809     0.000     2.262    -6.409    55.189    28.486  1024.122  3510.451    31.335     9.990     0.020    14.243
       170    29.056     1.841     0.000     2.288    -6.456    56.188    29.056  1024.122  3441.619    31.334     9.983     0.020    14.528
---------------------------- Plume traps -----------------------------
       171    29.637     1.873     0.000     2.314    -6.503    57.206    29.637  1024.122  3374.136    31.332     9.977     0.020    14.819
       172    30.230     1.908     0.000     2.340    -6.550    58.242    30.230  1024.122  3307.977    31.331     9.970     0.020    15.115
       173    30.793     1.942     0.000     2.365    -6.593    59.226    30.793  1024.122  3247.482    31.330     9.964     0.020    15.397
       174    31.317     1.976     0.000     2.388    -6.633    60.134    31.317  1024.123  3193.117    31.330     9.959     0.020    15.659
       175    31.803     2.008     0.000     2.409    -6.668    60.970    31.803  1024.123  3144.354    31.329     9.954     0.020    15.902
       176    32.257     2.038     0.000     2.429    -6.701    61.747    32.257  1024.123  3100.149    31.329     9.950     0.020    16.128
       177    32.683     2.068     0.000     2.447    -6.731    62.474    32.683  1024.124  3059.696    31.329     9.946     0.020    16.341
       178    33.087     2.096     0.000     2.464    -6.758    63.161    33.087  1024.124  3022.334    31.329     9.942     0.020    16.544
       179    33.472     2.123     0.000     2.480    -6.784    63.812    33.472  1024.125  2987.591    31.329     9.938     0.020    16.736
       180    33.840     2.150     0.000     2.496    -6.808    64.434    33.840  1024.126  2955.096    31.328     9.935     0.020    16.920
       181    34.193     2.176     0.000     2.510    -6.830    65.028    34.193  1024.126  2924.565    31.329     9.932     0.020    17.097
       182    34.533     2.201     0.000     2.525    -6.852    65.598    34.533  1024.127  2895.765    31.329     9.929     0.020    17.267
       183    34.861     2.226     0.000     2.538    -6.872    66.145    34.861  1024.127  2868.505    31.329     9.926     0.020    17.431
       184    35.179     2.250     0.000     2.551    -6.891    66.673    35.179  1024.128  2842.624    31.329     9.923     0.020    17.589
       185    35.486     2.274     0.000     2.564    -6.909    67.182    35.486  1024.128  2817.986    31.329     9.920     0.020    17.743
       186    35.785     2.298     0.000     2.576    -6.926    67.674    35.785  1024.129  2794.474    31.329     9.918     0.020    17.892
       187    36.075     2.321     0.000     2.587    -6.942    68.150    36.075  1024.129  2771.986    31.329     9.915     0.020    18.038
       188    36.358     2.344     0.000     2.599    -6.958    68.611    36.358  1024.130  2750.434    31.329     9.913     0.020    18.179
       189    36.634     2.366     0.000     2.610    -6.973    69.059    36.634  1024.130  2729.740    31.330     9.911     0.020    18.317
       190    36.903     2.388     0.000     2.620    -6.987    69.494    36.903  1024.131  2709.834    31.330     9.908     0.020    18.451
       191    37.166     2.410     0.000     2.631    -7.000    69.916    37.166  1024.131  2690.656    31.330     9.906     0.020    18.583
------------------------- merging happened ---------------------------
       192    37.419     2.431     0.000     2.641    -7.013    70.327    37.419  1024.132  2672.468    31.330     9.904     0.020    18.709
       193    37.658     2.452     0.000     2.651    -7.026    70.731    37.658  1024.132  2655.494    31.331     9.902     0.020    18.829
       194    37.887     2.472     0.000     2.660    -7.038    71.129    37.887  1024.133  2639.451    31.331     9.901     0.020    18.943
       195    38.105     2.491     0.000     2.670    -7.050    71.523    38.105  1024.133  2624.351    31.331     9.899     0.020    19.052
       196    38.313     2.510     0.000     2.679    -7.061    71.913    38.313  1024.134  2610.066    31.331     9.897     0.020    19.157
       197    38.512     2.529     0.000     2.689    -7.073    72.298    38.512  1024.134  2596.589    31.331     9.896     0.020    19.256
       198    38.702     2.547     0.000     2.698    -7.083    72.678    38.702  1024.135  2583.848    31.332     9.894     0.020    19.351
       199    38.883     2.565     0.000     2.707    -7.094    73.053    38.883  1024.135  2571.815    31.332     9.893     0.020    19.442
       200    39.056     2.583     0.000     2.716    -7.104    73.423    39.056  1024.135  2560.438    31.332     9.892     0.020    19.528
       201    39.221     2.600     0.000     2.725    -7.114    73.787    39.221  1024.136  2549.685    31.332     9.890     0.020    19.610
       202    39.378     2.617     0.000     2.733    -7.124    74.147    39.378  1024.136  2539.513    31.333     9.889     0.020    19.689
       203    39.527     2.633     0.000     2.742    -7.134    74.501    39.527  1024.136  2529.888    31.333     9.888     0.020    19.764
       204    39.670     2.649     0.000     2.750    -7.143    74.850    39.670  1024.137  2520.778    31.333     9.887     0.020    19.835
       205    39.807     2.665     0.000     2.759    -7.152    75.195    39.807  1024.137  2512.150    31.333     9.886     0.020    19.903
       206    39.937     2.680     0.000     2.767    -7.160    75.534    39.937  1024.137  2503.974    31.333     9.885     0.020    19.968
       207    40.061     2.695     0.000     2.775    -7.169    75.867    40.061  1024.138  2496.224    31.334     9.884     0.020    20.030
       208    40.179     2.710     0.000     2.783    -7.177    76.196    40.179  1024.138  2488.873    31.334     9.883     0.020    20.089
       209    40.292     2.724     0.000     2.791    -7.185    76.520    40.292  1024.138  2481.896    31.334     9.883     0.020    20.146
       210    40.400     2.739     0.000     2.798    -7.192    76.839    40.400  1024.138  2475.270    31.334     9.882     0.020    20.200
       211    40.503     2.753     0.000     2.806    -7.200    77.154    40.503  1024.139  2468.975    31.334     9.881     0.020    20.251
       212    40.601     2.766     0.000     2.813    -7.207    77.463    40.601  1024.139  2462.990    31.334     9.880     0.020    20.301
       213    40.695     2.780     0.000     2.821    -7.214    77.768    40.695  1024.139  2457.296    31.335     9.880     0.020    20.348
       214    40.785     2.793     0.000     2.828    -7.221    78.068    40.785  1024.139  2451.876    31.335     9.879     0.020    20.393
       215    40.871     2.806     0.000     2.835    -7.228    78.364    40.871  1024.140  2446.713    31.335     9.878     0.020    20.436
       216    40.954     2.818     0.000     2.842    -7.234    78.655    40.954  1024.140  2441.793    31.335     9.878     0.020    20.477
       217    41.032     2.831     0.000     2.849    -7.240    78.942    41.032  1024.140  2437.100    31.335     9.877     0.020    20.516
       218    41.108     2.843     0.000     2.856    -7.246    79.225    41.108  1024.140  2432.622    31.335     9.877     0.020    20.554
       219    41.180     2.855     0.000     2.862    -7.252    79.504    41.180  1024.140  2428.346    31.335     9.876     0.020    20.590
       220    41.250     2.867     0.000     2.869    -7.258    79.779    41.250  1024.141  2424.261    31.335     9.876     0.020    20.625
       221    41.316     2.879     0.000     2.876    -7.263    80.049    41.316  1024.141  2420.355    31.336     9.875     0.020    20.658
       222    41.380     2.890     0.000     2.882    -7.269    80.316    41.380  1024.141  2416.619    31.336     9.875     0.020    20.690
       223    41.441     2.901     0.000     2.888    -7.274    80.579    41.441  1024.141  2413.043    31.336     9.874     0.020    20.721
       224    41.500     2.912     0.000     2.895    -7.279    80.839    41.500  1024.141  2409.618    31.336     9.874     0.020    20.750
       225    41.557     2.923     0.000     2.901    -7.284    81.095    41.557  1024.141  2406.336    31.336     9.874     0.020    20.778
       226    41.611     2.934     0.000     2.907    -7.289    81.347    41.611  1024.141  2403.190    31.336     9.873     0.020    20.806
       227    41.664     2.944     0.000     2.913    -7.293    81.596    41.664  1024.142  2400.171    31.336     9.873     0.020    20.832
       228    41.714     2.955     0.000     2.919    -7.298    81.842    41.714  1024.142  2397.274    31.336     9.873     0.020    20.857
       229    41.763     2.965     0.000     2.924    -7.302    82.084    41.763  1024.142  2394.492    31.336     9.872     0.020    20.881
       230    41.809     2.975     0.000     2.930    -7.307    82.324    41.809  1024.142  2391.818    31.336     9.872     0.020    20.905
       231    41.854     2.985     0.000     2.936    -7.311    82.560    41.854  1024.142  2389.248    31.337     9.872     0.020    20.927
       232    41.898     2.994     0.000     2.941    -7.315    82.793    41.898  1024.142  2386.777    31.337     9.871     0.020    20.949
       233    41.939     3.004     0.000     2.947    -7.319    83.024    41.939  1024.142  2384.399    31.337     9.871     0.020    20.970
       234    41.980     3.013     0.000     2.952    -7.323    83.251    41.980  1024.142  2382.109    31.337     9.871     0.020    20.990
       235    42.018     3.022     0.000     2.958    -7.326    83.476    42.018  1024.143  2379.904    31.337     9.870     0.020    21.009
       236    42.056     3.032     0.000     2.963    -7.330    83.698    42.056  1024.143  2377.780    31.337     9.870     0.020    21.028
       237    42.092     3.041     0.000     2.968    -7.334    83.918    42.092  1024.143  2375.732    31.337     9.870     0.020    21.046
       238    42.127     3.049     0.000     2.973    -7.337    84.135    42.127  1024.143  2373.758    31.337     9.870     0.020    21.064
       239    42.161     3.058     0.000     2.979    -7.340    84.350    42.161  1024.143  2371.853    31.337     9.869     0.020    21.081
       240    42.194     3.066     0.000     2.984    -7.344    84.562    42.194  1024.143  2370.014    31.337     9.869     0.020    21.097
       241    42.225     3.075     0.000     2.989    -7.347    84.771    42.225  1024.143  2368.239    31.337     9.869     0.020    21.113
       242    42.256     3.083     0.000     2.994    -7.350    84.979    42.256  1024.143  2366.525    31.337     9.869     0.020    21.128
       243    42.286     3.091     0.000     2.998    -7.353    85.184    42.286  1024.143  2364.870    31.337     9.869     0.020    21.143
       244    42.314     3.099     0.000     3.003    -7.356    85.387    42.314  1024.143  2363.269    31.337     9.868     0.020    21.157
       245    42.342     3.107     0.000     3.008    -7.359    85.588    42.342  1024.143  2361.723    31.338     9.868     0.020    21.171
       246    42.369     3.115     0.000     3.013    -7.362    85.787    42.369  1024.143  2360.227    31.338     9.868     0.020    21.184
       247    42.395     3.123     0.000     3.018    -7.364    85.984    42.395  1024.144  2358.780    31.338     9.868     0.020    21.197
       248    42.420     3.130     0.000     3.022    -7.367    86.179    42.420  1024.144  2357.380    31.338     9.868     0.020    21.210
       249    42.444     3.137     0.000     3.027    -7.369    86.372    42.444  1024.144  2356.025    31.338     9.867     0.020    21.222
       250    42.468     3.145     0.000     3.031    -7.372    86.563    42.468  1024.144  2354.714    31.338     9.867     0.020    21.234
       251    42.491     3.152     0.000     3.036    -7.374    86.753    42.491  1024.144  2353.444    31.338     9.867     0.020    21.245
       252    42.513     3.159     0.000     3.040    -7.377    86.941    42.513  1024.144  2352.214    31.338     9.867     0.020    21.257
       253    42.535     3.166     0.000     3.045    -7.379    87.127    42.535  1024.144  2351.023    31.338     9.867     0.020    21.267
       254    42.556     3.172     0.000     3.049    -7.381    87.311    42.556  1024.144  2349.869    31.338     9.867     0.020    21.278
       255    42.576     3.179     0.000     3.054    -7.384    87.494    42.576  1024.144  2348.750    31.338     9.867     0.020    21.288
       256    42.595     3.186     0.000     3.058    -7.386    87.675    42.595  1024.144  2347.666    31.338     9.866     0.020    21.298
       257    42.615     3.192     0.000     3.062    -7.388    87.854    42.615  1024.144  2346.616    31.338     9.866     0.020    21.307
       258    42.633     3.198     0.000     3.067    -7.390    88.032    42.633  1024.144  2345.597    31.338     9.866     0.020    21.317
       259    42.651     3.205     0.000     3.071    -7.392    88.209    42.651  1024.144  2344.609    31.338     9.866     0.020    21.326
       260    42.668     3.211     0.000     3.075    -7.394    88.384    42.668  1024.144  2343.651    31.338     9.866     0.020    21.334
       261    42.685     3.217     0.000     3.079    -7.396    88.558    42.685  1024.144  2342.722    31.338     9.866     0.020    21.343
       262    42.702     3.223     0.000     3.083    -7.397    88.731    42.702  1024.144  2341.821    31.338     9.866     0.020    21.351
       263    42.718     3.228     0.000     3.087    -7.399    88.902    42.718  1024.144  2340.947    31.338     9.866     0.020    21.359
       264    42.733     3.234     0.000     3.091    -7.401    89.072    42.733  1024.144  2340.099    31.338     9.866     0.020    21.367
       265    42.748     3.240     0.000     3.095    -7.403    89.241    42.748  1024.145  2339.277    31.338     9.865     0.020    21.374
       266    42.763     3.245     0.000     3.099    -7.404    89.408    42.763  1024.145  2338.479    31.338     9.865     0.020    21.381
       267    42.777     3.251     0.000     3.103    -7.406    89.575    42.777  1024.145  2337.705    31.338     9.865     0.020    21.389
       268    42.791     3.256     0.000     3.107    -7.407    89.740    42.791  1024.145  2336.954    31.339     9.865     0.020    21.395
       269    42.804     3.261     0.000     3.111    -7.409    89.904    42.804  1024.145  2336.225    31.339     9.865     0.020    21.402
       270    42.817     3.266     0.000     3.115    -7.410    90.067    42.817  1024.145  2335.518    31.339     9.865     0.020    21.409
       271    42.830     3.271     0.000     3.119    -7.412    90.229    42.830  1024.145  2334.832    31.339     9.865     0.020    21.415
       272    42.842     3.276     0.000     3.123    -7.413    90.390    42.842  1024.145  2334.167    31.339     9.865     0.020    21.421
       273    42.854     3.280     0.000     3.127    -7.414    90.550    42.854  1024.145  2333.522    31.339     9.865     0.020    21.427
       274    42.865     3.285     0.000     3.130    -7.416    90.709    42.865  1024.145  2332.896    31.339     9.865     0.020    21.433
       275    42.876     3.290     0.000     3.134    -7.417    90.868    42.876  1024.145  2332.289    31.339     9.865     0.020    21.438
       276    42.887     3.294     0.000     3.138    -7.418    91.025    42.887  1024.145  2331.701    31.339     9.864     0.020    21.444
       277    42.898     3.298     0.000     3.142    -7.419    91.181    42.898  1024.145  2331.131    31.339     9.864     0.020    21.449
       278    42.908     3.303     0.000     3.145    -7.421    91.337    42.908  1024.145  2330.578    31.339     9.864     0.020    21.454
       279    42.918     3.307     0.000     3.149    -7.422    91.491    42.918  1024.145  2330.042    31.339     9.864     0.020    21.459
       280    42.927     3.311     0.000     3.153    -7.423    91.645    42.927  1024.145  2329.523    31.339     9.864     0.020    21.464
       281    42.937     3.315     0.000     3.156    -7.424    91.798    42.937  1024.145  2329.020    31.339     9.864     0.020    21.468
       282    42.945     3.319     0.000     3.160    -7.425    91.951    42.945  1024.145  2328.533    31.339     9.864     0.020    21.473
       283    42.954     3.322     0.000     3.164    -7.426    92.102    42.954  1024.145  2328.062    31.339     9.864     0.020    21.477
       284    42.963     3.326     0.000     3.167    -7.427    92.253    42.963  1024.145  2327.606    31.339     9.864     0.020    21.481
       285    42.971     3.329     0.000     3.171    -7.428    92.404    42.971  1024.145  2327.165    31.339     9.864     0.020    21.485
       286    42.979     3.333     0.000     3.174    -7.429    92.553    42.979  1024.145  2326.738    31.339     9.864     0.020    21.489
       287    42.986     3.336     0.000     3.178    -7.430    92.702    42.986  1024.145  2326.326    31.339     9.864     0.020    21.493
       288    42.994     3.340     0.000     3.181    -7.430    92.850    42.994  1024.145  2325.928    31.339     9.864     0.020    21.497
       289    43.001     3.343     0.000     3.185    -7.431    92.998    43.001  1024.145  2325.543    31.339     9.864     0.020    21.500
       290    43.008     3.346     0.000     3.188    -7.432    93.145    43.008  1024.145  2325.172    31.339     9.864     0.020    21.504
       291    43.014     3.349     0.000     3.192    -7.433    93.292    43.014  1024.145  2324.814    31.339     9.864     0.020    21.507
       292    43.021     3.352     0.000     3.195    -7.433    93.438    43.021  1024.145  2324.469    31.339     9.864     0.020    21.510
       293    43.027     3.354     0.000     3.199    -7.434    93.583    43.027  1024.145  2324.136    31.339     9.864     0.020    21.513
       294    43.033     3.357     0.000     3.202    -7.435    93.728    43.033  1024.145  2323.816    31.339     9.863     0.020    21.516
       295    43.038     3.360     0.000     3.206    -7.435    93.873    43.038  1024.145  2323.509    31.339     9.863     0.020    21.519
       296    43.044     3.362     0.000     3.209    -7.436    94.017    43.044  1024.145  2323.213    31.339     9.863     0.020    21.522
       297    43.049     3.364     0.000     3.213    -7.437    94.161    43.049  1024.145  2322.930    31.339     9.863     0.020    21.525
       298    43.054     3.367     0.000     3.216    -7.437    94.304    43.054  1024.145  2322.658    31.339     9.863     0.020    21.527
       299    43.059     3.369     0.000     3.219    -7.438    94.447    43.059  1024.145  2322.398    31.339     9.863     0.020    21.529
       300    43.064     3.371     0.000     3.223    -7.438    94.589    43.064  1024.145  2322.149    31.339     9.863     0.020    21.532
       301    43.068     3.373     0.000     3.226    -7.439    94.731    43.068  1024.145  2321.911    31.339     9.863     0.020    21.534
       302    43.072     3.375     0.000     3.230    -7.439    94.873    43.072  1024.145  2321.685    31.339     9.863     0.020    21.536
       303    43.076     3.377     0.000     3.233    -7.440    95.015    43.076  1024.145  2321.469    31.339     9.863     0.020    21.538
       304    43.080     3.379     0.000     3.236    -7.440    95.156    43.080  1024.145  2321.264    31.339     9.863     0.020    21.540
       305    43.084     3.380     0.000     3.240    -7.440    95.296    43.084  1024.145  2321.070    31.339     9.863     0.020    21.542
       306    43.087     3.382     0.000     3.243    -7.441    95.437    43.087  1024.145  2320.887    31.339     9.863     0.020    21.543
       307    43.090     3.383     0.000     3.246    -7.441    95.577    43.090  1024.145  2320.713    31.339     9.863     0.020    21.545
       308    43.093     3.385     0.000     3.250    -7.441    95.717    43.093  1024.146  2320.551    31.339     9.863     0.020    21.547
       309    43.096     3.386     0.000     3.253    -7.442    95.857    43.096  1024.146  2320.398    31.339     9.863     0.020    21.548
       310    43.099     3.387     0.000     3.256    -7.442    95.996    43.099  1024.146  2320.256    31.339     9.863     0.020    21.549
       311    43.101     3.388     0.000     3.260    -7.442    96.136    43.101  1024.146  2320.123    31.339     9.863     0.020    21.551
       312    43.103     3.389     0.000     3.263    -7.442    96.275    43.103  1024.146  2320.001    31.339     9.863     0.020    21.552
       313    43.106     3.390     0.000     3.266    -7.443    96.414    43.106  1024.146  2319.888    31.339     9.863     0.020    21.553
       314    43.107     3.391     0.000     3.270    -7.443    96.553    43.107  1024.146  2319.785    31.339     9.863     0.020    21.554
       315    43.109     3.392     0.000     3.273    -7.443    96.692    43.109  1024.146  2319.692    31.339     9.863     0.020    21.555
       316    43.111     3.392     0.000     3.276    -7.443    96.830    43.111  1024.146  2319.608    31.339     9.863     0.020    21.555
       317    43.112     3.393     0.000     3.280    -7.443    96.969    43.112  1024.146  2319.533    31.339     9.863     0.020    21.556
       318    43.113     3.393     0.000     3.283    -7.443    97.107    43.113  1024.146  2319.468    31.339     9.863     0.020    21.557
       319    43.114     3.394     0.000     3.286    -7.443    97.246    43.114  1024.146  2319.411    31.339     9.863     0.020    21.557
       320    43.115     3.394     0.000     3.289    -7.443    97.384    43.115  1024.146  2319.362    31.339     9.863     0.020    21.558
       321    43.116     3.394     0.000     3.293    -7.443    97.522    43.116  1024.146  2319.321    31.339     9.863     0.020    21.558
---------------------- Local maximum rise or fall --------------------
       322    43.117     3.394     0.000     3.296    -7.443    97.660    43.117  1024.146  2319.286    31.339     9.863     0.020    21.558
       323    43.117     3.394     0.000     3.299    -7.443    97.799    43.117  1024.146  2319.259    31.339     9.863     0.020    21.559
       324    43.118     3.394     0.000     3.303    -7.443    97.937    43.118  1024.146  2319.238    31.339     9.863     0.020    21.559
       325    43.118     3.394     0.000     3.306    -7.443    98.075    43.118  1024.146  2319.218    31.339     9.863     0.020    21.559
       326    43.118     3.394     0.000     3.309    -7.443    98.214    43.118  1024.146  2319.197    31.339     9.863     0.020    21.559
       327    43.119     3.393     0.000     3.313    -7.443    98.352    43.119  1024.146  2319.174    31.339     9.863     0.020    21.559
       328    43.119     3.393     0.000     3.316    -7.443    98.490    43.119  1024.146  2319.149    31.339     9.863     0.020    21.560
       329    43.120     3.392     0.000     3.319    -7.443    98.629    43.120  1024.146  2319.122    31.339     9.863     0.020    21.560
       330    43.120     3.392     0.000     3.322    -7.442    98.768    43.120  1024.146  2319.093    31.339     9.863     0.020    21.560
       331    43.121     3.391     0.000     3.326    -7.442    98.907    43.121  1024.146  2319.062    31.339     9.863     0.020    21.560
       332    43.122     3.391     0.000     3.329    -7.442    99.046    43.122  1024.146  2319.028    31.339     9.863     0.020    21.561
       333    43.122     3.390     0.000     3.332    -7.442    99.185    43.122  1024.146  2318.992    31.339     9.863     0.020    21.561
       334    43.123     3.389     0.000     3.336    -7.441    99.324    43.123  1024.146  2318.954    31.339     9.863     0.020    21.561
       335    43.124     3.388     0.000     3.339    -7.441    99.464    43.124  1024.146  2318.913    31.339     9.863     0.020    21.562
       336    43.124     3.387     0.000     3.342    -7.441    99.603    43.124  1024.146  2318.869    31.339     9.863     0.020    21.562
       337    43.125     3.386     0.000     3.346    -7.440    99.743    43.125  1024.146  2318.823    31.339     9.863     0.020    21.563
       338    43.126     3.384     0.000     3.349    -7.440    99.884    43.126  1024.146  2318.774    31.339     9.863     0.020    21.563
       339    43.127     3.383     0.000     3.352    -7.439   100.024    43.127  1024.146  2318.723    31.339     9.863     0.020    21.564
       340    43.128     3.382     0.000     3.356    -7.439   100.165    43.128  1024.146  2318.669    31.339     9.863     0.020    21.564
       341    43.129     3.380     0.000     3.359    -7.439   100.306    43.129  1024.146  2318.612    31.339     9.863     0.020    21.565
       342    43.130     3.379     0.000     3.362    -7.438   100.448    43.130  1024.146  2318.552    31.339     9.863     0.020    21.565
       343    43.132     3.377     0.000     3.366    -7.438   100.590    43.132  1024.146  2318.489    31.339     9.863     0.020    21.566
       344    43.133     3.375     0.000     3.369    -7.437   100.732    43.133  1024.146  2318.423    31.339     9.863     0.020    21.566
       345    43.134     3.374     0.000     3.373    -7.436   100.874    43.134  1024.146  2318.354    31.339     9.863     0.020    21.567
       346    43.135     3.372     0.000     3.376    -7.436   101.017    43.135  1024.146  2318.282    31.339     9.863     0.020    21.568
       347    43.137     3.370     0.000     3.379    -7.435   101.161    43.137  1024.146  2318.206    31.339     9.863     0.020    21.568
       348    43.138     3.368     0.000     3.383    -7.435   101.305    43.138  1024.146  2318.128    31.339     9.863     0.020    21.569
       349    43.140     3.366     0.000     3.386    -7.434   101.449    43.140  1024.146  2318.046    31.339     9.863     0.020    21.570
       350    43.141     3.363     0.000     3.390    -7.433   101.594    43.141  1024.146  2317.960    31.339     9.863     0.020    21.571
       351    43.143     3.361     0.000     3.393    -7.432   101.740    43.143  1024.146  2317.871    31.339     9.863     0.020    21.572
       352    43.145     3.359     0.000     3.397    -7.432   101.885    43.145  1024.146  2317.778    31.339     9.863     0.020    21.572
       353    43.147     3.356     0.000     3.400    -7.431   102.032    43.147  1024.146  2317.681    31.339     9.863     0.020    21.573
       354    43.148     3.354     0.000     3.404    -7.430   102.179    43.148  1024.146  2317.580    31.339     9.863     0.020    21.574
       355    43.150     3.351     0.000     3.407    -7.429   102.327    43.150  1024.146  2317.475    31.339     9.863     0.020    21.575
       356    43.152     3.349     0.000     3.411    -7.428   102.475    43.152  1024.146  2317.367    31.339     9.863     0.020    21.576
       357    43.155     3.346     0.000     3.414    -7.428   102.624    43.155  1024.146  2317.253    31.339     9.863     0.020    21.577
       358    43.157     3.343     0.000     3.418    -7.427   102.774    43.157  1024.146  2317.136    31.339     9.863     0.020    21.578
       359    43.159     3.340     0.000     3.421    -7.426   102.924    43.159  1024.146  2317.013    31.339     9.863     0.020    21.580
       360    43.161     3.337     0.000     3.425    -7.425   103.075    43.161  1024.146  2316.887    31.339     9.863     0.020    21.581
       361    43.164     3.334     0.000     3.429    -7.424   103.227    43.164  1024.146  2316.755    31.339     9.863     0.020    21.582
       362    43.166     3.331     0.000     3.432    -7.423   103.380    43.166  1024.146  2316.618    31.339     9.863     0.020    21.583
       363    43.169     3.328     0.000     3.436    -7.421   103.533    43.169  1024.146  2316.476    31.339     9.863     0.020    21.585
       364    43.172     3.324     0.000     3.440    -7.420   103.688    43.172  1024.146  2316.328    31.339     9.863     0.020    21.586
       365    43.175     3.321     0.000     3.443    -7.419   103.843    43.175  1024.146  2316.175    31.339     9.863     0.020    21.587
       366    43.178     3.318     0.000     3.447    -7.418   103.999    43.178  1024.146  2316.016    31.339     9.862     0.020    21.589
       367    43.181     3.314     0.000     3.451    -7.417   104.156    43.181  1024.146  2315.851    31.339     9.862     0.020    21.590
       368    43.184     3.310     0.000     3.455    -7.415   104.314    43.184  1024.146  2315.680    31.339     9.862     0.020    21.592
       369    43.187     3.307     0.000     3.458    -7.414   104.473    43.187  1024.146  2315.503    31.339     9.862     0.020    21.594
       370    43.191     3.303     0.000     3.462    -7.413   104.633    43.191  1024.146  2315.318    31.339     9.862     0.020    21.595
       371    43.194     3.299     0.000     3.466    -7.411   104.794    43.194  1024.146  2315.127    31.339     9.862     0.020    21.597
       372    43.198     3.295     0.000     3.470    -7.410   104.956    43.198  1024.146  2314.928    31.339     9.862     0.020    21.599
       373    43.202     3.291     0.000     3.474    -7.408   105.119    43.202  1024.146  2314.722    31.339     9.862     0.020    21.601
       374    43.206     3.287     0.000     3.478    -7.407   105.283    43.206  1024.146  2314.508    31.339     9.862     0.020    21.603
       375    43.210     3.283     0.000     3.482    -7.405   105.449    43.210  1024.146  2314.286    31.339     9.862     0.020    21.605
       376    43.214     3.279     0.000     3.486    -7.404   105.616    43.214  1024.146  2314.055    31.339     9.862     0.020    21.607
       377    43.219     3.274     0.000     3.490    -7.402   105.784    43.219  1024.146  2313.815    31.339     9.862     0.020    21.609
       378    43.223     3.270     0.000     3.494    -7.400   105.953    43.223  1024.146  2313.566    31.339     9.862     0.020    21.612
       379    43.228     3.265     0.000     3.498    -7.399   106.124    43.228  1024.146  2313.307    31.340     9.862     0.020    21.614
       380    43.233     3.261     0.000     3.502    -7.397   106.296    43.233  1024.146  2313.039    31.340     9.862     0.020    21.617
       381    43.238     3.256     0.000     3.506    -7.395   106.469    43.238  1024.146  2312.759    31.340     9.862     0.020    21.619
       382    43.244     3.251     0.000     3.510    -7.393   106.644    43.244  1024.146  2312.469    31.340     9.862     0.020    21.622
       383    43.249     3.247     0.000     3.514    -7.391   106.821    43.249  1024.146  2312.167    31.340     9.862     0.020    21.625
       384    43.255     3.242     0.000     3.518    -7.389   106.999    43.255  1024.146  2311.853    31.340     9.862     0.020    21.628
       385    43.261     3.237     0.000     3.523    -7.387   107.178    43.261  1024.146  2311.526    31.340     9.862     0.020    21.631
       386    43.268     3.232     0.000     3.527    -7.385   107.360    43.268  1024.146  2311.186    31.340     9.862     0.020    21.634
       387    43.274     3.227     0.000     3.531    -7.383   107.543    43.274  1024.146  2310.832    31.340     9.862     0.020    21.637
       388    43.281     3.222     0.000     3.536    -7.381   107.728    43.281  1024.146  2310.464    31.340     9.862     0.020    21.641
       389    43.289     3.216     0.000     3.540    -7.379   107.914    43.289  1024.146  2310.080    31.340     9.862     0.020    21.644
       390    43.296     3.211     0.000     3.545    -7.376   108.103    43.296  1024.146  2309.680    31.340     9.862     0.020    21.648
       391    43.304     3.206     0.000     3.549    -7.374   108.293    43.304  1024.146  2309.263    31.340     9.862     0.020    21.652
       392    43.312     3.200     0.000     3.554    -7.371   108.486    43.312  1024.146  2308.828    31.340     9.862     0.020    21.656
       393    43.321     3.195     0.000     3.559    -7.369   108.681    43.321  1024.146  2308.375    31.340     9.862     0.020    21.660
       394    43.329     3.189     0.000     3.563    -7.366   108.877    43.329  1024.146  2307.902    31.340     9.861     0.020    21.665
       395    43.339     3.183     0.000     3.568    -7.364   109.077    43.339  1024.146  2307.408    31.340     9.861     0.020    21.669
       396    43.348     3.178     0.000     3.573    -7.361   109.278    43.348  1024.146  2306.892    31.340     9.861     0.020    21.674
       397    43.358     3.172     0.000     3.578    -7.358   109.482    43.358  1024.146  2306.353    31.340     9.861     0.020    21.679
       398    43.369     3.166     0.000     3.583    -7.355   109.688    43.369  1024.146  2305.790    31.340     9.861     0.020    21.685
       399    43.380     3.160     0.000     3.588    -7.352   109.897    43.380  1024.146  2305.200    31.340     9.861     0.020    21.690
       400    43.392     3.154     0.000     3.593    -7.349   110.108    43.392  1024.146  2304.584    31.340     9.861     0.020    21.696
       401    43.404     3.148     0.000     3.598    -7.346   110.323    43.404  1024.146  2303.938    31.340     9.861     0.020    21.702
       402    43.417     3.142     0.000     3.603    -7.343   110.540    43.417  1024.146  2303.262    31.340     9.861     0.020    21.708
       403    43.430     3.135     0.000     3.608    -7.339   110.760    43.430  1024.146  2302.553    31.340     9.861     0.020    21.715
       404    43.444     3.129     0.000     3.613    -7.336   110.983    43.444  1024.146  2301.810    31.340     9.861     0.020    21.722
       405    43.459     3.123     0.000     3.619    -7.332   111.209    43.459  1024.147  2301.030    31.340     9.861     0.020    21.729
       406    43.474     3.116     0.000     3.624    -7.329   111.439    43.474  1024.147  2300.211    31.340     9.861     0.020    21.737
       407    43.491     3.110     0.000     3.630    -7.325   111.672    43.491  1024.147  2299.350    31.340     9.860     0.020    21.745
       408    43.508     3.103     0.000     3.635    -7.321   111.909    43.508  1024.147  2298.445    31.340     9.860     0.020    21.754
       409    43.526     3.097     0.000     3.641    -7.317   112.149    43.526  1024.147  2297.492    31.340     9.860     0.020    21.763
       410    43.545     3.090     0.000     3.647    -7.313   112.394    43.545  1024.147  2296.489    31.340     9.860     0.020    21.772
       411    43.565     3.084     0.000     3.653    -7.309   112.642    43.565  1024.147  2295.432    31.340     9.860     0.020    21.782
       412    43.586     3.077     0.000     3.659    -7.304   112.895    43.586  1024.147  2294.316    31.340     9.860     0.020    21.793
       413    43.608     3.070     0.000     3.665    -7.300   113.152    43.608  1024.147  2293.139    31.340     9.860     0.020    21.804
       414    43.632     3.063     0.000     3.671    -7.295   113.414    43.632  1024.147  2291.894    31.340     9.860     0.020    21.816
       415    43.657     3.057     0.000     3.678    -7.290   113.680    43.657  1024.147  2290.578    31.340     9.859     0.020    21.829
       416    43.684     3.050     0.000     3.684    -7.285   113.952    43.684  1024.147  2289.184    31.340     9.859     0.020    21.842
       417    43.712     3.043     0.000     3.691    -7.280   114.229    43.712  1024.147  2287.706    31.340     9.859     0.020    21.856
       418    43.742     3.036     0.000     3.697    -7.275   114.512    43.742  1024.147  2286.138    31.340     9.859     0.020    21.871
       419    43.774     3.029     0.000     3.704    -7.269   114.801    43.774  1024.147  2284.471    31.341     9.859     0.020    21.887
       420    43.808     3.022     0.000     3.711    -7.263   115.096    43.808  1024.147  2282.698    31.341     9.858     0.020    21.904
       421    43.844     3.015     0.000     3.718    -7.257   115.397    43.844  1024.147  2280.809    31.341     9.858     0.020    21.922
       422    43.883     3.008     0.000     3.726    -7.251   115.706    43.883  1024.148  2278.793    31.341     9.858     0.020    21.941
       423    43.924     3.001     0.000     3.733    -7.245   116.022    43.924  1024.148  2276.638    31.341     9.858     0.020    21.962
       424    43.969     2.994     0.000     3.741    -7.238   116.346    43.969  1024.148  2274.332    31.341     9.857     0.020    21.984
       425    44.017     2.987     0.000     3.749    -7.231   116.678    44.017  1024.148  2271.858    31.341     9.857     0.020    22.008
       426    44.068     2.980     0.000     3.757    -7.224   117.020    44.068  1024.148  2269.200    31.341     9.857     0.020    22.034
       427    44.124     2.974     0.000     3.765    -7.217   117.371    44.124  1024.148  2266.337    31.341     9.856     0.020    22.062
       428    44.184     2.967     0.000     3.774    -7.209   117.732    44.184  1024.148  2263.246    31.341     9.856     0.020    22.092
       429    44.250     2.960     0.000     3.783    -7.201   118.104    44.250  1024.148  2259.901    31.341     9.856     0.020    22.125
       430    44.321     2.954     0.000     3.792    -7.192   118.489    44.321  1024.148  2256.270    31.341     9.855     0.020    22.160
       431    44.399     2.947     0.000     3.801    -7.183   118.887    44.399  1024.149  2252.316    31.341     9.855     0.020    22.199
       432    44.484     2.941     0.000     3.811    -7.174   119.300    44.484  1024.149  2247.993    31.342     9.854     0.020    22.242
       433    44.578     2.935     0.000     3.821    -7.164   119.728    44.578  1024.149  2243.250    31.342     9.854     0.020    22.289
       434    44.682     2.930     0.000     3.832    -7.153   120.174    44.682  1024.149  2238.019    31.342     9.853     0.020    22.341
       435    44.798     2.924     0.000     3.843    -7.142   120.640    44.798  1024.149  2232.219    31.342     9.852     0.020    22.399
       436    44.929     2.919     0.000     3.854    -7.130   121.129    44.929  1024.150  2225.747    31.342     9.852     0.020    22.464
       437    45.076     2.915     0.000     3.866    -7.118   121.644    45.076  1024.150  2218.466    31.342     9.851     0.020    22.538
       438    45.245     2.911     0.000     3.879    -7.104   122.188    45.245  1024.150  2210.198    31.342     9.850     0.020    22.622
       439    45.440     2.909     0.000     3.893    -7.090   122.768    45.440  1024.150  2200.694    31.343     9.849     0.020    22.720
       440    45.659     2.907     0.000     3.908    -7.074   123.392    45.659  1024.151  2190.160    31.343     9.848     0.020    22.829
       441    45.896     2.905     0.000     3.923    -7.057   124.059    45.896  1024.151  2178.856    31.343     9.846     0.020    22.948
       442    46.152     2.904     0.000     3.940    -7.038   124.771    46.152  1024.152  2166.754    31.343     9.845     0.020    23.076
       443    46.431     2.904     0.000     3.958    -7.018   125.536    46.431  1024.152  2153.719    31.343     9.844     0.020    23.216
       444    46.738     2.904     0.000     3.978    -6.996   126.366    46.738  1024.152  2139.577    31.344     9.842     0.020    23.369
       445    47.082     2.906     0.000     3.999    -6.972   127.273    47.082  1024.153  2123.954    31.344     9.840     0.020    23.541
       446    47.477     2.909     0.000     4.023    -6.944   128.284    47.477  1024.153  2106.265    31.344     9.838     0.020    23.739
       447    47.944     2.915     0.000     4.050    -6.913   129.435    47.944  1024.154  2085.749    31.344     9.836     0.020    23.972
       448    48.513     2.924     0.000     4.082    -6.875   130.787    48.513  1024.154  2061.286    31.344     9.833     0.020    24.257
       449    49.239     2.938     0.000     4.120    -6.829   132.448    49.239  1024.155  2030.910    31.344     9.830     0.020    24.620
       450    50.224     2.962     0.000     4.171    -6.768   134.616    50.224  1024.156  1991.090    31.344     9.826     0.020    25.112
       451    51.228     2.987     0.000     4.220    -6.708   136.746    51.228  1024.156  1952.050    31.344     9.822     0.020    25.614
       452    52.253     3.019     0.000     4.269    -6.648   138.861    52.253  1024.157  1913.775    31.344     9.818     0.020    26.126
       453    53.298     3.056     0.000     4.317    -6.591   140.942    53.298  1024.157  1876.250    31.343     9.814     0.020    26.649
       454    54.364     3.100     0.000     4.364    -6.536   142.981    54.364  1024.157  1839.461    31.343     9.811     0.020    27.182
---------------------------- Plume traps -----------------------------
       455    55.325     3.146     0.000     4.405    -6.489   144.747    55.325  1024.157  1807.512    31.342     9.808     0.020    27.662
       456    56.054     3.189     0.000     4.434    -6.456   146.016    56.054  1024.156  1784.008    31.341     9.806     0.020    28.027
       457    56.663     3.225     0.000     4.456    -6.431   146.998    56.663  1024.156  1764.822    31.341     9.804     0.020    28.331
       458    57.184     3.258     0.000     4.475    -6.411   147.801    57.184  1024.156  1748.739    31.340     9.803     0.020    28.592
       459    57.664     3.288     0.000     4.491    -6.393   148.515    57.664  1024.156  1734.198    31.340     9.802     0.020    28.832
       460    58.091     3.315     0.000     4.506    -6.377   149.169    58.091  1024.155  1721.452    31.339     9.801     0.020    29.045
       461    58.480     3.341     0.000     4.520    -6.362   149.799    58.480  1024.155  1709.976    31.339     9.800     0.020    29.240
       462    58.840     3.366     0.000     4.534    -6.348   150.412    58.840  1024.155  1699.521    31.338     9.799     0.020    29.420
       463    59.176     3.389     0.000     4.548    -6.334   151.013    59.176  1024.155  1689.879    31.338     9.798     0.020    29.588
       464    59.489     3.412     0.000     4.561    -6.320   151.598    59.489  1024.155  1680.994    31.337     9.797     0.020    29.744
       465    59.781     3.434     0.000     4.574    -6.307   152.170    59.781  1024.154  1672.779    31.337     9.797     0.020    29.890
       466    60.053     3.455     0.000     4.587    -6.295   152.727    60.053  1024.154  1665.187    31.336     9.796     0.020    30.027
       467    60.308     3.475     0.000     4.599    -6.283   153.270    60.308  1024.154  1658.155    31.336     9.795     0.020    30.154
       468    60.546     3.495     0.000     4.612    -6.272   153.800    60.546  1024.154  1651.635    31.336     9.795     0.020    30.273
       469    60.769     3.514     0.000     4.623    -6.261   154.316    60.769  1024.154  1645.579    31.335     9.794     0.020    30.384
       470    60.978     3.533     0.000     4.635    -6.250   154.820    60.978  1024.153  1639.947    31.335     9.794     0.020    30.489
       471    61.173     3.551     0.000     4.646    -6.240   155.312    61.173  1024.153  1634.698    31.335     9.794     0.020    30.587
       472    61.357     3.569     0.000     4.657    -6.230   155.792    61.357  1024.153  1629.800    31.335     9.793     0.020    30.679
       473    61.530     3.586     0.000     4.667    -6.221   156.260    61.530  1024.153  1625.222    31.334     9.793     0.020    30.765
       474    61.693     3.603     0.000     4.678    -6.212   156.718    61.693  1024.153  1620.937    31.334     9.793     0.020    30.846
       475    61.846     3.619     0.000     4.688    -6.203   157.165    61.846  1024.153  1616.919    31.334     9.792     0.020    30.923
       476    61.991     3.635     0.000     4.698    -6.195   157.603    61.991  1024.153  1613.147    31.334     9.792     0.020    30.995
       477    62.127     3.651     0.000     4.707    -6.187   158.030    62.127  1024.152  1609.600    31.333     9.792     0.020    31.064
       478    62.256     3.666     0.000     4.717    -6.179   158.449    62.256  1024.152  1606.259    31.333     9.791     0.020    31.128
       479    62.379     3.681     0.000     4.726    -6.171   158.858    62.379  1024.152  1603.110    31.333     9.791     0.020    31.189
       480    62.495     3.696     0.000     4.735    -6.164   159.259    62.495  1024.152  1600.136    31.333     9.791     0.020    31.247
       481    62.605     3.710     0.000     4.744    -6.157   159.652    62.605  1024.152  1597.324    31.333     9.791     0.020    31.302
       482    62.709     3.724     0.000     4.753    -6.151   160.037    62.709  1024.152  1594.663    31.332     9.791     0.020    31.355
       483    62.809     3.738     0.000     4.761    -6.144   160.415    62.809  1024.152  1592.141    31.332     9.790     0.020    31.404
       484    62.903     3.751     0.000     4.770    -6.138   160.785    62.903  1024.152  1589.748    31.332     9.790     0.020    31.452
       485    62.993     3.764     0.000     4.778    -6.132   161.148    62.993  1024.152  1587.476    31.332     9.790     0.020    31.497
       486    63.079     3.777     0.000     4.786    -6.126   161.505    63.079  1024.152  1585.314    31.332     9.790     0.020    31.539
       487    63.161     3.790     0.000     4.794    -6.120   161.855    63.161  1024.151  1583.258    31.332     9.790     0.020    31.580
       488    63.239     3.802     0.000     4.802    -6.115   162.199    63.239  1024.151  1581.298    31.331     9.790     0.020    31.620
       489    63.314     3.815     0.000     4.809    -6.109   162.538    63.314  1024.151  1579.429    31.331     9.790     0.020    31.657
       490    63.386     3.827     0.000     4.817    -6.104   162.870    63.386  1024.151  1577.646    31.331     9.789     0.020    31.693
       491    63.454     3.838     0.000     4.824    -6.099   163.197    63.454  1024.151  1575.942    31.331     9.789     0.020    31.727
       492    63.520     3.850     0.000     4.832    -6.094   163.519    63.520  1024.151  1574.313    31.331     9.789     0.020    31.760
       493    63.583     3.861     0.000     4.839    -6.089   163.836    63.583  1024.151  1572.754    31.331     9.789     0.020    31.791
       494    63.643     3.872     0.000     4.846    -6.085   164.147    63.643  1024.151  1571.261    31.331     9.789     0.020    31.822
       495    63.701     3.883     0.000     4.853    -6.081   164.454    63.701  1024.151  1569.831    31.331     9.789     0.020    31.851
       496    63.757     3.894     0.000     4.860    -6.076   164.757    63.757  1024.151  1568.460    31.331     9.789     0.020    31.878
       497    63.810     3.905     0.000     4.866    -6.072   165.055    63.810  1024.151  1567.144    31.330     9.789     0.020    31.905
       498    63.862     3.915     0.000     4.873    -6.068   165.349    63.862  1024.151  1565.880    31.330     9.789     0.020    31.931
       499    63.911     3.925     0.000     4.880    -6.064   165.639    63.911  1024.151  1564.666    31.330     9.789     0.020    31.956
       500    63.959     3.935     0.000     4.886    -6.060   165.925    63.959  1024.151  1563.500    31.330     9.788     0.020    31.980
       501    64.005     3.945     0.000     4.892    -6.057   166.207    64.005  1024.150  1562.378    31.330     9.788     0.020    32.003
       502    64.049     3.955     0.000     4.899    -6.053   166.485    64.049  1024.150  1561.298    31.330     9.788     0.020    32.025
       503    64.092     3.964     0.000     4.905    -6.050   166.760    64.092  1024.150  1560.258    31.330     9.788     0.020    32.046
       504    64.133     3.974     0.000     4.911    -6.046   167.031    64.133  1024.150  1559.257    31.330     9.788     0.020    32.067
       505    64.173     3.983     0.000     4.917    -6.043   167.299    64.173  1024.150  1558.292    31.330     9.788     0.020    32.086
       506    64.211     3.992     0.000     4.923    -6.040   167.564    64.211  1024.150  1557.362    31.330     9.788     0.020    32.106
       507    64.248     4.001     0.000     4.929    -6.037   167.826    64.248  1024.150  1556.464    31.330     9.788     0.020    32.124
       508    64.284     4.009     0.000     4.935    -6.034   168.085    64.284  1024.150  1555.599    31.330     9.788     0.020    32.142
       509    64.318     4.018     0.000     4.940    -6.031   168.340    64.318  1024.150  1554.764    31.329     9.788     0.020    32.159
       510    64.352     4.026     0.000     4.946    -6.028   168.594    64.352  1024.150  1553.957    31.329     9.788     0.020    32.176
       511    64.384     4.035     0.000     4.952    -6.025   168.844    64.384  1024.150  1553.178    31.329     9.788     0.020    32.192
       512    64.415     4.043     0.000     4.957    -6.023   169.092    64.415  1024.150  1552.426    31.329     9.788     0.020    32.208
       513    64.445     4.051     0.000     4.963    -6.020   169.337    64.445  1024.150  1551.699    31.329     9.788     0.020    32.223
       514    64.475     4.059     0.000     4.968    -6.018   169.579    64.475  1024.150  1550.996    31.329     9.788     0.020    32.237
       515    64.503     4.066     0.000     4.974    -6.015   169.820    64.503  1024.150  1550.317    31.329     9.788     0.020    32.251
       516    64.530     4.074     0.000     4.979    -6.013   170.058    64.530  1024.150  1549.660    31.329     9.788     0.020    32.265
       517    64.557     4.081     0.000     4.985    -6.010   170.293    64.557  1024.150  1549.025    31.329     9.787     0.020    32.278
       518    64.582     4.088     0.000     4.990    -6.008   170.527    64.582  1024.150  1548.411    31.329     9.787     0.020    32.291
       519    64.607     4.095     0.000     4.995    -6.006   170.758    64.607  1024.150  1547.816    31.329     9.787     0.020    32.304
       520    64.631     4.102     0.000     5.000    -6.004   170.988    64.631  1024.150  1547.241    31.329     9.787     0.020    32.316
       521    64.654     4.109     0.000     5.005    -6.002   171.215    64.654  1024.150  1546.684    31.329     9.787     0.020    32.327
       522    64.677     4.116     0.000     5.010    -6.000   171.441    64.677  1024.150  1546.146    31.329     9.787     0.020    32.338
       523    64.699     4.123     0.000     5.015    -5.998   171.665    64.699  1024.150  1545.624    31.329     9.787     0.020    32.349
       524    64.720     4.129     0.000     5.020    -5.996   171.886    64.720  1024.150  1545.120    31.329     9.787     0.020    32.360
       525    64.740     4.135     0.000     5.025    -5.994   172.107    64.740  1024.150  1544.631    31.329     9.787     0.020    32.370
       526    64.760     4.141     0.000     5.030    -5.992   172.326    64.760  1024.150  1544.156    31.329     9.787     0.020    32.380
       527    64.780     4.147     0.000     5.035    -5.991   172.544    64.780  1024.150  1543.695    31.329     9.787     0.020    32.390
       528    64.798     4.153     0.000     5.040    -5.989   172.760    64.798  1024.149  1543.247    31.329     9.787     0.020    32.399
       529    64.817     4.159     0.000     5.045    -5.987   172.976    64.817  1024.149  1542.813    31.328     9.787     0.020    32.408
       530    64.834     4.165     0.000     5.050    -5.986   173.191    64.834  1024.149  1542.391    31.328     9.787     0.020    32.417
       531    64.852     4.170     0.000     5.055    -5.984   173.405    64.852  1024.149  1541.982    31.328     9.787     0.020    32.426
       532    64.868     4.176     0.000     5.059    -5.983   173.617    64.868  1024.149  1541.585    31.328     9.787     0.020    32.434
       533    64.885     4.181     0.000     5.064    -5.981   173.829    64.885  1024.149  1541.199    31.328     9.787     0.020    32.442
       534    64.900     4.186     0.000     5.069    -5.980   174.040    64.900  1024.149  1540.826    31.328     9.787     0.020    32.450
       535    64.916     4.191     0.000     5.074    -5.978   174.250    64.916  1024.149  1540.464    31.328     9.787     0.020    32.458
       536    64.930     4.196     0.000     5.078    -5.977   174.459    64.930  1024.149  1540.113    31.328     9.787     0.020    32.465
       537    64.945     4.201     0.000     5.083    -5.976   174.667    64.945  1024.149  1539.773    31.328     9.787     0.020    32.472
       538    64.959     4.205     0.000     5.088    -5.974   174.874    64.959  1024.149  1539.443    31.328     9.787     0.020    32.479
       539    64.972     4.210     0.000     5.092    -5.973   175.081    64.972  1024.149  1539.124    31.328     9.787     0.020    32.486
       540    64.985     4.214     0.000     5.097    -5.972   175.286    64.985  1024.149  1538.816    31.328     9.787     0.020    32.493
       541    64.998     4.218     0.000     5.102    -5.971   175.491    64.998  1024.149  1538.517    31.328     9.787     0.020    32.499
       542    65.010     4.223     0.000     5.106    -5.970   175.696    65.010  1024.149  1538.229    31.328     9.787     0.020    32.505
       543    65.022     4.227     0.000     5.111    -5.969   175.899    65.022  1024.149  1537.950    31.328     9.787     0.020    32.511
       544    65.033     4.231     0.000     5.115    -5.968   176.102    65.033  1024.149  1537.681    31.328     9.787     0.020    32.516
       545    65.044     4.234     0.000     5.120    -5.967   176.304    65.044  1024.149  1537.421    31.328     9.787     0.020    32.522
       546    65.055     4.238     0.000     5.125    -5.966   176.506    65.055  1024.149  1537.171    31.328     9.787     0.020    32.527
       547    65.065     4.242     0.000     5.129    -5.965   176.707    65.065  1024.149  1536.930    31.328     9.787     0.020    32.532
       548    65.075     4.245     0.000     5.134    -5.964   176.907    65.075  1024.149  1536.697    31.328     9.787     0.020    32.537
       549    65.084     4.248     0.000     5.138    -5.963   177.107    65.084  1024.149  1536.474    31.328     9.787     0.020    32.542
       550    65.093     4.251     0.000     5.143    -5.962   177.306    65.093  1024.149  1536.259    31.328     9.787     0.020    32.547
       551    65.102     4.255     0.000     5.147    -5.962   177.505    65.102  1024.149  1536.053    31.328     9.787     0.020    32.551
       552    65.110     4.257     0.000     5.152    -5.961   177.703    65.110  1024.149  1535.856    31.328     9.787     0.020    32.555
       553    65.118     4.260     0.000     5.156    -5.960   177.901    65.118  1024.149  1535.666    31.328     9.787     0.020    32.559
       554    65.126     4.263     0.000     5.160    -5.959   178.098    65.126  1024.149  1535.485    31.328     9.787     0.020    32.563
       555    65.133     4.266     0.000     5.165    -5.959   178.295    65.133  1024.149  1535.312    31.328     9.787     0.020    32.567
       556    65.140     4.268     0.000     5.169    -5.958   178.491    65.140  1024.149  1535.148    31.328     9.787     0.020    32.570
       557    65.147     4.270     0.000     5.174    -5.958   178.687    65.147  1024.149  1534.991    31.328     9.787     0.020    32.573
       558    65.153     4.273     0.000     5.178    -5.957   178.883    65.153  1024.149  1534.842    31.328     9.787     0.020    32.577
       559    65.159     4.275     0.000     5.183    -5.957   179.078    65.159  1024.149  1534.701    31.328     9.787     0.020    32.580
       560    65.165     4.277     0.000     5.187    -5.956   179.273    65.165  1024.149  1534.568    31.328     9.787     0.020    32.582
       561    65.170     4.279     0.000     5.191    -5.956   179.467    65.170  1024.149  1534.442    31.328     9.787     0.020    32.585
       562    65.175     4.280     0.000     5.196    -5.955   179.662    65.175  1024.149  1534.324    31.328     9.787     0.020    32.588
       563    65.180     4.282     0.000     5.200    -5.955   179.856    65.180  1024.149  1534.213    31.328     9.787     0.020    32.590
       564    65.184     4.284     0.000     5.204    -5.954   180.050    65.184  1024.149  1534.110    31.328     9.787     0.020    32.592
       565    65.188     4.285     0.000     5.209    -5.954   180.243    65.188  1024.149  1534.014    31.328     9.787     0.020    32.594
       566    65.192     4.286     0.000     5.213    -5.954   180.436    65.192  1024.149  1533.926    31.328     9.787     0.020    32.596
       567    65.196     4.287     0.000     5.218    -5.954   180.629    65.196  1024.149  1533.845    31.328     9.787     0.020    32.598
       568    65.199     4.288     0.000     5.222    -5.953   180.822    65.199  1024.149  1533.771    31.328     9.787     0.020    32.599
       569    65.202     4.289     0.000     5.226    -5.953   181.015    65.202  1024.149  1533.704    31.328     9.787     0.020    32.601
       570    65.204     4.290     0.000     5.231    -5.953   181.208    65.204  1024.149  1533.644    31.328     9.787     0.020    32.602
       571    65.206     4.291     0.000     5.235    -5.953   181.400    65.206  1024.149  1533.592    31.328     9.787     0.020    32.603
       572    65.208     4.292     0.000     5.239    -5.953   181.593    65.208  1024.149  1533.546    31.328     9.787     0.020    32.604
       573    65.210     4.292     0.000     5.244    -5.953   181.785    65.210  1024.149  1533.507    31.328     9.787     0.020    32.605
       574    65.211     4.292     0.000     5.248    -5.953   181.977    65.211  1024.149  1533.475    31.328     9.787     0.020    32.606
       575    65.213     4.293     0.000     5.252    -5.953   182.169    65.213  1024.149  1533.448    31.328     9.787     0.020    32.606
---------------------- Local maximum rise or fall --------------------
       576    65.213     4.293     0.000     5.257    -5.953   182.362    65.213  1024.149  1533.427    31.328     9.787     0.020    32.607
-------------------- Starting Farfield Calculations --------------------
Farfield dispersion based on wastefield width of :       4.29 (m)
4/3 Power Law based Eddy Diffusivity is used:
  Dilution     Width  Distance      Time     Conc.    Bckgrd
        ()       (m)       (m)    (hrs.)    (mg/L)    (mg/L)
    65.213     4.299     5.257     0.000  1533.427     0.000
    65.213     4.518     6.000     0.011  1537.657     0.000
    65.258     4.819     7.000     0.024  1537.657     0.000
    65.736     5.126     8.000     0.038  1537.657     0.000
    66.957     5.439     9.000     0.052  1537.657     0.000
    68.848     5.759    10.000     0.066  1537.657     0.000
    71.246     6.085    11.000     0.080  1428.276     0.000
    74.019     6.416    12.000     0.094  1428.276     0.000
    77.071     6.754    13.000     0.108  1428.276     0.000
    80.340     7.097    14.000     0.122  1428.276     0.000
    83.781     7.445    15.000     0.136  1428.276     0.000
    87.365     7.800    16.000     0.149  1151.335     0.000
    91.071     8.159    17.000     0.163  1151.335     0.000
    94.883     8.524    18.000     0.177  1151.335     0.000
    98.789     8.895    19.000     0.191  1151.335     0.000
   102.781     9.270    20.000     0.205  1151.335     0.000
   106.852     9.651    21.000     0.219  1151.335     0.000
   110.997    10.037    22.000     0.233   928.996     0.000
   115.212    10.427    23.000     0.247   928.996     0.000
   119.493    10.823    24.000     0.261   928.996     0.000
   123.838    11.224    25.000     0.274   928.996     0.000
   128.244    11.629    26.000     0.288   928.996     0.000
   132.709    12.039    27.000     0.302   765.890     0.000
   137.232    12.454    28.000     0.316   765.890     0.000
   141.811    12.874    29.000     0.330   765.890     0.000
   146.444    13.298    30.000     0.344   765.890     0.000
   151.131    13.727    31.000     0.358   765.890     0.000
   155.871    14.160    32.000     0.372   644.492     0.000
   160.663    14.598    33.000     0.386   644.492     0.000
   165.505    15.040    34.000     0.399   644.492     0.000
   170.398    15.486    35.000     0.413   644.492     0.000
   175.339    15.937    36.000     0.427   644.492     0.000
   180.330    16.392    37.000     0.441   644.492     0.000
   185.368    16.852    38.000     0.455   551.788     0.000
   190.454    17.315    39.000     0.469   551.788     0.000
   195.587    17.783    40.000     0.483   551.788     0.000
   200.766    18.255    41.000     0.497   551.788     0.000
   205.991    18.731    42.000     0.511   551.788     0.000
   211.261    19.211    43.000     0.524   479.252     0.000
   216.576    19.695    44.000     0.538   479.252     0.000
   221.936    20.183    45.000     0.552   479.252     0.000
   227.340    20.675    46.000     0.566   479.252     0.000
   232.788    21.171    47.000     0.580   479.252     0.000
   238.279    21.671    48.000     0.594   421.283     0.000
   243.813    22.175    49.000     0.608   421.283     0.000
   249.389    22.682    50.000     0.622   421.283     0.000
   255.008    23.194    51.000     0.636   421.283     0.000
   260.668    23.709    52.000     0.649   421.283     0.000
   266.371    24.228    53.000     0.663   421.283     0.000
   272.114    24.751    54.000     0.677   374.108     0.000
   277.898    25.277    55.000     0.691   374.108     0.000
   283.723    25.807    56.000     0.705   374.108     0.000
   289.589    26.341    57.000     0.719   374.108     0.000
   295.494    26.878    58.000     0.733   374.108     0.000
   301.439    27.419    59.000     0.747   335.116     0.000
   307.424    27.964    60.000     0.761   335.116     0.000
   313.448    28.512    61.000     0.774   335.116     0.000
   319.511    29.064    62.000     0.788   335.116     0.000
   325.612    29.619    63.000     0.802   335.116     0.000
   331.752    30.178    64.000     0.816   302.453     0.000
   337.930    30.740    65.000     0.830   302.453     0.000
   344.147    31.305    66.000     0.844   302.453     0.000
   350.400    31.874    67.000     0.858   302.453     0.000
   356.692    32.447    68.000     0.872   302.453     0.000
   363.021    33.022    69.000     0.886   302.453     0.000
   369.386    33.602    70.000     0.899   274.769     0.000
   375.789    34.184    71.000     0.913   274.769     0.000
   382.228    34.770    72.000     0.927   274.769     0.000
   388.704    35.359    73.000     0.941   274.769     0.000
   395.216    35.952    74.000     0.955   274.769     0.000
   401.764    36.547    75.000     0.969   251.065     0.000
   408.347    37.146    76.000     0.983   251.065     0.000
   414.967    37.748    77.000     0.997   251.065     0.000
   421.621    38.354    78.000     1.011   251.065     0.000
   428.311    38.963    79.000     1.024   251.065     0.000
   435.036    39.574    80.000     1.038   230.582     0.000
   441.796    40.189    81.000     1.052   230.582     0.000
   448.591    40.807    82.000     1.066   230.582     0.000
   455.420    41.429    83.000     1.080   230.582     0.000
   462.283    42.053    84.000     1.094   230.582     0.000
   469.181    42.681    85.000     1.108   230.582     0.000
   476.112    43.311    86.000     1.122   212.741     0.000
   483.078    43.945    87.000     1.136   212.741     0.000
   490.077    44.582    88.000     1.149   212.741     0.000
   497.109    45.221    89.000     1.163   212.741     0.000
   504.175    45.864    90.000     1.177   212.741     0.000
   511.274    46.510    91.000     1.191   197.087     0.000
   518.406    47.159    92.000     1.205   197.087     0.000
   525.571    47.811    93.000     1.219   197.087     0.000
   532.769    48.465    94.000     1.233   197.087     0.000
   539.999    49.123    95.000     1.247   197.087     0.000
   547.262    49.784    96.000     1.261   183.263     0.000
   554.556    50.447    97.000     1.274   183.263     0.000
   561.884    51.114    98.000     1.288   183.263     0.000
   569.243    51.783    99.000     1.302   183.263     0.000
   576.634    52.456   100.000     1.316   183.263     0.000
   584.056    53.131   101.000     1.330   183.263     0.000
   591.510    53.809   102.000     1.344   170.982     0.000
   598.996    54.490   103.000     1.358   170.982     0.000
   606.513    55.174   104.000     1.372   170.982     0.000
   614.061    55.861   105.000     1.386   170.982     0.000
   621.641    56.550   106.000     1.399   170.982     0.000
   629.251    57.243   107.000     1.413   160.015     0.000
   636.892    57.938   108.000     1.427   160.015     0.000
   644.563    58.636   109.000     1.441   160.015     0.000
   652.266    59.336   110.000     1.455   160.015     0.000
   659.998    60.040   111.000     1.469   160.015     0.000
   667.761    60.746   112.000     1.483   150.171     0.000
   675.555    61.455   113.000     1.497   150.171     0.000
   683.378    62.167   114.000     1.511   150.171     0.000
   691.231    62.881   115.000     1.524   150.171     0.000
   699.114    63.598   116.000     1.538   150.171     0.000
   707.027    64.318   117.000     1.552   150.171     0.000
   714.970    65.040   118.000     1.566   141.298     0.000
   722.942    65.766   119.000     1.580   141.298     0.000
   730.943    66.494   120.000     1.594   141.298     0.000
   738.974    67.224   121.000     1.608   141.298     0.000
   747.034    67.957   122.000     1.622   141.298     0.000
   755.123    68.693   123.000     1.636   133.264     0.000
   763.241    69.432   124.000     1.649   133.264     0.000
   771.388    70.173   125.000     1.663   133.264     0.000
   779.564    70.917   126.000     1.677   133.264     0.000
   787.768    71.663   127.000     1.691   133.264     0.000
   796.001    72.412   128.000     1.705   125.965     0.000
   804.262    73.163   129.000     1.719   125.965     0.000
   812.552    73.918   130.000     1.733   125.965     0.000
   820.870    74.674   131.000     1.747   125.965     0.000
   829.217    75.434   132.000     1.761   125.965     0.000
   837.591    76.195   133.000     1.774   125.965     0.000
   845.994    76.960   134.000     1.788   119.308     0.000
   854.424    77.727   135.000     1.802   119.308     0.000
   862.882    78.496   136.000     1.816   119.308     0.000
   871.368    79.268   137.000     1.830   119.308     0.000
   879.882    80.043   138.000     1.844   119.308     0.000
   888.423    80.820   139.000     1.858   113.218     0.000
   896.991    81.599   140.000     1.872   113.218     0.000
   905.587    82.381   141.000     1.886   113.218     0.000
   914.210    83.165   142.000     1.899   113.218     0.000
   922.861    83.952   143.000     1.913   113.218     0.000
   931.538    84.742   144.000     1.927   107.628     0.000
   940.243    85.534   145.000     1.941   107.628     0.000
   948.974    86.328   146.000     1.955   107.628     0.000
   957.733    87.125   147.000     1.969   107.628     0.000
   966.518    87.924   148.000     1.983   107.628     0.000
   975.330    88.726   149.000     1.997   107.628     0.000
   984.168    89.530   150.000     2.011   102.484     0.000
   993.033    90.336   151.000     2.024   102.484     0.000
  1001.925    91.145   152.000     2.038   102.484     0.000
  1010.842    91.956   153.000     2.052   102.484     0.000
  1019.787    92.770   154.000     2.066   102.484     0.000
  1028.757    93.586   155.000     2.080    97.737     0.000
  1037.753    94.404   156.000     2.094    97.737     0.000
  1046.776    95.225   157.000     2.108    97.737     0.000
  1055.825    96.048   158.000     2.122    97.737     0.000
  1064.899    96.874   159.000     2.136    97.737     0.000
  1073.999    97.702   160.000     2.149    93.346     0.000
  1083.126    98.532   161.000     2.163    93.346     0.000
  1092.277    99.364   162.000     2.177    93.346     0.000
  1101.455   100.199   163.000     2.191    93.346     0.000
  1110.658   101.036   164.000     2.205    93.346     0.000
  1119.886   101.876   165.000     2.219    93.346     0.000
  1129.140   102.718   166.000     2.233    89.273     0.000
  1138.420   103.562   167.000     2.247    89.273     0.000
  1147.724   104.408   168.000     2.261    89.273     0.000
  1157.054   105.257   169.000     2.274    89.273     0.000
  1166.409   106.108   170.000     2.288    89.273     0.000
  1175.789   106.961   171.000     2.302    85.489     0.000
  1185.194   107.817   172.000     2.316    85.489     0.000
  1194.624   108.675   173.000     2.330    85.489     0.000
  1204.079   109.535   174.000     2.344    85.489     0.000
  1213.558   110.397   175.000     2.358    85.489     0.000
  1223.063   111.262   176.000     2.372    81.964     0.000
  1232.592   112.129   177.000     2.386    81.964     0.000
  1242.146   112.998   178.000     2.399    81.964     0.000
  1251.724   113.869   179.000     2.413    81.964     0.000
  1261.327   114.743   180.000     2.427    81.964     0.000
  1270.954   115.619   181.000     2.441    81.964     0.000
  1280.605   116.497   182.000     2.455    78.676     0.000
  1290.281   117.377   183.000     2.469    78.676     0.000
  1299.981   118.259   184.000     2.483    78.676     0.000
  1309.706   119.144   185.000     2.497    78.676     0.000
  1319.454   120.031   186.000     2.511    78.676     0.000
  1329.227   120.920   187.000     2.524    75.601     0.000
  1339.023   121.811   188.000     2.538    75.601     0.000
  1348.844   122.704   189.000     2.552    75.601     0.000
  1358.688   123.600   190.000     2.566    75.601     0.000
  1368.556   124.497   191.000     2.580    75.601     0.000
  1378.448   125.397   192.000     2.594    72.722     0.000
  1388.364   126.299   193.000     2.608    72.722     0.000
  1398.303   127.203   194.000     2.622    72.722     0.000
  1408.266   128.110   195.000     2.636    72.722     0.000
  1418.253   129.018   196.000     2.649    72.722     0.000
  1428.263   129.929   197.000     2.663    72.722     0.000
  1438.296   130.842   198.000     2.677    70.021     0.000
  1448.353   131.757   199.000     2.691    70.021     0.000
  1458.433   132.674   200.000     2.705    70.021     0.000
  1468.536   133.593   201.000     2.719    70.021     0.000
  1478.663   134.514   202.000     2.733    70.021     0.000
  1488.813   135.437   203.000     2.747    67.483     0.000
  1498.986   136.363   204.000     2.761    67.483     0.000
  1509.182   137.290   205.000     2.774    67.483     0.000
  1519.401   138.220   206.000     2.788    67.483     0.000
............................. Reached Chronic Mixing Zone ..........................
  1529.643   139.151   207.000     2.802    67.483     0.000
  1536.410   139.767   207.660     2.811    65.094     0.000
