****************************************************************************************************
----------------------------------------------------------------------------------------------------
Ambient Table:
     Depth   Amb-cur   Amb-dir   Amb-sal   Amb-tem   Amb-pol     Decay   Far-spd   Far-dir   Disprsn
       (m)     (m/s)     (deg)     (psu)       (C)    (mg/L)   (1/day)     (m/s)     (deg)(m0.67/s2)
     0.000     0.090     0.000    32.000    14.000     0.000     0.000     0.050     0.000   0.00030
     2.000     0.085     0.000    32.000    12.000     0.000     0.000     0.050     0.000   0.00030
     4.000     0.070     0.000    32.000     8.000     0.000     0.000     0.050     0.000   0.00030
     6.000     0.065     0.000    32.000     8.000     0.000     0.000     0.050     0.000   0.00030
     8.000     0.060     0.000    32.000     8.000     0.000     0.000     0.050     0.000   0.00030
    10.000     0.055     0.000    32.000     8.000     0.000     0.000     0.050     0.000   0.00030
    12.000     0.050     0.000    32.000     8.000     0.000     0.000     0.050     0.000   0.00030
----------------------------------------------------------------------------------------------------
Diffuser Table:
     P-dia    P-elev   V-angle   H-angle     Ports   Spacing   AcuteMZ   ChrncMZ   P-depth   Ttl-flo   Eff-sal      Temp   Polutnt
       (m)       (m)     (deg)     (deg)       ( )       (m)       (m)       (m)       (m)     (MGD)     (psu)       (C)    (mg/L)
      0.08      0.31     45.00     30.00     18.00      6.10     10.20    102.00     11.00      8.00      0.00      2.63    100.00
----------------------------------------------------------------------------------------------------
Simulation Results:
              Dilutn     P-dia    x-posn    y-posn     Depth        DO
      Step (FluxAvg)       (m)       (m)       (m)       (m)    (mg/L)
         1     1.019     0.077     0.002     0.001   -10.997     1.961
         2     1.039     0.078     0.004     0.003   -10.995     1.981
         3     1.060     0.080     0.007     0.004   -10.992     2.001
         4     1.080     0.081     0.009     0.005   -10.990     2.021
         5     1.101     0.083     0.011     0.007   -10.987     2.040
         6     1.123     0.085     0.014     0.008   -10.984     2.059
         7     1.145     0.086     0.016     0.009   -10.981     2.078
         8     1.167     0.088     0.019     0.011   -10.978     2.096
         9     1.190     0.090     0.022     0.012   -10.975     2.114
        10     1.213     0.091     0.024     0.014   -10.972     2.132
        11     1.237     0.093     0.027     0.015   -10.969     2.150
        12     1.261     0.095     0.030     0.017   -10.966     2.167
        13     1.286     0.097     0.032     0.019   -10.963     2.184
        14     1.311     0.099     0.035     0.020   -10.959     2.201
        15     1.337     0.101     0.038     0.022   -10.956     2.217
        16     1.363     0.103     0.041     0.024   -10.953     2.233
        17     1.390     0.105     0.044     0.025   -10.949     2.249
        18     1.417     0.107     0.047     0.027   -10.946     2.265
        19     1.445     0.109     0.050     0.029   -10.942     2.280
        20     1.474     0.111     0.054     0.031   -10.938     2.295
        21     1.503     0.113     0.057     0.033   -10.935     2.310
        22     1.532     0.116     0.060     0.035   -10.931     2.325
        23     1.562     0.118     0.064     0.036   -10.927     2.339
        24     1.593     0.120     0.067     0.038   -10.923     2.354
        25     1.624     0.122     0.071     0.040   -10.919     2.368
        26     1.656     0.125     0.074     0.043   -10.915     2.382
        27     1.689     0.127     0.078     0.045   -10.911     2.395
        28     1.722     0.130     0.082     0.047   -10.906     2.409
        29     1.756     0.132     0.085     0.049   -10.902     2.422
        30     1.791     0.135     0.089     0.051   -10.898     2.436
        31     1.826     0.138     0.093     0.053   -10.893     2.449
        32     1.862     0.140     0.097     0.056   -10.888     2.461
        33     1.899     0.143     0.101     0.058   -10.884     2.474
        34     1.937     0.146     0.106     0.060   -10.879     2.486
        35     1.975     0.149     0.110     0.063   -10.874     2.499
        36     2.014     0.152     0.114     0.065   -10.869     2.511
        37     2.054     0.155     0.119     0.068   -10.864     2.523
        38     2.094     0.158     0.123     0.070   -10.859     2.535
        39     2.136     0.161     0.128     0.073   -10.854     2.547
        40     2.178     0.164     0.133     0.076   -10.848     2.558
        41     2.221     0.167     0.138     0.078   -10.843     2.570
        42     2.265     0.171     0.142     0.081   -10.837     2.581
        43     2.310     0.174     0.148     0.084   -10.831     2.593
        44     2.355     0.177     0.153     0.087   -10.826     2.604
        45     2.402     0.181     0.158     0.090   -10.820     2.615
        46     2.450     0.184     0.163     0.093   -10.814     2.626
        47     2.498     0.188     0.169     0.096   -10.808     2.637
        48     2.548     0.192     0.174     0.099   -10.801     2.648
        49     2.598     0.195     0.180     0.102   -10.795     2.658
        50     2.650     0.199     0.185     0.105   -10.789     2.669
        51     2.702     0.203     0.191     0.109   -10.782     2.679
        52     2.756     0.207     0.197     0.112   -10.775     2.690
        53     2.810     0.211     0.203     0.115   -10.768     2.700
        54     2.866     0.215     0.209     0.119   -10.761     2.710
        55     2.923     0.220     0.216     0.122   -10.754     2.721
        56     2.981     0.224     0.222     0.126   -10.747     2.731
        57     3.040     0.228     0.229     0.129   -10.740     2.741
        58     3.100     0.233     0.235     0.133   -10.732     2.751
        59     3.162     0.237     0.242     0.137   -10.725     2.761
        60     3.225     0.242     0.249     0.141   -10.717     2.771
        61     3.289     0.247     0.256     0.145   -10.709     2.781
        62     3.354     0.251     0.263     0.148   -10.701     2.791
        63     3.421     0.256     0.271     0.153   -10.693     2.800
        64     3.489     0.261     0.278     0.157   -10.684     2.810
        65     3.558     0.266     0.286     0.161   -10.676     2.820
        66     3.629     0.272     0.294     0.165   -10.667     2.830
        67     3.701     0.277     0.302     0.169   -10.658     2.839
        68     3.774     0.282     0.310     0.174   -10.649     2.849
        69     3.849     0.288     0.318     0.178   -10.640     2.859
        70     3.926     0.293     0.326     0.183   -10.631     2.868
        71     4.004     0.299     0.335     0.187   -10.621     2.878
        72     4.083     0.305     0.343     0.192   -10.612     2.888
        73     4.164     0.311     0.352     0.197   -10.602     2.897
        74     4.247     0.317     0.361     0.202   -10.592     2.907
        75     4.332     0.323     0.370     0.207   -10.582     2.916
        76     4.418     0.329     0.380     0.212   -10.571     2.926
        77     4.506     0.335     0.389     0.217   -10.561     2.936
        78     4.595     0.342     0.399     0.222   -10.550     2.945
        79     4.687     0.349     0.409     0.227   -10.539     2.955
        80     4.780     0.355     0.419     0.233   -10.528     2.965
        81     4.875     0.362     0.429     0.238   -10.517     2.975
        82     4.972     0.369     0.440     0.244   -10.505     2.984
        83     5.071     0.376     0.450     0.249   -10.493     2.994
        84     5.172     0.383     0.461     0.255   -10.481     3.004
        85     5.275     0.391     0.472     0.261   -10.469     3.014
        86     5.380     0.398     0.483     0.267   -10.457     3.024
        87     5.487     0.406     0.495     0.273   -10.444     3.034
        88     5.597     0.414     0.506     0.279   -10.431     3.044
        89     5.708     0.422     0.518     0.285   -10.418     3.054
        90     5.822     0.430     0.530     0.292   -10.405     3.064
        91     5.938     0.438     0.542     0.298   -10.392     3.074
        92     6.056     0.446     0.555     0.305   -10.378     3.084
        93     6.177     0.455     0.567     0.311   -10.364     3.094
        94     6.300     0.463     0.580     0.318   -10.350     3.105
        95     6.425     0.472     0.594     0.325   -10.335     3.115
        96     6.553     0.481     0.607     0.332   -10.320     3.126
        97     6.684     0.490     0.620     0.339   -10.305     3.136
        98     6.817     0.499     0.634     0.346   -10.290     3.147
        99     6.953     0.509     0.648     0.353   -10.275     3.158
       100     7.092     0.518     0.663     0.360   -10.259     3.168
       101     7.233     0.528     0.677     0.368   -10.243     3.179
       102     7.377     0.538     0.692     0.375   -10.226     3.190
       103     7.524     0.548     0.707     0.383   -10.210     3.202
       104     7.674     0.558     0.723     0.391   -10.193     3.213
       105     7.827     0.569     0.738     0.399   -10.176     3.224
       106     7.983     0.579     0.754     0.407   -10.158     3.236
       107     8.143     0.590     0.770     0.415   -10.140     3.247
       108     8.305     0.601     0.787     0.423   -10.122     3.259
       109     8.471     0.612     0.803     0.432   -10.104     3.270
       110     8.640     0.624     0.820     0.440   -10.085     3.282
       111     8.812     0.635     0.838     0.449   -10.066     3.294
       112     8.988     0.647     0.855     0.457   -10.047     3.307
       113     9.167     0.659     0.873     0.466   -10.027     3.319
       114     9.350     0.671     0.891     0.475   -10.007     3.331
       115     9.536     0.683     0.910     0.484    -9.987     3.344
       116     9.727     0.696     0.928     0.493    -9.966     3.357
       117     9.921     0.708     0.948     0.502    -9.945     3.370
       118    10.119     0.721     0.967     0.512    -9.923     3.383
       119    10.321     0.734     0.987     0.521    -9.902     3.396
       120    10.527     0.747     1.007     0.531    -9.879     3.409
       121    10.737     0.761     1.027     0.541    -9.857     3.423
       122    10.951     0.775     1.047     0.550    -9.834     3.436
       123    11.169     0.789     1.068     0.560    -9.811     3.450
       124    11.392     0.803     1.090     0.571    -9.787     3.464
       125    11.620     0.817     1.111     0.581    -9.763     3.478
       126    11.852     0.832     1.133     0.591    -9.738     3.493
       127    12.088     0.846     1.156     0.601    -9.713     3.507
       128    12.330     0.861     1.178     0.612    -9.688     3.522
       129    12.576     0.877     1.201     0.623    -9.662     3.537
       130    12.827     0.892     1.225     0.633    -9.636     3.552
       131    13.083     0.908     1.248     0.644    -9.609     3.568
       132    13.344     0.923     1.272     0.655    -9.582     3.583
       133    13.610     0.940     1.297     0.666    -9.555     3.599
       134    13.882     0.956     1.321     0.678    -9.527     3.615
       135    14.159     0.972     1.346     0.689    -9.499     3.632
       136    14.442     0.989     1.372     0.700    -9.470     3.648
       137    14.730     1.006     1.397     0.712    -9.441     3.665
       138    15.025     1.024     1.423     0.723    -9.411     3.682
       139    15.325     1.041     1.450     0.735    -9.381     3.699
       140    15.631     1.059     1.476     0.747    -9.351     3.716
       141    15.943     1.077     1.503     0.758    -9.320     3.734
       142    16.261     1.095     1.530     0.770    -9.289     3.752
       143    16.586     1.114     1.558     0.782    -9.257     3.770
       144    16.917     1.132     1.586     0.794    -9.225     3.789
       145    17.255     1.151     1.614     0.806    -9.192     3.807
       146    17.600     1.170     1.642     0.818    -9.160     3.826
       147    17.951     1.190     1.671     0.830    -9.126     3.846
       148    18.310     1.210     1.700     0.843    -9.092     3.865
       149    18.676     1.230     1.729     0.855    -9.058     3.885
       150    19.049     1.250     1.758     0.867    -9.024     3.905
       151    19.429     1.270     1.788     0.880    -8.989     3.925
       152    19.817     1.291     1.818     0.892    -8.953     3.946
       153    20.213     1.312     1.849     0.904    -8.917     3.967
       154    20.617     1.334     1.879     0.917    -8.881     3.988
       155    21.029     1.355     1.910     0.929    -8.844     4.009
       156    21.449     1.377     1.942     0.942    -8.807     4.031
       157    21.877     1.399     1.973     0.954    -8.769     4.053
       158    22.315     1.422     2.005     0.967    -8.731     4.076
       159    22.760     1.444     2.037     0.979    -8.693     4.098
       160    23.215     1.467     2.069     0.992    -8.654     4.121
       161    23.679     1.490     2.102     1.005    -8.615     4.144
       162    24.152     1.514     2.135     1.017    -8.575     4.168
       163    24.635     1.538     2.168     1.030    -8.535     4.192
       164    25.127     1.562     2.201     1.042    -8.494     4.216
       165    25.629     1.586     2.235     1.055    -8.453     4.241
       166    26.141     1.611     2.269     1.068    -8.411     4.265
       167    26.663     1.636     2.303     1.080    -8.369     4.291
       168    27.196     1.661     2.337     1.093    -8.327     4.316
       169    27.740     1.687     2.372     1.106    -8.284     4.342
       170    28.294     1.713     2.407     1.118    -8.241     4.368
       171    28.859     1.739     2.442     1.131    -8.197     4.394
       172    29.436     1.765     2.478     1.144    -8.153     4.421
       173    30.024     1.792     2.513     1.156    -8.108     4.448
       174    30.624     1.819     2.549     1.169    -8.063     4.476
       175    31.236     1.847     2.586     1.181    -8.017     4.503
       176    31.861     1.874     2.622     1.194    -7.971     4.531
       177    32.497     1.902     2.659     1.206    -7.925     4.560
       178    33.147     1.931     2.696     1.219    -7.878     4.589
       179    33.809     1.959     2.733     1.231    -7.830     4.617
       180    34.485     1.988     2.771     1.244    -7.782     4.646
       181    35.174     2.018     2.809     1.256    -7.734     4.675
       182    35.877     2.048     2.847     1.269    -7.685     4.705
       183    36.594     2.078     2.885     1.281    -7.636     4.734
       184    37.326     2.108     2.924     1.294    -7.586     4.763
       185    38.072     2.139     2.963     1.306    -7.536     4.793
       186    38.833     2.170     3.002     1.318    -7.485     4.823
       187    39.609     2.201     3.042     1.330    -7.434     4.853
       188    40.401     2.233     3.082     1.343    -7.383     4.883
       189    41.208     2.265     3.122     1.355    -7.330     4.913
       190    42.032     2.298     3.162     1.367    -7.278     4.943
       191    42.872     2.331     3.203     1.379    -7.225     4.974
       192    43.729     2.364     3.244     1.391    -7.171     5.005
       193    44.603     2.398     3.285     1.403    -7.117     5.035
       194    45.495     2.432     3.327     1.415    -7.063     5.067
       195    46.404     2.466     3.369     1.427    -7.008     5.098
       196    47.332     2.501     3.411     1.439    -6.953     5.129
       197    48.278     2.536     3.453     1.451    -6.897     5.161
       198    49.243     2.572     3.496     1.462    -6.840     5.193
       199    50.228     2.607     3.539     1.474    -6.783     5.225
       200    51.232     2.644     3.583     1.486    -6.726     5.257
       201    52.256     2.681     3.626     1.498    -6.668     5.290
       202    53.301     2.718     3.670     1.509    -6.610     5.322
       203    54.366     2.755     3.715     1.521    -6.551     5.355
       204    55.453     2.794     3.759     1.532    -6.492     5.388
       205    56.562     2.832     3.805     1.544    -6.432     5.422
       206    57.692     2.871     3.850     1.555    -6.372     5.455
       207    58.846     2.910     3.896     1.566    -6.311     5.489
       208    60.022     2.950     3.942     1.578    -6.250     5.523
       209    61.222     2.990     3.988     1.589    -6.188     5.557
       210    62.446     3.031     4.035     1.600    -6.126     5.591
       211    63.695     3.072     4.082     1.611    -6.063     5.626
       212    64.968     3.114     4.130     1.622    -6.000     5.661
       213    66.267     3.156     4.178     1.633    -5.936     5.696
       214    67.592     3.198     4.226     1.644    -5.872     5.731
       215    68.943     3.241     4.275     1.655    -5.807     5.767
       216    70.322     3.285     4.324     1.666    -5.742     5.802
       217    71.728     3.329     4.374     1.676    -5.676     5.837
       218    73.162     3.373     4.423     1.687    -5.610     5.872
       219    74.625     3.418     4.474     1.698    -5.543     5.907
       220    76.117     3.463     4.525     1.708    -5.475     5.942
       221    77.638     3.509     4.576     1.719    -5.408     5.977
       222    79.191     3.556     4.627     1.729    -5.339     6.012
       223    80.774     3.603     4.679     1.740    -5.271     6.047
       224    82.389     3.650     4.732     1.750    -5.201     6.082
       225    84.036     3.698     4.785     1.760    -5.132     6.117
       226    85.717     3.747     4.838     1.770    -5.061     6.152
       227    87.431     3.796     4.892     1.781    -4.990     6.187
       228    89.179     3.846     4.947     1.791    -4.919     6.222
       229    90.962     3.896     5.001     1.801    -4.847     6.257
       230    92.781     3.947     5.057     1.811    -4.775     6.292
       231    94.636     3.998     5.113     1.821    -4.702     6.327
       232    96.528     4.050     5.169     1.830    -4.629     6.362
       233    98.458     4.102     5.226     1.840    -4.555     6.397
       234   100.427     4.155     5.283     1.850    -4.480     6.432
       235   102.435     4.209     5.341     1.860    -4.406     6.467
       236   104.483     4.263     5.399     1.869    -4.330     6.502
       237   106.572     4.318     5.458     1.879    -4.254     6.538
       238   108.703     4.373     5.518     1.888    -4.178     6.573
       239   110.877     4.429     5.578     1.898    -4.101     6.608
       240   113.094     4.486     5.639     1.907    -4.024     6.644
       241   115.355     4.543     5.700     1.916    -3.946     6.679
       242   117.662     4.601     5.762     1.925    -3.867     6.714
       243   120.015     4.660     5.824     1.934    -3.789     6.750
       244   122.415     4.720     5.886     1.943    -3.710     6.786
       245   124.863     4.784     5.949     1.952    -3.632     6.823
       246   127.360     4.850     6.012     1.961    -3.555     6.860
       247   129.907     4.920     6.074     1.970    -3.479     6.898
       248   132.505     4.993     6.137     1.978    -3.404     6.936
       249   135.155     5.069     6.199     1.986    -3.330     6.974
       250   137.648     5.144     6.256     1.994    -3.263     7.010
---------------------------- Plume traps -----------------------------
       251   139.931     5.216     6.307     2.000    -3.205     7.042
       252   142.017     5.283     6.352     2.006    -3.154     7.072
       253   143.952     5.346     6.393     2.011    -3.108     7.099
       254   145.770     5.405     6.431     2.016    -3.067     7.125
       255   147.499     5.462     6.466     2.020    -3.029     7.149
       256   149.157     5.517     6.500     2.024    -2.993     7.171
       257   150.757     5.571     6.532     2.028    -2.960     7.193
------------------------- merging happened ---------------------------
       258   152.306     5.623     6.562     2.031    -2.928     7.214
       259   153.668     5.672     6.591     2.035    -2.899     7.232
       260   155.017     5.722     6.621     2.038    -2.869     7.250
       261   156.331     5.774     6.651     2.042    -2.839     7.268
       262   157.626     5.828     6.680     2.045    -2.811     7.285
       263   158.845     5.881     6.708     2.048    -2.784     7.301
       264   160.015     5.935     6.736     2.051    -2.758     7.316
       265   161.123     5.987     6.763     2.055    -2.732     7.331
       266   162.186     6.039     6.790     2.058    -2.707     7.344
       267   163.197     6.091     6.816     2.060    -2.683     7.357
       268   164.164     6.142     6.843     2.063    -2.659     7.370
       269   165.084     6.193     6.869     2.066    -2.637     7.382
       270   165.961     6.243     6.894     2.069    -2.614     7.393
       271   166.796     6.292     6.920     2.072    -2.593     7.404
       272   167.592     6.340     6.945     2.074    -2.571     7.414
       273   168.349     6.388     6.969     2.077    -2.551     7.423
       274   169.069     6.435     6.993     2.080    -2.531     7.433
---------------------------- Plume surfaces --------------------------
       275   169.754     6.481     7.017     2.082    -2.512     7.441
       276   170.407     6.527     7.041     2.085    -2.493     7.449
       277   171.027     6.572     7.064     2.087    -2.475     7.457
       278   171.618     6.616     7.087     2.090    -2.457     7.465
       279   172.180     6.660     7.109     2.092    -2.440     7.472
       280   172.716     6.702     7.131     2.094    -2.423     7.479
       281   173.226     6.744     7.153     2.097    -2.407     7.485
       282   173.712     6.786     7.174     2.099    -2.392     7.491
       283   174.175     6.826     7.195     2.101    -2.377     7.497
       284   174.617     6.866     7.216     2.103    -2.362     7.503
       285   175.038     6.906     7.237     2.105    -2.348     7.508
       286   175.441     6.945     7.257     2.107    -2.334     7.513
       287   175.825     6.983     7.276     2.109    -2.320     7.518
       288   176.192     7.020     7.296     2.111    -2.307     7.523
       289   176.542     7.057     7.315     2.113    -2.295     7.527
       290   176.878     7.094     7.334     2.115    -2.282     7.531
       291   177.199     7.129     7.353     2.117    -2.271     7.535
       292   177.506     7.165     7.371     2.119    -2.259     7.539
       293   177.800     7.199     7.389     2.121    -2.248     7.543
       294   178.082     7.233     7.407     2.123    -2.237     7.547
       295   178.352     7.267     7.425     2.124    -2.226     7.550
       296   178.611     7.300     7.443     2.126    -2.216     7.553
       297   178.860     7.332     7.460     2.128    -2.206     7.557
       298   179.099     7.364     7.477     2.130    -2.197     7.560
       299   179.328     7.396     7.493     2.131    -2.187     7.563
       300   179.548     7.427     7.510     2.133    -2.178     7.565
       301   179.760     7.457     7.526     2.135    -2.169     7.568
       302   179.964     7.487     7.543     2.136    -2.161     7.571
       303   180.160     7.517     7.559     2.138    -2.152     7.573
       304   180.349     7.546     7.574     2.140    -2.144     7.576
       305   180.530     7.575     7.590     2.141    -2.136     7.578
       306   180.705     7.603     7.605     2.143    -2.129     7.580
       307   180.874     7.631     7.621     2.144    -2.121     7.582
       308   181.036     7.658     7.636     2.146    -2.114     7.584
       309   181.193     7.685     7.651     2.147    -2.107     7.586
       310   181.344     7.711     7.665     2.149    -2.100     7.588
       311   181.489     7.737     7.680     2.150    -2.094     7.590
       312   181.630     7.762     7.694     2.152    -2.087     7.592
       313   181.765     7.787     7.709     2.153    -2.081     7.594
       314   181.896     7.812     7.723     2.154    -2.075     7.595
       315   182.023     7.836     7.737     2.156    -2.069     7.597
       316   182.145     7.860     7.751     2.157    -2.063     7.599
       317   182.262     7.883     7.765     2.159    -2.058     7.600
       318   182.376     7.906     7.778     2.160    -2.053     7.602
       319   182.486     7.928     7.792     2.161    -2.047     7.603
       320   182.592     7.950     7.805     2.163    -2.042     7.604
       321   182.695     7.972     7.819     2.164    -2.037     7.606
       322   182.794     7.993     7.832     2.165    -2.033     7.607
       323   182.890     8.014     7.845     2.166    -2.028     7.608
       324   182.982     8.034     7.858     2.168    -2.023     7.609
       325   183.072     8.054     7.871     2.169    -2.019     7.611
       326   183.158     8.073     7.884     2.170    -2.015     7.612
       327   183.242     8.092     7.897     2.172    -2.011     7.613
       328   183.322     8.111     7.909     2.173    -2.007     7.614
       329   183.400     8.129     7.922     2.174    -2.003     7.615
       330   183.475     8.147     7.935     2.175    -1.999     7.616
       331   183.548     8.164     7.947     2.177    -1.996     7.617
       332   183.618     8.181     7.959     2.178    -1.992     7.618
       333   183.686     8.198     7.972     2.179    -1.989     7.619
       334   183.751     8.214     7.984     2.180    -1.985     7.619
       335   183.815     8.230     7.996     2.181    -1.982     7.620
       336   183.876     8.245     8.008     2.183    -1.979     7.621
       337   183.935     8.260     8.020     2.184    -1.976     7.622
       338   183.992     8.274     8.032     2.185    -1.973     7.623
       339   184.047     8.288     8.044     2.186    -1.971     7.623
       340   184.100     8.302     8.056     2.187    -1.968     7.624
       341   184.151     8.315     8.068     2.188    -1.965     7.625
       342   184.201     8.328     8.080     2.190    -1.963     7.625
       343   184.248     8.341     8.092     2.191    -1.961     7.626
       344   184.294     8.353     8.103     2.192    -1.958     7.626
       345   184.337     8.364     8.115     2.193    -1.956     7.627
       346   184.379     8.376     8.127     2.194    -1.954     7.628
       347   184.420     8.386     8.138     2.195    -1.952     7.628
       348   184.458     8.397     8.150     2.196    -1.950     7.629
       349   184.495     8.407     8.162     2.198    -1.948     7.629
       350   184.531     8.416     8.173     2.199    -1.947     7.630
       351   184.564     8.426     8.185     2.200    -1.945     7.630
       352   184.597     8.434     8.196     2.201    -1.943     7.630
       353   184.627     8.443     8.208     2.202    -1.942     7.631
       354   184.656     8.451     8.219     2.203    -1.941     7.631
       355   184.684     8.458     8.231     2.204    -1.939     7.632
       356   184.710     8.466     8.242     2.205    -1.938     7.632
       357   184.734     8.472     8.254     2.207    -1.937     7.632
       358   184.757     8.479     8.265     2.208    -1.936     7.633
       359   184.779     8.485     8.276     2.209    -1.935     7.633
       360   184.799     8.490     8.288     2.210    -1.934     7.633
       361   184.817     8.495     8.299     2.211    -1.933     7.633
       362   184.834     8.500     8.310     2.212    -1.932     7.634
       363   184.850     8.504     8.322     2.213    -1.932     7.634
       364   184.865     8.508     8.333     2.214    -1.931     7.634
       365   184.878     8.512     8.344     2.215    -1.931     7.634
       366   184.889     8.515     8.355     2.217    -1.930     7.634
       367   184.899     8.517     8.367     2.218    -1.930     7.634
       368   184.908     8.520     8.378     2.219    -1.930     7.635
       369   184.915     8.522     8.389     2.220    -1.930     7.635
       370   184.921     8.523     8.401     2.221    -1.930     7.635
       371   184.926     8.524     8.412     2.222    -1.930     7.635
---------------------- Local maximum rise or fall --------------------
       372   184.929     8.525     8.423     2.223    -1.930     7.635
       373   184.932     8.525     8.434     2.224    -1.930     7.635
       374   184.934     8.525     8.446     2.225    -1.930     7.635
       375   184.935     8.524     8.457     2.226    -1.930     7.635
       376   184.937     8.523     8.468     2.228    -1.931     7.635
       377   184.940     8.522     8.479     2.229    -1.931     7.635
       378   184.942     8.521     8.491     2.230    -1.932     7.635
       379   184.945     8.519     8.502     2.231    -1.932     7.635
       380   184.949     8.516     8.513     2.232    -1.933     7.635
       381   184.953     8.514     8.525     2.233    -1.934     7.635
       382   184.957     8.511     8.536     2.234    -1.935     7.635
       383   184.961     8.508     8.547     2.235    -1.936     7.635
       384   184.966     8.504     8.559     2.236    -1.937     7.635
       385   184.972     8.500     8.570     2.238    -1.938     7.635
       386   184.977     8.496     8.581     2.239    -1.939     7.635
       387   184.984     8.491     8.593     2.240    -1.940     7.636
       388   184.990     8.486     8.604     2.241    -1.942     7.636
       389   184.997     8.481     8.616     2.242    -1.943     7.636
       390   185.005     8.475     8.627     2.243    -1.945     7.636
       391   185.012     8.469     8.639     2.244    -1.946     7.636
       392   185.021     8.463     8.650     2.245    -1.948     7.636
       393   185.029     8.457     8.662     2.247    -1.950     7.636
       394   185.038     8.450     8.673     2.248    -1.952     7.636
       395   185.048     8.442     8.685     2.249    -1.954     7.636
       396   185.058     8.435     8.697     2.250    -1.956     7.636
       397   185.069     8.427     8.708     2.251    -1.958     7.637
       398   185.080     8.419     8.720     2.252    -1.960     7.637
       399   185.092     8.410     8.732     2.253    -1.962     7.637
       400   185.104     8.401     8.744     2.255    -1.965     7.637
       401   185.117     8.392     8.756     2.256    -1.967     7.637
       402   185.130     8.382     8.768     2.257    -1.970     7.637
       403   185.144     8.373     8.780     2.258    -1.973     7.638
       404   185.159     8.362     8.792     2.259    -1.976     7.638
       405   185.174     8.352     8.804     2.260    -1.978     7.638
       406   185.190     8.341     8.816     2.262    -1.981     7.638
       407   185.207     8.330     8.828     2.263    -1.985     7.638
       408   185.224     8.319     8.840     2.264    -1.988     7.639
       409   185.242     8.307     8.853     2.265    -1.991     7.639
       410   185.261     8.295     8.865     2.266    -1.995     7.639
       411   185.281     8.283     8.878     2.268    -1.998     7.639
       412   185.302     8.270     8.890     2.269    -2.002     7.640
       413   185.323     8.257     8.903     2.270    -2.006     7.640
       414   185.345     8.244     8.916     2.271    -2.010     7.640
       415   185.369     8.230     8.928     2.273    -2.014     7.640
       416   185.393     8.216     8.941     2.274    -2.018     7.641
       417   185.418     8.202     8.954     2.275    -2.022     7.641
       418   185.445     8.188     8.967     2.276    -2.027     7.641
       419   185.473     8.173     8.981     2.278    -2.031     7.642
       420   185.502     8.158     8.994     2.279    -2.036     7.642
       421   185.533     8.143     9.007     2.280    -2.041     7.643
       422   185.564     8.128     9.021     2.282    -2.046     7.643
       423   185.598     8.112     9.035     2.283    -2.051     7.643
       424   185.633     8.096     9.049     2.284    -2.057     7.644
       425   185.669     8.080     9.063     2.286    -2.062     7.644
       426   185.708     8.063     9.077     2.287    -2.068     7.645
       427   185.748     8.046     9.091     2.288    -2.074     7.645
       428   185.790     8.029     9.106     2.290    -2.080     7.646
       429   185.835     8.012     9.120     2.291    -2.086     7.646
       430   185.881     7.995     9.135     2.293    -2.093     7.647
       431   185.930     7.977     9.150     2.294    -2.100     7.647
       432   185.981     7.959     9.166     2.296    -2.107     7.648
       433   186.035     7.941     9.181     2.297    -2.114     7.649
       434   186.092     7.923     9.197     2.299    -2.121     7.649
       435   186.152     7.904     9.213     2.300    -2.129     7.650
       436   186.216     7.885     9.229     2.302    -2.137     7.651
       437   186.282     7.866     9.245     2.303    -2.145     7.652
       438   186.353     7.847     9.262     2.305    -2.153     7.653
       439   186.427     7.828     9.279     2.307    -2.162     7.654
       440   186.506     7.809     9.296     2.308    -2.171     7.654
       441   186.589     7.789     9.313     2.310    -2.180     7.655
       442   186.678     7.769     9.331     2.312    -2.190     7.657
       443   186.772     7.750     9.349     2.313    -2.200     7.658
       444   186.872     7.730     9.368     2.315    -2.210     7.659
       445   186.978     7.710     9.387     2.317    -2.221     7.660
       446   187.091     7.690     9.406     2.319    -2.232     7.661
       447   187.213     7.670     9.426     2.321    -2.243     7.663
       448   187.342     7.650     9.446     2.323    -2.255     7.664
       449   187.481     7.630     9.466     2.325    -2.268     7.666
       450   187.630     7.610     9.487     2.327    -2.280     7.668
       451   187.790     7.590     9.509     2.329    -2.294     7.669
       452   187.963     7.570     9.531     2.331    -2.308     7.671
       453   188.150     7.550     9.554     2.333    -2.323     7.673
       454   188.352     7.531     9.578     2.335    -2.338     7.676
       455   188.573     7.512     9.602     2.338    -2.354     7.678
       456   188.814     7.493     9.627     2.340    -2.371     7.681
       457   189.078     7.474     9.653     2.343    -2.389     7.684
       458   189.369     7.457     9.681     2.345    -2.407     7.687
       459   189.692     7.439     9.709     2.348    -2.427     7.690
       460   190.051     7.423     9.738     2.351    -2.448     7.694
       461   190.454     7.408     9.769     2.354    -2.470     7.698
       462   190.911     7.394     9.802     2.357    -2.494     7.703
       463   191.435     7.382     9.836     2.360    -2.520     7.708
       464   192.043     7.372     9.873     2.364    -2.547     7.714
       465   192.761     7.365     9.913     2.367    -2.578     7.721
       466   193.583     7.361     9.956     2.371    -2.611     7.729
       467   194.489     7.359    10.003     2.376    -2.648     7.738
       468   195.489     7.360    10.055     2.380    -2.688     7.747
       469   196.619     7.365    10.112     2.386    -2.734     7.757
       470   197.947     7.374    10.176     2.392    -2.786     7.769
       471   199.567     7.392    10.251     2.398    -2.848     7.782
       472   201.641     7.422    10.343     2.407    -2.924     7.799
       473   204.504     7.472    10.465     2.417    -3.026     7.821
       474   208.594     7.556    10.633     2.432    -3.167     7.850
       475   212.766     7.662    10.800     2.446    -3.307     7.877
---------------------------- Plume traps -----------------------------
       476   217.021     7.796    10.965     2.460    -3.441     7.902
       477   220.337     7.946    11.089     2.470    -3.541     7.919
       478   222.520     8.090    11.162     2.476    -3.598     7.928
       479   224.345     8.219    11.214     2.480    -3.638     7.936
       480   225.757     8.330    11.254     2.484    -3.668     7.941
       481   226.991     8.426    11.291     2.487    -3.696     7.946
       482   228.063     8.512    11.326     2.489    -3.722     7.950
       483   229.040     8.591    11.361     2.492    -3.747     7.953
       484   229.925     8.666    11.395     2.495    -3.771     7.956
       485   230.739     8.737    11.429     2.498    -3.795     7.958
       486   231.487     8.806    11.462     2.500    -3.818     7.961
       487   232.180     8.872    11.494     2.503    -3.839     7.963
       488   232.821     8.936    11.525     2.505    -3.860     7.965
       489   233.416     8.999    11.555     2.508    -3.880     7.966
       490   233.970     9.059    11.585     2.510    -3.900     7.968
       491   234.486     9.118    11.614     2.512    -3.918     7.969
       492   234.968     9.175    11.642     2.514    -3.936     7.970
       493   235.419     9.231    11.670     2.516    -3.953     7.972
       494   235.841     9.285    11.697     2.519    -3.969     7.973
       495   236.239     9.338    11.723     2.521    -3.985     7.973
       496   236.612     9.390    11.749     2.523    -4.001     7.974
       497   236.964     9.441    11.774     2.525    -4.015     7.975
       498   237.296     9.490    11.799     2.527    -4.029     7.976
       499   237.611     9.538    11.823     2.528    -4.043     7.977
       500   237.918     9.586    11.847     2.530    -4.056     7.977
       501   238.215     9.632    11.872     2.532    -4.069     7.978
       502   238.503     9.678    11.896     2.534    -4.082     7.978
       503   238.783     9.723    11.920     2.536    -4.095     7.979
       504   239.055     9.767    11.943     2.538    -4.107     7.980
       505   239.319     9.811    11.967     2.539    -4.119     7.980
       506   239.576     9.854    11.991     2.541    -4.131     7.981
       507   239.826     9.896    12.014     2.543    -4.142     7.981
       508   240.069     9.938    12.038     2.545    -4.154     7.982
       509   240.305     9.979    12.061     2.547    -4.165     7.982
       510   240.534    10.019    12.084     2.548    -4.176     7.982
       511   240.758    10.059    12.108     2.550    -4.186     7.983
       512   240.975    10.098    12.131     2.552    -4.196     7.983
       513   241.186    10.137    12.154     2.554    -4.207     7.984
       514   241.391    10.175    12.177     2.555    -4.216     7.984
       515   241.591    10.212    12.199     2.557    -4.226     7.984
       516   241.785    10.249    12.222     2.559    -4.235     7.985
       517   241.973    10.285    12.245     2.561    -4.245     7.985
       518   242.157    10.321    12.267     2.562    -4.254     7.985
       519   242.335    10.355    12.290     2.564    -4.262     7.985
       520   242.508    10.390    12.312     2.566    -4.271     7.986
       521   242.676    10.423    12.334     2.567    -4.279     7.986
       522   242.840    10.456    12.357     2.569    -4.287     7.986
       523   242.999    10.488    12.379     2.571    -4.295     7.987
       524   243.153    10.520    12.401     2.572    -4.303     7.987
       525   243.303    10.551    12.423     2.574    -4.310     7.987
       526   243.448    10.582    12.445     2.576    -4.318     7.987
       527   243.589    10.611    12.467     2.577    -4.325     7.987
       528   243.726    10.641    12.489     2.579    -4.332     7.988
       529   243.859    10.669    12.510     2.581    -4.338     7.988
       530   243.988    10.697    12.532     2.582    -4.345     7.988
       531   244.114    10.724    12.554     2.584    -4.351     7.988
       532   244.235    10.751    12.575     2.586    -4.358     7.988
       533   244.353    10.777    12.597     2.587    -4.364     7.988
       534   244.466    10.802    12.618     2.589    -4.369     7.989
       535   244.577    10.827    12.640     2.590    -4.375     7.989
       536   244.684    10.851    12.661     2.592    -4.381     7.989
       537   244.787    10.875    12.682     2.594    -4.386     7.989
       538   244.887    10.898    12.703     2.595    -4.391     7.989
       539   244.984    10.920    12.724     2.597    -4.396     7.989
       540   245.077    10.942    12.746     2.598    -4.401     7.989
       541   245.168    10.963    12.767     2.600    -4.405     7.990
       542   245.255    10.983    12.788     2.602    -4.410     7.990
       543   245.339    11.003    12.809     2.603    -4.414     7.990
       544   245.420    11.022    12.830     2.605    -4.418     7.990
       545   245.498    11.041    12.850     2.606    -4.422     7.990
       546   245.573    11.058    12.871     2.608    -4.426     7.990
       547   245.645    11.076    12.892     2.609    -4.430     7.990
       548   245.715    11.092    12.913     2.611    -4.433     7.990
       549   245.781    11.108    12.934     2.613    -4.436     7.990
       550   245.845    11.124    12.954     2.614    -4.440     7.990
       551   245.906    11.138    12.975     2.616    -4.443     7.990
       552   245.964    11.153    12.995     2.617    -4.446     7.991
       553   246.020    11.166    13.016     2.619    -4.448     7.991
       554   246.073    11.179    13.037     2.620    -4.451     7.991
       555   246.123    11.191    13.057     2.622    -4.453     7.991
       556   246.171    11.203    13.078     2.623    -4.456     7.991
       557   246.216    11.214    13.098     2.625    -4.458     7.991
       558   246.259    11.224    13.119     2.626    -4.460     7.991
       559   246.299    11.234    13.139     2.628    -4.462     7.991
       560   246.337    11.243    13.159     2.629    -4.463     7.991
       561   246.372    11.252    13.180     2.631    -4.465     7.991
       562   246.405    11.260    13.200     2.632    -4.466     7.991
       563   246.436    11.267    13.221     2.634    -4.467     7.991
       564   246.464    11.273    13.241     2.636    -4.469     7.991
       565   246.489    11.279    13.261     2.637    -4.469     7.991
       566   246.513    11.285    13.282     2.639    -4.470     7.991
       567   246.534    11.290    13.302     2.640    -4.471     7.991
       568   246.553    11.294    13.322     2.642    -4.472     7.991
       569   246.569    11.297    13.343     2.643    -4.472     7.991
       570   246.584    11.300    13.363     2.645    -4.472     7.991
       571   246.596    11.302    13.383     2.646    -4.472     7.991
---------------------- Local maximum rise or fall --------------------
       572   246.607    11.304    13.403     2.648    -4.472     7.991
-------------------- Starting Farfield Calculations --------------------
Farfield dispersion based on wastefield width of :     101.11 (m)
4/3 Power Law based Eddy Diffusivity is used:
  Dilution     Width  Distance      Time        DO
        ()       (m)       (m)    (hrs.)    (mg/L)
   246.607   103.518    14.000     0.040     7.962
   246.607   103.860    15.000     0.045     7.962
   246.607   104.203    16.000     0.051     7.962
   246.607   104.546    17.000     0.057     7.962
   246.607   104.889    18.000     0.062     7.962
   246.607   105.233    19.000     0.068     7.962
   246.607   105.577    20.000     0.073     7.962
   246.607   105.921    21.000     0.079     7.962
   246.607   106.266    22.000     0.085     7.962
   246.607   106.610    23.000     0.090     7.934
   246.607   106.953    24.000     0.096     7.934
   246.607   107.297    25.000     0.101     7.934
   246.607   107.641    26.000     0.107     7.934
   246.608   107.985    27.000     0.113     7.934
   246.609   108.330    28.000     0.118     7.934
   246.610   108.675    29.000     0.124     7.934
   246.611   109.021    30.000     0.129     7.934
   246.613   109.367    31.000     0.135     7.905
   246.617   109.712    32.000     0.141     7.905
   246.621   110.058    33.000     0.146     7.905
   246.626   110.404    34.000     0.152     7.905
   246.633   110.751    35.000     0.157     7.905
   246.642   111.098    36.000     0.163     7.905
   246.653   111.445    37.000     0.168     7.905
   246.666   111.792    38.000     0.174     7.905
   246.682   112.140    39.000     0.180     7.905
   246.701   112.489    40.000     0.185     7.877
   246.723   112.837    41.000     0.191     7.877
   246.749   113.185    42.000     0.196     7.877
   246.778   113.534    43.000     0.202     7.877
   246.812   113.884    44.000     0.207     7.877
   246.850   114.233    45.000     0.213     7.877
   246.893   114.583    46.000     0.218     7.877
   246.941   114.934    47.000     0.224     7.877
   246.994   115.284    48.000     0.230     7.877
   247.052   115.635    49.000     0.235     7.849
   247.115   115.986    50.000     0.241     7.849
   247.185   116.338    51.000     0.246     7.849
   247.260   116.689    52.000     0.252     7.849
   247.342   117.041    53.000     0.257     7.849
   247.429   117.394    54.000     0.263     7.849
   247.524   117.747    55.000     0.268     7.849
   247.624   118.100    56.000     0.274     7.849
   247.731   118.453    57.000     0.280     7.822
   247.845   118.807    58.000     0.285     7.822
   247.965   119.161    59.000     0.291     7.822
   248.093   119.515    60.000     0.296     7.822
   248.227   119.869    61.000     0.302     7.822
   248.368   120.224    62.000     0.307     7.822
   248.516   120.579    63.000     0.313     7.822
   248.671   120.935    64.000     0.318     7.822
   248.833   121.291    65.000     0.324     7.822
   249.002   121.647    66.000     0.330     7.797
   249.177   122.003    67.000     0.335     7.797
   249.360   122.360    68.000     0.341     7.797
   249.549   122.717    69.000     0.346     7.797
   249.746   123.074    70.000     0.352     7.797
   249.949   123.432    71.000     0.357     7.797
   250.159   123.790    72.000     0.363     7.797
   250.376   124.148    73.000     0.368     7.797
   250.599   124.507    74.000     0.374     7.797
   250.830   124.866    75.000     0.379     7.773
   251.066   125.225    76.000     0.385     7.773
   251.310   125.584    77.000     0.391     7.773
   251.559   125.944    78.000     0.396     7.773
   251.815   126.304    79.000     0.402     7.773
   252.078   126.665    80.000     0.407     7.773
   252.347   127.025    81.000     0.413     7.773
   252.622   127.387    82.000     0.418     7.773
   252.903   127.748    83.000     0.424     7.773
   253.190   128.110    84.000     0.429     7.751
   253.483   128.471    85.000     0.435     7.751
   253.782   128.834    86.000     0.440     7.751
   254.087   129.196    87.000     0.446     7.751
   254.398   129.559    88.000     0.451     7.751
   254.715   129.922    89.000     0.457     7.751
   255.037   130.286    90.000     0.463     7.751
   255.364   130.650    91.000     0.468     7.751
   255.697   131.014    92.000     0.474     7.729
   256.035   131.379    93.000     0.479     7.729
   256.379   131.743    94.000     0.485     7.729
   256.728   132.108    95.000     0.490     7.729
   257.082   132.474    96.000     0.496     7.729
   257.441   132.839    97.000     0.501     7.729
   257.805   133.205    98.000     0.507     7.729
   258.174   133.572    99.000     0.512     7.729
   258.548   133.939   100.000     0.518     7.729
   258.927   134.306   101.000     0.523     7.709
............................. Reached Chronic Mixing Zone ..........................
   259.310   134.673   102.000     0.529     7.709
   259.698   135.040   103.000     0.534     7.709
   260.090   135.408   104.000     0.540     7.709
   260.488   135.776   105.000     0.546     7.709
   260.889   136.145   106.000     0.551     7.709
   261.295   136.514   107.000     0.557     7.709
   261.705   136.883   108.000     0.562     7.709
   262.120   137.253   109.000     0.568     7.709
   262.538   137.622   110.000     0.573     7.691
   262.961   137.992   111.000     0.579     7.691
   263.388   138.363   112.000     0.584     7.691
   263.818   138.734   113.000     0.590     7.691
   264.253   139.105   114.000     0.595     7.691
   264.692   139.476   115.000     0.601     7.691
   265.134   139.848   116.000     0.606     7.691
   265.580   140.220   117.000     0.612     7.691
   266.030   140.592   118.000     0.617     7.673
   266.483   140.965   119.000     0.623     7.673
   266.940   141.338   120.000     0.628     7.673
   267.401   141.711   121.000     0.634     7.673
   267.865   142.084   122.000     0.640     7.673
   268.332   142.458   123.000     0.645     7.673
   268.803   142.832   124.000     0.651     7.673
   269.278   143.207   125.000     0.656     7.673
   269.755   143.582   126.000     0.662     7.673
   270.236   143.957   127.000     0.667     7.656
   270.720   144.332   128.000     0.673     7.656
   271.207   144.708   129.000     0.678     7.656
   271.697   145.084   130.000     0.684     7.656
   272.190   145.461   131.000     0.689     7.656
   272.686   145.837   132.000     0.695     7.656
   273.185   146.214   133.000     0.700     7.656
   273.687   146.592   134.000     0.706     7.656
   274.192   146.969   135.000     0.711     7.656
   274.700   147.347   136.000     0.717     7.641
   275.211   147.726   137.000     0.722     7.641
   275.724   148.104   138.000     0.728     7.641
   276.240   148.483   139.000     0.733     7.641
   276.759   148.862   140.000     0.739     7.641
   277.280   149.242   141.000     0.744     7.641
   277.804   149.622   142.000     0.750     7.641
   278.331   150.002   143.000     0.756     7.641
   278.860   150.382   144.000     0.761     7.641
   279.392   150.763   145.000     0.767     7.626
   279.926   151.144   146.000     0.772     7.626
   280.463   151.526   147.000     0.778     7.626
   281.002   151.907   148.000     0.783     7.626
   281.543   152.289   149.000     0.789     7.626
   282.087   152.672   150.000     0.794     7.626
   282.633   153.055   151.000     0.800     7.626
   283.181   153.438   152.000     0.805     7.626
   283.732   153.821   153.000     0.811     7.613
   284.285   154.204   154.000     0.816     7.613
   284.840   154.588   155.000     0.822     7.613
   285.397   154.973   156.000     0.827     7.613
   285.956   155.357   157.000     0.833     7.613
   286.518   155.742   158.000     0.838     7.613
   287.081   156.127   159.000     0.844     7.613
   287.647   156.513   160.000     0.849     7.613
   288.215   156.898   161.000     0.855     7.613
   288.785   157.285   162.000     0.860     7.600
   289.356   157.671   163.000     0.866     7.600
   289.930   158.058   164.000     0.871     7.600
   290.506   158.445   165.000     0.877     7.600
   291.083   158.832   166.000     0.883     7.600
   291.663   159.220   167.000     0.888     7.600
   292.244   159.608   168.000     0.894     7.600
   292.828   159.996   169.000     0.899     7.600
   293.413   160.385   170.000     0.905     7.600
   294.000   160.774   171.000     0.910     7.588
   294.588   161.163   172.000     0.916     7.588
   295.179   161.552   173.000     0.921     7.588
   295.771   161.942   174.000     0.927     7.588
   296.365   162.332   175.000     0.932     7.588
   296.961   162.723   176.000     0.938     7.588
   297.559   163.114   177.000     0.943     7.588
   298.158   163.505   178.000     0.949     7.588
   298.759   163.896   179.000     0.954     7.588
   299.361   164.288   180.000     0.960     7.576
   299.965   164.680   181.000     0.965     7.576
   300.571   165.072   182.000     0.971     7.576
   301.178   165.465   183.000     0.976     7.576
   301.787   165.858   184.000     0.982     7.576
   302.397   166.251   185.000     0.987     7.576
   303.010   166.644   186.000     0.993     7.576
   303.623   167.038   187.000     0.998     7.576
   304.238   167.432   188.000     1.004     7.565
   304.855   167.827   189.000     1.010     7.565
   305.473   168.222   190.000     1.015     7.565
   306.092   168.617   191.000     1.021     7.565
   306.713   169.012   192.000     1.026     7.565
   307.336   169.408   193.000     1.032     7.565
   307.960   169.804   194.000     1.037     7.565
   308.585   170.200   195.000     1.043     7.565
   309.212   170.597   196.000     1.048     7.565
   309.840   170.994   197.000     1.054     7.555
   310.470   171.391   198.000     1.059     7.555
   311.100   171.789   199.000     1.065     7.555
   311.733   172.186   200.000     1.070     7.555
   312.366   172.585   201.000     1.076     7.555
   313.001   172.983   202.000     1.081     7.555
   313.638   173.382   203.000     1.087     7.555
   314.275   173.781   204.000     1.092     7.555
   314.914   174.180   205.000     1.098     7.555
   315.554   174.580   206.000     1.103     7.546
   316.196   174.980   207.000     1.109     7.546
   316.838   175.380   208.000     1.114     7.546
   317.482   175.781   209.000     1.120     7.546
   318.127   176.182   210.000     1.125     7.546
   318.774   176.583   211.000     1.131     7.546
   319.422   176.985   212.000     1.136     7.546
   320.070   177.386   213.000     1.142     7.546
   320.721   177.788   214.000     1.148     7.546
   321.372   178.191   215.000     1.153     7.537
   322.024   178.594   216.000     1.159     7.537
   322.678   178.997   217.000     1.164     7.537
   323.333   179.400   218.000     1.170     7.537
   323.989   179.804   219.000     1.175     7.537
   324.646   180.208   220.000     1.181     7.537
   325.304   180.612   221.000     1.186     7.537
   325.964   181.016   222.000     1.192     7.537
   326.624   181.421   223.000     1.197     7.528
   327.286   181.826   224.000     1.203     7.528
   327.948   182.232   225.000     1.208     7.528
   328.612   182.638   226.000     1.214     7.528
   329.277   183.044   227.000     1.219     7.528
   329.943   183.450   228.000     1.225     7.528
   330.610   183.857   229.000     1.230     7.528
   331.279   184.264   230.000     1.236     7.528
   331.948   184.671   231.000     1.241     7.528
   332.618   185.078   232.000     1.247     7.520
   333.289   185.486   233.000     1.252     7.520
   333.962   185.894   234.000     1.258     7.520
   334.635   186.303   235.000     1.263     7.520
   335.310   186.712   236.000     1.269     7.520
   335.985   187.121   237.000     1.274     7.520
   336.661   187.530   238.000     1.280     7.520
   337.339   187.940   239.000     1.286     7.520
   338.017   188.350   240.000     1.291     7.520
   338.697   188.760   241.000     1.297     7.513
   339.377   189.170   242.000     1.302     7.513
   340.059   189.581   243.000     1.308     7.513
   340.741   189.992   244.000     1.313     7.513
   341.424   190.404   245.000     1.319     7.513
   342.109   190.816   246.000     1.324     7.513
   342.794   191.228   247.000     1.330     7.513
   343.480   191.640   248.000     1.335     7.513
   344.167   192.053   249.000     1.341     7.513
   344.856   192.466   250.000     1.346     7.505
   345.545   192.879   251.000     1.352     7.505
   346.235   193.292   252.000     1.357     7.505
   346.926   193.706   253.000     1.363     7.505
   347.617   194.120   254.000     1.368     7.505
   348.310   194.535   255.000     1.374     7.505
   349.004   194.949   256.000     1.379     7.505
   349.698   195.364   257.000     1.385     7.505
   350.394   195.780   258.000     1.390     7.499
   351.090   196.195   259.000     1.396     7.499
   351.787   196.611   260.000     1.401     7.499
   352.485   197.027   261.000     1.407     7.499
   353.184   197.444   262.000     1.412     7.499
   353.884   197.861   263.000     1.418     7.499
   354.585   198.278   264.000     1.424     7.499
   355.286   198.695   265.000     1.429     7.499
   355.989   199.113   266.000     1.435     7.499
   356.692   199.531   267.000     1.440     7.492
   357.396   199.949   268.000     1.446     7.492
   358.101   200.368   269.000     1.451     7.492
   358.807   200.786   270.000     1.457     7.492
   359.514   201.206   271.000     1.462     7.492
   360.221   201.625   272.000     1.468     7.492
   360.930   202.045   273.000     1.473     7.492
   361.639   202.465   274.000     1.479     7.492
   362.349   202.885   275.000     1.484     7.492
   363.059   203.306   276.000     1.490     7.486
   363.771   203.727   277.000     1.495     7.486
   364.483   204.148   278.000     1.501     7.486
   365.197   204.569   279.000     1.506     7.486
   365.911   204.991   280.000     1.512     7.486
   366.625   205.413   281.000     1.517     7.486
   367.341   205.835   282.000     1.523     7.486
   368.057   206.258   283.000     1.528     7.486
   368.775   206.681   284.000     1.534     7.480
   369.493   207.104   285.000     1.539     7.480
   370.211   207.528   286.000     1.545     7.480
   370.931   207.951   287.000     1.551     7.480
   371.651   208.375   288.000     1.556     7.480
   372.372   208.800   289.000     1.562     7.480
   373.094   209.225   290.000     1.567     7.480
   373.817   209.649   291.000     1.573     7.480
   374.540   210.075   292.000     1.578     7.480
   375.264   210.500   293.000     1.584     7.475
   375.989   210.926   294.000     1.589     7.475
   376.715   211.352   295.000     1.595     7.475
   377.441   211.779   296.000     1.600     7.475
   378.168   212.205   297.000     1.606     7.475
   378.896   212.632   298.000     1.611     7.475
   379.625   213.060   299.000     1.617     7.475
   380.354   213.487   300.000     1.622     7.475
   381.084   213.915   301.000     1.628     7.475
   381.815   214.343   302.000     1.633     7.470
   382.547   214.772   303.000     1.639     7.470
   383.279   215.200   304.000     1.644     7.470
   384.012   215.629   305.000     1.650     7.470
   384.746   216.059   306.000     1.655     7.470
   385.480   216.488   307.000     1.661     7.470
   386.215   216.918   308.000     1.666     7.470
   386.951   217.348   309.000     1.672     7.470
   387.687   217.778   310.000     1.678     7.470
   388.425   218.209   311.000     1.683     7.465
   389.163   218.640   312.000     1.689     7.465
   389.901   219.071   313.000     1.694     7.465
   390.641   219.503   314.000     1.700     7.465
   391.381   219.935   315.000     1.705     7.465
   392.122   220.367   316.000     1.711     7.465
   392.863   220.799   317.000     1.716     7.465
   393.605   221.232   318.000     1.722     7.465
   394.348   221.665   319.000     1.727     7.460
   395.092   222.098   320.000     1.733     7.460
   395.836   222.532   321.000     1.738     7.460
   396.581   222.966   322.000     1.744     7.460
   397.326   223.400   323.000     1.749     7.460
   398.073   223.834   324.000     1.755     7.460
   398.819   224.269   325.000     1.760     7.460
   399.567   224.704   326.000     1.766     7.460
   400.315   225.139   327.000     1.771     7.460
   401.064   225.575   328.000     1.777     7.456
   401.814   226.011   329.000     1.782     7.456
   402.564   226.447   330.000     1.788     7.456
   403.315   226.883   331.000     1.793     7.456
   404.067   227.320   332.000     1.799     7.456
   404.819   227.757   333.000     1.805     7.456
   405.572   228.194   334.000     1.810     7.456
   406.325   228.632   335.000     1.816     7.456
   407.079   229.069   336.000     1.821     7.456
   407.834   229.508   337.000     1.827     7.452
   408.590   229.946   338.000     1.832     7.452
   409.346   230.385   339.000     1.838     7.452
   410.103   230.824   340.000     1.843     7.452
   410.860   231.263   341.000     1.849     7.452
   411.618   231.702   342.000     1.854     7.452
   412.377   232.142   343.000     1.860     7.452
   413.136   232.582   344.000     1.865     7.452
   413.896   233.022   345.000     1.871     7.452
   414.657   233.463   346.000     1.876     7.448
   415.418   233.904   347.000     1.882     7.448
   416.180   234.345   348.000     1.887     7.448
   416.943   234.787   349.000     1.893     7.448
   417.706   235.228   350.000     1.898     7.448
   418.470   235.670   351.000     1.904     7.448
   419.234   236.113   352.000     1.909     7.448
   419.999   236.555   353.000     1.915     7.448
   420.765   236.998   354.000     1.921     7.445
   421.531   237.441   355.000     1.926     7.445
   422.298   237.884   356.000     1.932     7.445
   423.065   238.328   357.000     1.937     7.445
   423.833   238.772   358.000     1.943     7.445
   424.602   239.216   359.000     1.948     7.445
   425.371   239.661   360.000     1.954     7.445
   426.141   240.106   361.000     1.959     7.445
   426.912   240.551   362.000     1.965     7.445
   427.683   240.996   363.000     1.970     7.441
   428.455   241.442   364.000     1.976     7.441
   429.227   241.888   365.000     1.981     7.441
   430.000   242.334   366.000     1.987     7.441
   430.774   242.780   367.000     1.992     7.441
   431.548   243.227   368.000     1.998     7.441
   432.323   243.674   369.000     2.003     7.441
   433.098   244.121   370.000     2.009     7.441
   433.874   244.569   371.000     2.014     7.441
   434.651   245.017   372.000     2.020     7.438
   435.428   245.465   373.000     2.025     7.438
   436.205   245.913   374.000     2.031     7.438
   436.984   246.362   375.000     2.037     7.438
   437.763   246.811   376.000     2.042     7.438
   438.542   247.260   377.000     2.048     7.438
   439.322   247.709   378.000     2.053     7.438
   440.103   248.159   379.000     2.059     7.438
   440.884   248.609   380.000     2.064     7.438
   441.666   249.060   381.000     2.070     7.435
   442.449   249.510   382.000     2.075     7.435
   443.232   249.961   383.000     2.081     7.435
   444.015   250.412   384.000     2.086     7.435
   444.799   250.864   385.000     2.092     7.435
   445.584   251.315   386.000     2.097     7.435
   446.369   251.767   387.000     2.103     7.435
   447.155   252.219   388.000     2.108     7.435
   447.942   252.672   389.000     2.114     7.432
   448.729   253.125   390.000     2.119     7.432
   449.517   253.578   391.000     2.125     7.432
   450.305   254.031   392.000     2.130     7.432
   451.093   254.485   393.000     2.136     7.432
   451.883   254.938   394.000     2.141     7.432
   452.673   255.393   395.000     2.147     7.432
   453.463   255.847   396.000     2.153     7.432
   454.254   256.302   397.000     2.158     7.432
   455.046   256.757   398.000     2.164     7.429
   455.838   257.212   399.000     2.169     7.429
   456.631   257.667   400.000     2.175     7.429
   457.424   258.123   401.000     2.180     7.429
   458.218   258.579   402.000     2.186     7.429
   459.012   259.035   403.000     2.191     7.429
   459.807   259.492   404.000     2.197     7.429
   460.603   259.949   405.000     2.202     7.429
   461.399   260.406   406.000     2.208     7.429
   462.195   260.863   407.000     2.213     7.427
   462.993   261.321   408.000     2.219     7.427
   463.790   261.779   409.000     2.224     7.427
   464.589   262.237   410.000     2.230     7.427
   465.387   262.696   411.000     2.235     7.427
   466.187   263.154   412.000     2.241     7.427
   466.987   263.613   413.000     2.246     7.427
   467.787   264.073   414.000     2.252     7.427
   468.588   264.532   415.000     2.257     7.427
   469.390   264.992   416.000     2.263     7.424
   470.192   265.452   417.000     2.269     7.424
   470.995   265.912   418.000     2.274     7.424
   471.798   266.373   419.000     2.280     7.424
   472.602   266.834   420.000     2.285     7.424
   473.406   267.295   421.000     2.291     7.424
   474.211   267.756   422.000     2.296     7.424
   475.016   268.218   423.000     2.302     7.424
   475.822   268.680   424.000     2.307     7.422
   476.628   269.142   425.000     2.313     7.422
   477.435   269.605   426.000     2.318     7.422
   478.243   270.067   427.000     2.324     7.422
   479.051   270.530   428.000     2.329     7.422
   479.860   270.994   429.000     2.335     7.422
   480.669   271.457   430.000     2.340     7.422
   481.478   271.921   431.000     2.346     7.422
   482.289   272.385   432.000     2.351     7.422
   483.099   272.850   433.000     2.357     7.420
   483.911   273.314   434.000     2.362     7.420
   484.722   273.779   435.000     2.368     7.420
   485.535   274.244   436.000     2.374     7.420
   486.348   274.710   437.000     2.379     7.420
   487.161   275.175   438.000     2.385     7.420
   487.975   275.641   439.000     2.390     7.420
   488.789   276.107   440.000     2.396     7.420
   489.604   276.574   441.000     2.401     7.420
   490.420   277.041   442.000     2.407     7.418
   491.236   277.508   443.000     2.412     7.418
   492.052   277.975   444.000     2.418     7.418
   492.869   278.442   445.000     2.423     7.418
   493.687   278.910   446.000     2.429     7.418
   494.505   279.378   447.000     2.434     7.418
   495.324   279.847   448.000     2.440     7.418
   496.143   280.315   449.000     2.445     7.418
   496.963   280.784   450.000     2.451     7.416
   497.783   281.253   451.000     2.456     7.416
   498.603   281.723   452.000     2.462     7.416
   499.425   282.192   453.000     2.467     7.416
   500.246   282.662   454.000     2.473     7.416
   501.069   283.132   455.000     2.479     7.416
   501.891   283.603   456.000     2.484     7.416
   502.715   284.073   457.000     2.490     7.416
   503.538   284.544   458.000     2.495     7.416
   504.363   285.016   459.000     2.501     7.415
   505.188   285.487   460.000     2.506     7.415
   506.013   285.959   461.000     2.512     7.415
   506.839   286.431   462.000     2.517     7.415
   507.665   286.903   463.000     2.523     7.415
   508.492   287.376   464.000     2.528     7.415
   509.319   287.848   465.000     2.534     7.415
   510.147   288.322   466.000     2.539     7.415
   510.976   288.795   467.000     2.545     7.415
   511.804   289.268   468.000     2.550     7.413
   512.634   289.742   469.000     2.556     7.413
   513.464   290.216   470.000     2.561     7.413
   514.294   290.691   471.000     2.567     7.413
   515.125   291.165   472.000     2.572     7.413
   515.956   291.640   473.000     2.578     7.413
   516.788   292.115   474.000     2.584     7.413
   517.621   292.591   475.000     2.589     7.413
   518.454   293.066   476.000     2.595     7.413
   519.287   293.542   477.000     2.600     7.411
   520.121   294.019   478.000     2.606     7.411
   520.956   294.495   479.000     2.611     7.411
   521.790   294.972   480.000     2.617     7.411
   522.626   295.449   481.000     2.622     7.411
   523.462   295.926   482.000     2.628     7.411
   524.298   296.403   483.000     2.633     7.411
   525.135   296.881   484.000     2.639     7.411
   525.973   297.359   485.000     2.644     7.410
   526.811   297.837   486.000     2.650     7.410
   527.649   298.316   487.000     2.655     7.410
   528.488   298.795   488.000     2.661     7.410
   529.327   299.274   489.000     2.666     7.410
   530.167   299.753   490.000     2.672     7.410
   531.008   300.232   491.000     2.677     7.410
   531.848   300.712   492.000     2.683     7.410
   532.690   301.192   493.000     2.689     7.410
   533.532   301.673   494.000     2.694     7.409
   534.374   302.153   495.000     2.700     7.409
   535.217   302.634   496.000     2.705     7.409
   536.060   303.115   497.000     2.711     7.409
   536.904   303.596   498.000     2.716     7.409
   537.748   304.078   499.000     2.722     7.409
   538.593   304.560   500.000     2.727     7.409
   539.438   305.042   501.000     2.733     7.409
   540.284   305.524   502.000     2.738     7.409
   540.574   305.689   502.342     2.740     7.409
