****************************************************************************************************
----------------------------------------------------------------------------------------------------
Ambient Table:
     Depth   Amb-cur   Amb-dir   Amb-sal   Amb-tem   Amb-pol     Decay   Far-spd   Far-dir   Disprsn
       (m)     (m/s)     (deg)     (psu)       (C)    (mg/L)   (1/day)     (m/s)     (deg)(m0.67/s2)
     0.000     0.090     0.000    32.000    14.000     0.000     0.000     0.050     0.000   0.00030
     2.000     0.085     0.000    32.000    12.000     0.000     0.000     0.050     0.000   0.00030
     4.000     0.070     0.000    32.000     8.000     0.000     0.000     0.050     0.000   0.00030
     6.000     0.065     0.000    32.000     8.000     0.000     0.000     0.050     0.000   0.00030
     8.000     0.060     0.000    32.000     8.000     0.000     0.000     0.050     0.000   0.00030
    10.000     0.055     0.000    32.000     8.000     0.000     0.000     0.050     0.000   0.00030
    12.000     0.050     0.000    32.000     8.000     0.000     0.000     0.050     0.000   0.00030
----------------------------------------------------------------------------------------------------
Diffuser Table:
     P-dia    P-elev   V-angle   H-angle     Ports   Spacing   AcuteMZ   ChrncMZ   P-depth   Ttl-flo   Eff-sal      Temp   Polutnt
       (m)       (m)     (deg)     (deg)       ( )       (m)       (m)       (m)       (m)     (MGD)     (psu)       (C)    (mg/L)
      0.08      0.31     45.00     30.00     18.00      6.10     10.20    102.00     11.00      8.00      0.00      2.63    100.00
----------------------------------------------------------------------------------------------------
Simulation Results:
              Dilutn     P-dia    x-posn    y-posn     Depth        DO
      Step (FluxAvg)       (m)       (m)       (m)       (m)    (mg/L)
         1     1.019     0.077     0.002     0.001   -10.997     1.961
         2     1.039     0.078     0.004     0.003   -10.995     2.089
         3     1.060     0.080     0.007     0.004   -10.992     2.215
         4     1.080     0.081     0.009     0.005   -10.990     2.338
         5     1.101     0.083     0.011     0.007   -10.987     2.459
         6     1.123     0.085     0.014     0.008   -10.984     2.577
         7     1.145     0.086     0.016     0.009   -10.981     2.694
         8     1.167     0.088     0.019     0.011   -10.978     2.808
         9     1.190     0.090     0.022     0.012   -10.975     2.920
        10     1.213     0.091     0.024     0.014   -10.972     3.029
        11     1.237     0.093     0.027     0.015   -10.969     3.137
        12     1.261     0.095     0.030     0.017   -10.966     3.242
        13     1.286     0.097     0.032     0.019   -10.963     3.346
        14     1.311     0.099     0.035     0.020   -10.959     3.447
        15     1.337     0.101     0.038     0.022   -10.956     3.546
        16     1.363     0.103     0.041     0.024   -10.953     3.644
        17     1.390     0.105     0.044     0.025   -10.949     3.740
        18     1.417     0.107     0.047     0.027   -10.946     3.833
        19     1.445     0.109     0.050     0.029   -10.942     3.925
        20     1.474     0.111     0.054     0.031   -10.938     4.016
        21     1.503     0.113     0.057     0.033   -10.935     4.104
        22     1.532     0.116     0.060     0.035   -10.931     4.191
        23     1.562     0.118     0.064     0.036   -10.927     4.276
        24     1.593     0.120     0.067     0.038   -10.923     4.360
        25     1.624     0.122     0.071     0.040   -10.919     4.441
        26     1.656     0.125     0.074     0.043   -10.915     4.522
        27     1.689     0.127     0.078     0.045   -10.911     4.601
        28     1.722     0.130     0.082     0.047   -10.906     4.678
        29     1.756     0.132     0.085     0.049   -10.902     4.754
        30     1.791     0.135     0.089     0.051   -10.898     4.828
        31     1.826     0.138     0.093     0.053   -10.893     4.901
        32     1.862     0.140     0.097     0.056   -10.888     4.973
        33     1.899     0.143     0.101     0.058   -10.884     5.043
        34     1.937     0.146     0.106     0.060   -10.879     5.112
        35     1.975     0.149     0.110     0.063   -10.874     5.179
        36     2.014     0.152     0.114     0.065   -10.869     5.246
        37     2.054     0.155     0.119     0.068   -10.864     5.311
        38     2.094     0.158     0.123     0.070   -10.859     5.374
        39     2.136     0.161     0.128     0.073   -10.854     5.437
        40     2.178     0.164     0.133     0.076   -10.848     5.498
        41     2.221     0.167     0.138     0.078   -10.843     5.559
        42     2.265     0.171     0.142     0.081   -10.837     5.618
        43     2.310     0.174     0.148     0.084   -10.831     5.676
        44     2.355     0.177     0.153     0.087   -10.826     5.733
        45     2.402     0.181     0.158     0.090   -10.820     5.789
        46     2.450     0.184     0.163     0.093   -10.814     5.844
        47     2.498     0.188     0.169     0.096   -10.808     5.898
        48     2.548     0.192     0.174     0.099   -10.801     5.950
        49     2.598     0.195     0.180     0.102   -10.795     6.002
        50     2.650     0.199     0.185     0.105   -10.789     6.053
        51     2.702     0.203     0.191     0.109   -10.782     6.103
        52     2.756     0.207     0.197     0.112   -10.775     6.152
        53     2.810     0.211     0.203     0.115   -10.768     6.200
        54     2.866     0.215     0.209     0.119   -10.761     6.248
        55     2.923     0.220     0.216     0.122   -10.754     6.294
        56     2.981     0.224     0.222     0.126   -10.747     6.340
        57     3.040     0.228     0.229     0.129   -10.740     6.385
        58     3.100     0.233     0.235     0.133   -10.732     6.428
        59     3.162     0.237     0.242     0.137   -10.725     6.472
        60     3.225     0.242     0.249     0.141   -10.717     6.514
        61     3.289     0.247     0.256     0.145   -10.709     6.556
        62     3.354     0.251     0.263     0.148   -10.701     6.597
        63     3.421     0.256     0.271     0.153   -10.693     6.637
        64     3.489     0.261     0.278     0.157   -10.684     6.676
        65     3.558     0.266     0.286     0.161   -10.676     6.715
        66     3.629     0.272     0.294     0.165   -10.667     6.753
        67     3.701     0.277     0.302     0.169   -10.658     6.791
        68     3.774     0.282     0.310     0.174   -10.649     6.827
        69     3.849     0.288     0.318     0.178   -10.640     6.863
        70     3.926     0.293     0.326     0.183   -10.631     6.899
        71     4.004     0.299     0.335     0.187   -10.621     6.934
        72     4.083     0.305     0.343     0.192   -10.612     6.968
        73     4.164     0.311     0.352     0.197   -10.602     7.002
        74     4.247     0.317     0.361     0.202   -10.592     7.035
        75     4.332     0.323     0.370     0.207   -10.582     7.068
        76     4.418     0.329     0.380     0.212   -10.571     7.100
        77     4.506     0.335     0.389     0.217   -10.561     7.131
        78     4.595     0.342     0.399     0.222   -10.550     7.162
        79     4.687     0.349     0.409     0.227   -10.539     7.193
        80     4.780     0.355     0.419     0.233   -10.528     7.223
        81     4.875     0.362     0.429     0.238   -10.517     7.253
        82     4.972     0.369     0.440     0.244   -10.505     7.282
        83     5.071     0.376     0.450     0.249   -10.493     7.310
        84     5.172     0.383     0.461     0.255   -10.481     7.338
        85     5.275     0.391     0.472     0.261   -10.469     7.366
        86     5.380     0.398     0.483     0.267   -10.457     7.394
        87     5.487     0.406     0.495     0.273   -10.444     7.420
        88     5.597     0.414     0.506     0.279   -10.431     7.447
        89     5.708     0.422     0.518     0.285   -10.418     7.473
        90     5.822     0.430     0.530     0.292   -10.405     7.499
        91     5.938     0.438     0.542     0.298   -10.392     7.524
        92     6.056     0.446     0.555     0.305   -10.378     7.549
        93     6.177     0.455     0.567     0.311   -10.364     7.574
        94     6.300     0.463     0.580     0.318   -10.350     7.598
        95     6.425     0.472     0.594     0.325   -10.335     7.622
        96     6.553     0.481     0.607     0.332   -10.320     7.645
        97     6.684     0.490     0.620     0.339   -10.305     7.669
        98     6.817     0.499     0.634     0.346   -10.290     7.692
        99     6.953     0.509     0.648     0.353   -10.275     7.714
       100     7.092     0.518     0.663     0.360   -10.259     7.737
       101     7.233     0.528     0.677     0.368   -10.243     7.759
       102     7.377     0.538     0.692     0.375   -10.226     7.781
       103     7.524     0.548     0.707     0.383   -10.210     7.802
       104     7.674     0.558     0.723     0.391   -10.193     7.823
       105     7.827     0.569     0.738     0.399   -10.176     7.844
       106     7.983     0.579     0.754     0.407   -10.158     7.865
       107     8.143     0.590     0.770     0.415   -10.140     7.886
       108     8.305     0.601     0.787     0.423   -10.122     7.906
       109     8.471     0.612     0.803     0.432   -10.104     7.926
       110     8.640     0.624     0.820     0.440   -10.085     7.946
       111     8.812     0.635     0.838     0.449   -10.066     7.966
       112     8.988     0.647     0.855     0.457   -10.047     7.985
       113     9.167     0.659     0.873     0.466   -10.027     8.004
       114     9.350     0.671     0.891     0.475   -10.007     8.023
       115     9.536     0.683     0.910     0.484    -9.987     8.042
       116     9.727     0.696     0.928     0.493    -9.966     8.061
       117     9.921     0.708     0.948     0.502    -9.945     8.079
       118    10.119     0.721     0.967     0.512    -9.923     8.098
       119    10.321     0.734     0.987     0.521    -9.902     8.116
       120    10.527     0.747     1.007     0.531    -9.879     8.133
       121    10.737     0.761     1.027     0.541    -9.857     8.151
       122    10.951     0.775     1.047     0.550    -9.834     8.168
       123    11.169     0.789     1.068     0.560    -9.811     8.185
       124    11.392     0.803     1.090     0.571    -9.787     8.202
       125    11.620     0.817     1.111     0.581    -9.763     8.218
       126    11.852     0.832     1.133     0.591    -9.738     8.235
       127    12.088     0.846     1.156     0.601    -9.713     8.251
       128    12.330     0.861     1.178     0.612    -9.688     8.267
       129    12.576     0.877     1.201     0.623    -9.662     8.283
       130    12.827     0.892     1.225     0.633    -9.636     8.298
       131    13.083     0.908     1.248     0.644    -9.609     8.314
       132    13.344     0.923     1.272     0.655    -9.582     8.329
       133    13.610     0.940     1.297     0.666    -9.555     8.344
       134    13.882     0.956     1.321     0.678    -9.527     8.359
       135    14.159     0.972     1.346     0.689    -9.499     8.374
       136    14.442     0.989     1.372     0.700    -9.470     8.388
       137    14.730     1.006     1.397     0.712    -9.441     8.403
       138    15.025     1.024     1.423     0.723    -9.411     8.417
       139    15.325     1.041     1.450     0.735    -9.381     8.431
       140    15.631     1.059     1.476     0.747    -9.351     8.445
       141    15.943     1.077     1.503     0.758    -9.320     8.459
       142    16.261     1.095     1.530     0.770    -9.289     8.473
       143    16.586     1.114     1.558     0.782    -9.257     8.487
       144    16.917     1.132     1.586     0.794    -9.225     8.500
       145    17.255     1.151     1.614     0.806    -9.192     8.514
       146    17.600     1.170     1.642     0.818    -9.160     8.527
       147    17.951     1.190     1.671     0.830    -9.126     8.540
       148    18.310     1.210     1.700     0.843    -9.092     8.553
       149    18.676     1.230     1.729     0.855    -9.058     8.566
       150    19.049     1.250     1.758     0.867    -9.024     8.579
       151    19.429     1.270     1.788     0.880    -8.989     8.592
       152    19.817     1.291     1.818     0.892    -8.953     8.605
       153    20.213     1.312     1.849     0.904    -8.917     8.618
       154    20.617     1.334     1.879     0.917    -8.881     8.630
       155    21.029     1.355     1.910     0.929    -8.844     8.643
       156    21.449     1.377     1.942     0.942    -8.807     8.655
       157    21.877     1.399     1.973     0.954    -8.769     8.668
       158    22.315     1.422     2.005     0.967    -8.731     8.680
       159    22.760     1.444     2.037     0.979    -8.693     8.692
       160    23.215     1.467     2.069     0.992    -8.654     8.705
       161    23.679     1.490     2.102     1.005    -8.615     8.717
       162    24.152     1.514     2.135     1.017    -8.575     8.729
       163    24.635     1.538     2.168     1.030    -8.535     8.741
       164    25.127     1.562     2.201     1.042    -8.494     8.753
       165    25.629     1.586     2.235     1.055    -8.453     8.765
       166    26.141     1.611     2.269     1.068    -8.411     8.777
       167    26.663     1.636     2.303     1.080    -8.369     8.789
       168    27.196     1.661     2.337     1.093    -8.327     8.801
       169    27.740     1.687     2.372     1.106    -8.284     8.813
       170    28.294     1.713     2.407     1.118    -8.241     8.825
       171    28.859     1.739     2.442     1.131    -8.197     8.837
       172    29.436     1.765     2.478     1.144    -8.153     8.849
       173    30.024     1.792     2.513     1.156    -8.108     8.860
       174    30.624     1.819     2.549     1.169    -8.063     8.872
       175    31.236     1.847     2.586     1.181    -8.017     8.884
       176    31.861     1.874     2.622     1.194    -7.971     8.896
       177    32.497     1.902     2.659     1.206    -7.925     8.907
       178    33.147     1.931     2.696     1.219    -7.878     8.919
       179    33.809     1.959     2.733     1.231    -7.830     8.931
       180    34.485     1.988     2.771     1.244    -7.782     8.943
       181    35.174     2.018     2.809     1.256    -7.734     8.954
       182    35.877     2.048     2.847     1.269    -7.685     8.966
       183    36.594     2.078     2.885     1.281    -7.636     8.978
       184    37.326     2.108     2.924     1.294    -7.586     8.990
       185    38.072     2.139     2.963     1.306    -7.536     9.002
       186    38.833     2.170     3.002     1.318    -7.485     9.013
       187    39.609     2.201     3.042     1.330    -7.434     9.025
       188    40.401     2.233     3.082     1.343    -7.383     9.037
       189    41.208     2.265     3.122     1.355    -7.330     9.049
       190    42.032     2.298     3.162     1.367    -7.278     9.061
       191    42.872     2.331     3.203     1.379    -7.225     9.073
       192    43.729     2.364     3.244     1.391    -7.171     9.085
       193    44.603     2.398     3.285     1.403    -7.117     9.097
       194    45.495     2.432     3.327     1.415    -7.063     9.108
       195    46.404     2.466     3.369     1.427    -7.008     9.120
       196    47.332     2.501     3.411     1.439    -6.953     9.133
       197    48.278     2.536     3.453     1.451    -6.897     9.145
       198    49.243     2.572     3.496     1.462    -6.840     9.157
       199    50.228     2.607     3.539     1.474    -6.783     9.169
       200    51.232     2.644     3.583     1.486    -6.726     9.181
       201    52.256     2.681     3.626     1.498    -6.668     9.193
       202    53.301     2.718     3.670     1.509    -6.610     9.205
       203    54.366     2.755     3.715     1.521    -6.551     9.218
       204    55.453     2.794     3.759     1.532    -6.492     9.230
       205    56.562     2.832     3.805     1.544    -6.432     9.243
       206    57.692     2.871     3.850     1.555    -6.372     9.255
       207    58.846     2.910     3.896     1.566    -6.311     9.267
       208    60.022     2.950     3.942     1.578    -6.250     9.280
       209    61.222     2.990     3.988     1.589    -6.188     9.293
       210    62.446     3.031     4.035     1.600    -6.126     9.305
       211    63.695     3.072     4.082     1.611    -6.063     9.318
       212    64.968     3.114     4.130     1.622    -6.000     9.331
       213    66.267     3.156     4.178     1.633    -5.936     9.344
       214    67.592     3.198     4.226     1.644    -5.872     9.356
       215    68.943     3.241     4.275     1.655    -5.807     9.369
       216    70.322     3.285     4.324     1.666    -5.742     9.380
       217    71.728     3.329     4.374     1.676    -5.676     9.391
       218    73.162     3.373     4.423     1.687    -5.610     9.401
       219    74.625     3.418     4.474     1.698    -5.543     9.411
       220    76.117     3.463     4.525     1.708    -5.475     9.420
       221    77.638     3.509     4.576     1.719    -5.408     9.428
       222    79.191     3.556     4.627     1.729    -5.339     9.436
       223    80.774     3.603     4.679     1.740    -5.271     9.443
       224    82.389     3.650     4.732     1.750    -5.201     9.450
       225    84.036     3.698     4.785     1.760    -5.132     9.456
       226    85.717     3.747     4.838     1.770    -5.061     9.461
       227    87.431     3.796     4.892     1.781    -4.990     9.466
       228    89.179     3.846     4.947     1.791    -4.919     9.471
       229    90.962     3.896     5.001     1.801    -4.847     9.474
       230    92.781     3.947     5.057     1.811    -4.775     9.478
       231    94.636     3.998     5.113     1.821    -4.702     9.480
       232    96.528     4.050     5.169     1.830    -4.629     9.482
       233    98.458     4.102     5.226     1.840    -4.555     9.484
       234   100.427     4.155     5.283     1.850    -4.480     9.485
       235   102.435     4.209     5.341     1.860    -4.406     9.486
       236   104.483     4.263     5.399     1.869    -4.330     9.486
       237   106.572     4.318     5.458     1.879    -4.254     9.486
       238   108.703     4.373     5.518     1.888    -4.178     9.485
       239   110.877     4.429     5.578     1.898    -4.101     9.484
       240   113.094     4.486     5.639     1.907    -4.024     9.482
       241   115.355     4.543     5.700     1.916    -3.946     9.480
       242   117.662     4.601     5.762     1.925    -3.867     9.477
       243   120.015     4.660     5.824     1.934    -3.789     9.474
       244   122.415     4.720     5.886     1.943    -3.710     9.470
       245   124.863     4.784     5.949     1.952    -3.632     9.466
       246   127.360     4.850     6.012     1.961    -3.555     9.461
       247   129.907     4.920     6.074     1.970    -3.479     9.457
       248   132.505     4.993     6.137     1.978    -3.404     9.451
       249   135.155     5.069     6.199     1.986    -3.330     9.446
       250   137.648     5.144     6.256     1.994    -3.263     9.440
---------------------------- Plume traps -----------------------------
       251   139.931     5.216     6.307     2.000    -3.205     9.435
       252   142.017     5.283     6.352     2.006    -3.154     9.429
       253   143.952     5.346     6.393     2.011    -3.108     9.425
       254   145.770     5.405     6.431     2.016    -3.067     9.420
       255   147.499     5.462     6.466     2.020    -3.029     9.415
       256   149.157     5.517     6.500     2.024    -2.993     9.411
       257   150.757     5.571     6.532     2.028    -2.960     9.407
------------------------- merging happened ---------------------------
       258   152.306     5.623     6.562     2.031    -2.928     9.403
       259   153.668     5.672     6.591     2.035    -2.899     9.399
       260   155.017     5.722     6.621     2.038    -2.869     9.395
       261   156.331     5.774     6.651     2.042    -2.839     9.391
       262   157.626     5.828     6.680     2.045    -2.811     9.388
       263   158.845     5.881     6.708     2.048    -2.784     9.384
       264   160.015     5.935     6.736     2.051    -2.758     9.380
       265   161.123     5.987     6.763     2.055    -2.732     9.377
       266   162.186     6.039     6.790     2.058    -2.707     9.374
       267   163.197     6.091     6.816     2.060    -2.683     9.371
       268   164.164     6.142     6.843     2.063    -2.659     9.368
       269   165.084     6.193     6.869     2.066    -2.637     9.365
       270   165.961     6.243     6.894     2.069    -2.614     9.362
       271   166.796     6.292     6.920     2.072    -2.593     9.359
       272   167.592     6.340     6.945     2.074    -2.571     9.357
       273   168.349     6.388     6.969     2.077    -2.551     9.354
       274   169.069     6.435     6.993     2.080    -2.531     9.352
---------------------------- Plume surfaces --------------------------
       275   169.754     6.481     7.017     2.082    -2.512     9.349
-------------------- Starting Farfield Calculations --------------------
Farfield dispersion based on wastefield width of :      96.29 (m)
4/3 Power Law based Eddy Diffusivity is used:
  Dilution     Width  Distance      Time        DO
        ()       (m)       (m)    (hrs.)    (mg/L)
   169.754    97.473     8.000     0.020     9.335
   169.754    97.813     9.000     0.026     9.335
   169.754    98.153    10.000     0.031     9.335
   169.754    98.494    11.000     0.037     9.335
   169.754    98.836    12.000     0.043     9.335
   169.754    99.172    13.000     0.048     9.320
   169.754    99.510    14.000     0.054     9.320
   169.754    99.847    15.000     0.060     9.320
   169.754   100.185    16.000     0.065     9.320
   169.754   100.523    17.000     0.071     9.305
   169.754   100.860    18.000     0.076     9.305
   169.754   101.197    19.000     0.082     9.305
   169.754   101.535    20.000     0.088     9.305
   169.754   101.873    21.000     0.093     9.305
   169.755   102.211    22.000     0.099     9.290
   169.755   102.549    23.000     0.104     9.290
   169.755   102.888    24.000     0.110     9.290
   169.756   103.227    25.000     0.115     9.290
   169.756   103.566    26.000     0.121     9.290
   169.758   103.905    27.000     0.127     9.275
   169.759   104.245    28.000     0.132     9.275
   169.762   104.585    29.000     0.138     9.275
   169.765   104.925    30.000     0.143     9.275
   169.769   105.266    31.000     0.149     9.275
   169.775   105.606    32.000     0.154     9.261
   169.782   105.948    33.000     0.160     9.261
   169.790   106.289    34.000     0.166     9.261
   169.801   106.631    35.000     0.171     9.261
   169.813   106.973    36.000     0.177     9.261
   169.828   107.315    37.000     0.182     9.246
   169.845   107.658    38.000     0.188     9.246
   169.865   108.001    39.000     0.193     9.246
   169.888   108.345    40.000     0.199     9.246
   169.914   108.688    41.000     0.205     9.246
   169.943   109.032    42.000     0.210     9.230
   169.976   109.377    43.000     0.216     9.230
   170.013   109.721    44.000     0.221     9.230
   170.054   110.067    45.000     0.227     9.230
   170.099   110.412    46.000     0.232     9.215
   170.148   110.757    47.000     0.238     9.215
   170.201   111.103    48.000     0.243     9.215
   170.259   111.450    49.000     0.249     9.215
   170.321   111.796    50.000     0.255     9.215
   170.388   112.143    51.000     0.260     9.199
   170.460   112.491    52.000     0.266     9.199
   170.536   112.838    53.000     0.271     9.199
   170.618   113.186    54.000     0.277     9.199
   170.704   113.534    55.000     0.282     9.199
   170.795   113.883    56.000     0.288     9.183
   170.892   114.231    57.000     0.293     9.183
   170.993   114.581    58.000     0.299     9.183
   171.100   114.930    59.000     0.304     9.183
   171.212   115.280    60.000     0.310     9.183
   171.329   115.630    61.000     0.316     9.167
   171.450   115.980    62.000     0.321     9.167
   171.577   116.331    63.000     0.327     9.167
   171.710   116.682    64.000     0.332     9.167
   171.847   117.034    65.000     0.338     9.167
   171.989   117.385    66.000     0.343     9.151
   172.136   117.737    67.000     0.349     9.151
   172.288   118.090    68.000     0.354     9.151
   172.445   118.442    69.000     0.360     9.151
   172.607   118.795    70.000     0.365     9.151
   172.774   119.148    71.000     0.371     9.135
   172.946   119.502    72.000     0.377     9.135
   173.122   119.856    73.000     0.382     9.135
   173.303   120.210    74.000     0.388     9.135
   173.489   120.565    75.000     0.393     9.135
   173.680   120.920    76.000     0.399     9.118
   173.875   121.275    77.000     0.404     9.118
   174.074   121.630    78.000     0.410     9.118
   174.278   121.986    79.000     0.415     9.118
   174.487   122.342    80.000     0.421     9.118
   174.700   122.699    81.000     0.426     9.102
   174.917   123.055    82.000     0.432     9.102
   175.138   123.412    83.000     0.437     9.102
   175.363   123.770    84.000     0.443     9.102
   175.593   124.128    85.000     0.449     9.086
   175.827   124.486    86.000     0.454     9.086
   176.064   124.844    87.000     0.460     9.086
   176.306   125.203    88.000     0.465     9.086
   176.551   125.562    89.000     0.471     9.086
   176.800   125.921    90.000     0.476     9.069
   177.053   126.281    91.000     0.482     9.069
   177.310   126.640    92.000     0.487     9.069
   177.571   127.001    93.000     0.493     9.069
   177.835   127.361    94.000     0.498     9.069
   178.102   127.722    95.000     0.504     9.053
   178.373   128.083    96.000     0.509     9.053
   178.648   128.445    97.000     0.515     9.053
   178.925   128.807    98.000     0.521     9.053
   179.207   129.169    99.000     0.526     9.053
   179.491   129.532   100.000     0.532     9.037
   179.779   129.894   101.000     0.537     9.037
............................. Reached Chronic Mixing Zone ..........................
   180.070   130.258   102.000     0.543     9.037
   180.364   130.621   103.000     0.548     9.037
   180.661   130.985   104.000     0.554     9.037
   180.961   131.349   105.000     0.559     9.021
   181.264   131.713   106.000     0.565     9.021
   181.570   132.078   107.000     0.570     9.021
   181.879   132.443   108.000     0.576     9.021
   182.190   132.809   109.000     0.581     9.021
   182.505   133.174   110.000     0.587     9.005
   182.822   133.540   111.000     0.592     9.005
   183.142   133.907   112.000     0.598     9.005
   183.465   134.273   113.000     0.603     9.005
   183.790   134.641   114.000     0.609     9.005
   184.118   135.008   115.000     0.615     8.990
   184.449   135.375   116.000     0.620     8.990
   184.782   135.743   117.000     0.626     8.990
   185.117   136.112   118.000     0.631     8.990
   185.455   136.480   119.000     0.637     8.990
   185.796   136.849   120.000     0.642     8.975
   186.138   137.218   121.000     0.648     8.975
   186.483   137.588   122.000     0.653     8.975
   186.831   137.958   123.000     0.659     8.975
   187.180   138.328   124.000     0.664     8.959
   187.532   138.699   125.000     0.670     8.959
   187.886   139.070   126.000     0.675     8.959
   188.242   139.441   127.000     0.681     8.959
   188.600   139.812   128.000     0.686     8.959
   188.961   140.184   129.000     0.692     8.945
   189.323   140.556   130.000     0.697     8.945
   189.688   140.929   131.000     0.703     8.945
   190.054   141.301   132.000     0.708     8.945
   190.423   141.674   133.000     0.714     8.945
   190.793   142.048   134.000     0.719     8.930
   191.166   142.422   135.000     0.725     8.930
   191.540   142.796   136.000     0.731     8.930
   191.916   143.170   137.000     0.736     8.930
   192.294   143.545   138.000     0.742     8.930
   192.674   143.920   139.000     0.747     8.915
   193.056   144.295   140.000     0.753     8.915
   193.439   144.671   141.000     0.758     8.915
   193.824   145.047   142.000     0.764     8.915
   194.211   145.423   143.000     0.769     8.915
   194.600   145.800   144.000     0.775     8.901
   194.990   146.176   145.000     0.780     8.901
   195.382   146.554   146.000     0.786     8.901
   195.776   146.931   147.000     0.791     8.901
   196.171   147.309   148.000     0.797     8.901
   196.568   147.687   149.000     0.802     8.887
   196.966   148.066   150.000     0.808     8.887
   197.366   148.445   151.000     0.813     8.887
   197.767   148.824   152.000     0.819     8.887
   198.170   149.203   153.000     0.824     8.887
   198.575   149.583   154.000     0.830     8.874
   198.981   149.963   155.000     0.835     8.874
   199.388   150.344   156.000     0.841     8.874
   199.797   150.724   157.000     0.847     8.874
   200.207   151.105   158.000     0.852     8.874
   200.619   151.487   159.000     0.858     8.860
   201.032   151.869   160.000     0.863     8.860
   201.447   152.251   161.000     0.869     8.860
   201.862   152.633   162.000     0.874     8.860
   202.280   153.015   163.000     0.880     8.860
   202.698   153.398   164.000     0.885     8.847
   203.118   153.782   165.000     0.891     8.847
   203.539   154.165   166.000     0.896     8.847
   203.961   154.549   167.000     0.902     8.847
   204.385   154.933   168.000     0.907     8.834
   204.810   155.318   169.000     0.913     8.834
   205.236   155.703   170.000     0.918     8.834
   205.664   156.088   171.000     0.924     8.834
   206.092   156.473   172.000     0.929     8.834
   206.522   156.859   173.000     0.935     8.822
   206.953   157.245   174.000     0.940     8.822
   207.385   157.632   175.000     0.946     8.822
   207.818   158.019   176.000     0.951     8.822
   208.253   158.406   177.000     0.957     8.822
   208.689   158.793   178.000     0.962     8.809
   209.125   159.181   179.000     0.968     8.809
   209.563   159.569   180.000     0.974     8.809
   210.002   159.957   181.000     0.979     8.809
   210.442   160.346   182.000     0.985     8.809
   210.883   160.734   183.000     0.990     8.797
   211.326   161.124   184.000     0.996     8.797
   211.769   161.513   185.000     1.001     8.797
   212.213   161.903   186.000     1.007     8.797
   212.659   162.293   187.000     1.012     8.797
   213.105   162.684   188.000     1.018     8.786
   213.552   163.075   189.000     1.023     8.786
   214.001   163.466   190.000     1.029     8.786
   214.450   163.857   191.000     1.034     8.786
   214.901   164.249   192.000     1.040     8.786
   215.352   164.641   193.000     1.045     8.774
   215.804   165.033   194.000     1.051     8.774
   216.258   165.426   195.000     1.056     8.774
   216.712   165.819   196.000     1.062     8.774
   217.167   166.212   197.000     1.067     8.774
   217.624   166.606   198.000     1.073     8.762
   218.081   167.000   199.000     1.078     8.762
   218.539   167.394   200.000     1.084     8.762
   218.998   167.788   201.000     1.089     8.762
   219.458   168.183   202.000     1.095     8.762
   219.918   168.578   203.000     1.101     8.751
   220.380   168.974   204.000     1.106     8.751
   220.843   169.370   205.000     1.112     8.751
   221.306   169.766   206.000     1.117     8.751
   221.770   170.162   207.000     1.123     8.751
   222.235   170.559   208.000     1.128     8.740
   222.701   170.956   209.000     1.134     8.740
   223.168   171.353   210.000     1.139     8.740
   223.636   171.751   211.000     1.145     8.740
   224.105   172.149   212.000     1.150     8.730
   224.574   172.547   213.000     1.156     8.730
   225.044   172.946   214.000     1.161     8.730
   225.515   173.344   215.000     1.167     8.730
   225.987   173.744   216.000     1.172     8.730
   226.460   174.143   217.000     1.178     8.719
   226.933   174.543   218.000     1.183     8.719
   227.407   174.943   219.000     1.189     8.719
   227.882   175.343   220.000     1.194     8.719
   228.358   175.744   221.000     1.200     8.719
   228.835   176.145   222.000     1.205     8.709
   229.312   176.546   223.000     1.211     8.709
   229.790   176.948   224.000     1.216     8.709
   230.269   177.350   225.000     1.222     8.709
   230.749   177.752   226.000     1.228     8.709
   231.229   178.154   227.000     1.233     8.699
   231.710   178.557   228.000     1.239     8.699
   232.192   178.960   229.000     1.244     8.699
   232.675   179.364   230.000     1.250     8.699
   233.158   179.768   231.000     1.255     8.699
   233.642   180.172   232.000     1.261     8.689
   234.127   180.576   233.000     1.266     8.689
   234.612   180.981   234.000     1.272     8.689
   235.099   181.385   235.000     1.277     8.689
   235.586   181.791   236.000     1.283     8.689
   236.073   182.196   237.000     1.288     8.679
   236.562   182.602   238.000     1.294     8.679
   237.051   183.008   239.000     1.299     8.679
   237.540   183.415   240.000     1.305     8.679
   238.031   183.822   241.000     1.310     8.679
   238.522   184.229   242.000     1.316     8.670
   239.013   184.636   243.000     1.321     8.670
   239.506   185.044   244.000     1.327     8.670
   239.999   185.452   245.000     1.332     8.670
   240.493   185.860   246.000     1.338     8.670
   240.987   186.268   247.000     1.343     8.661
   241.482   186.677   248.000     1.349     8.661
   241.978   187.086   249.000     1.355     8.661
   242.474   187.496   250.000     1.360     8.661
   242.971   187.906   251.000     1.366     8.661
   243.469   188.316   252.000     1.371     8.652
   243.967   188.726   253.000     1.377     8.652
   244.466   189.137   254.000     1.382     8.652
   244.966   189.548   255.000     1.388     8.652
   245.466   189.959   256.000     1.393     8.652
   245.967   190.371   257.000     1.399     8.643
   246.468   190.782   258.000     1.404     8.643
   246.970   191.195   259.000     1.410     8.643
   247.473   191.607   260.000     1.415     8.643
   247.976   192.020   261.000     1.421     8.634
   248.480   192.433   262.000     1.426     8.634
   248.984   192.846   263.000     1.432     8.634
   249.489   193.260   264.000     1.437     8.634
   249.995   193.674   265.000     1.443     8.634
   250.501   194.088   266.000     1.448     8.626
   251.008   194.503   267.000     1.454     8.626
   251.516   194.917   268.000     1.459     8.626
   252.024   195.333   269.000     1.465     8.626
   252.532   195.748   270.000     1.471     8.626
   253.042   196.164   271.000     1.476     8.617
   253.552   196.580   272.000     1.482     8.617
   254.062   196.996   273.000     1.487     8.617
   254.573   197.413   274.000     1.493     8.617
   255.084   197.830   275.000     1.498     8.617
   255.597   198.247   276.000     1.504     8.609
   256.109   198.664   277.000     1.509     8.609
   256.623   199.082   278.000     1.515     8.609
   257.136   199.500   279.000     1.520     8.609
   257.651   199.919   280.000     1.526     8.609
   258.166   200.337   281.000     1.531     8.601
   258.681   200.756   282.000     1.537     8.601
   259.197   201.175   283.000     1.542     8.601
   259.714   201.595   284.000     1.548     8.601
   260.231   202.015   285.000     1.553     8.601
   260.749   202.435   286.000     1.559     8.594
   261.267   202.855   287.000     1.564     8.594
   261.786   203.276   288.000     1.570     8.594
   262.305   203.697   289.000     1.575     8.594
   262.825   204.119   290.000     1.581     8.594
   263.345   204.540   291.000     1.586     8.586
   263.866   204.962   292.000     1.592     8.586
   264.387   205.384   293.000     1.598     8.586
   264.909   205.807   294.000     1.603     8.586
   265.432   206.229   295.000     1.609     8.586
   265.955   206.653   296.000     1.614     8.578
   266.478   207.076   297.000     1.620     8.578
   267.003   207.500   298.000     1.625     8.578
   267.527   207.924   299.000     1.631     8.578
   268.052   208.348   300.000     1.636     8.578
   268.578   208.772   301.000     1.642     8.571
   269.104   209.197   302.000     1.647     8.571
   269.631   209.622   303.000     1.653     8.571
   270.158   210.048   304.000     1.658     8.571
   270.685   210.473   305.000     1.664     8.564
   271.214   210.899   306.000     1.669     8.564
   271.742   211.325   307.000     1.675     8.564
   272.271   211.752   308.000     1.680     8.564
   272.801   212.179   309.000     1.686     8.564
   273.331   212.606   310.000     1.691     8.557
   273.862   213.033   311.000     1.697     8.557
   274.393   213.461   312.000     1.702     8.557
   274.925   213.889   313.000     1.708     8.557
   275.457   214.317   314.000     1.714     8.557
   275.990   214.746   315.000     1.719     8.550
   276.523   215.175   316.000     1.725     8.550
   277.056   215.604   317.000     1.730     8.550
   277.591   216.033   318.000     1.736     8.550
   278.125   216.463   319.000     1.741     8.550
   278.660   216.893   320.000     1.747     8.543
   279.196   217.323   321.000     1.752     8.543
   279.732   217.754   322.000     1.758     8.543
   280.268   218.185   323.000     1.763     8.543
   280.805   218.616   324.000     1.769     8.543
   281.343   219.047   325.000     1.774     8.537
   281.881   219.479   326.000     1.780     8.537
   282.419   219.911   327.000     1.785     8.537
   282.958   220.343   328.000     1.791     8.537
   283.498   220.776   329.000     1.796     8.537
   284.037   221.209   330.000     1.802     8.530
   284.578   221.642   331.000     1.807     8.530
   285.118   222.075   332.000     1.813     8.530
   285.660   222.509   333.000     1.818     8.530
   286.201   222.943   334.000     1.824     8.530
   286.744   223.377   335.000     1.830     8.524
   287.286   223.812   336.000     1.835     8.524
   287.829   224.247   337.000     1.841     8.524
   288.373   224.682   338.000     1.846     8.524
   288.917   225.117   339.000     1.852     8.524
   289.461   225.553   340.000     1.857     8.517
   290.006   225.989   341.000     1.863     8.517
   290.552   226.425   342.000     1.868     8.517
   291.097   226.862   343.000     1.874     8.517
   291.644   227.299   344.000     1.879     8.517
   292.191   227.736   345.000     1.885     8.511
   292.738   228.173   346.000     1.890     8.511
   293.285   228.611   347.000     1.896     8.511
   293.833   229.049   348.000     1.901     8.511
   294.382   229.487   349.000     1.907     8.505
   294.931   229.926   350.000     1.912     8.505
   295.480   230.365   351.000     1.918     8.505
   296.030   230.804   352.000     1.923     8.505
   296.580   231.243   353.000     1.929     8.505
   297.131   231.683   354.000     1.935     8.499
   297.682   232.123   355.000     1.940     8.499
   298.234   232.563   356.000     1.946     8.499
   298.786   233.003   357.000     1.951     8.499
   299.339   233.444   358.000     1.957     8.499
   299.892   233.885   359.000     1.962     8.494
   300.445   234.326   360.000     1.968     8.494
   300.999   234.768   361.000     1.973     8.494
   301.553   235.210   362.000     1.979     8.494
   302.108   235.652   363.000     1.984     8.494
   302.663   236.095   364.000     1.990     8.488
   303.218   236.537   365.000     1.995     8.488
   303.774   236.980   366.000     2.001     8.488
   304.331   237.424   367.000     2.006     8.488
   304.887   237.867   368.000     2.012     8.488
   305.445   238.311   369.000     2.017     8.483
   306.002   238.755   370.000     2.023     8.483
   306.560   239.200   371.000     2.028     8.483
   307.119   239.644   372.000     2.034     8.483
   307.678   240.089   373.000     2.039     8.483
   308.237   240.534   374.000     2.045     8.477
   308.797   240.980   375.000     2.051     8.477
   309.357   241.426   376.000     2.056     8.477
   309.918   241.872   377.000     2.062     8.477
   310.479   242.318   378.000     2.067     8.477
   311.040   242.765   379.000     2.073     8.472
   311.602   243.212   380.000     2.078     8.472
   312.164   243.659   381.000     2.084     8.472
   312.727   244.106   382.000     2.089     8.472
   313.290   244.554   383.000     2.095     8.472
   313.854   245.002   384.000     2.100     8.467
   314.418   245.450   385.000     2.106     8.467
   314.982   245.899   386.000     2.111     8.467
   315.547   246.348   387.000     2.117     8.467
   316.112   246.797   388.000     2.122     8.461
   316.678   247.246   389.000     2.128     8.461
   317.244   247.696   390.000     2.133     8.461
   317.810   248.146   391.000     2.139     8.461
   318.377   248.596   392.000     2.144     8.461
   318.944   249.046   393.000     2.150     8.456
   319.512   249.497   394.000     2.156     8.456
   320.080   249.948   395.000     2.161     8.456
   320.648   250.399   396.000     2.167     8.456
   321.217   250.851   397.000     2.172     8.456
   321.786   251.303   398.000     2.178     8.452
   322.356   251.755   399.000     2.183     8.452
   322.926   252.207   400.000     2.189     8.452
   323.496   252.660   401.000     2.194     8.452
   324.067   253.113   402.000     2.200     8.452
   324.638   253.566   403.000     2.205     8.447
   325.210   254.020   404.000     2.211     8.447
   325.782   254.473   405.000     2.216     8.447
   326.355   254.927   406.000     2.222     8.447
   326.927   255.382   407.000     2.227     8.447
   327.501   255.836   408.000     2.233     8.442
   328.074   256.291   409.000     2.238     8.442
   328.648   256.746   410.000     2.244     8.442
   329.223   257.202   411.000     2.249     8.442
   329.798   257.657   412.000     2.255     8.442
   330.373   258.113   413.000     2.261     8.437
   330.948   258.569   414.000     2.266     8.437
   331.524   259.026   415.000     2.272     8.437
   332.101   259.483   416.000     2.277     8.437
   332.677   259.940   417.000     2.283     8.437
   333.255   260.397   418.000     2.288     8.433
   333.832   260.854   419.000     2.294     8.433
   334.410   261.312   420.000     2.299     8.433
   334.988   261.770   421.000     2.305     8.433
   335.567   262.229   422.000     2.310     8.433
   336.146   262.687   423.000     2.316     8.428
   336.726   263.146   424.000     2.321     8.428
   337.306   263.605   425.000     2.327     8.428
   337.886   264.065   426.000     2.332     8.428
   338.467   264.525   427.000     2.338     8.428
   339.048   264.985   428.000     2.343     8.424
   339.629   265.445   429.000     2.349     8.424
   340.211   265.905   430.000     2.355     8.424
   340.793   266.366   431.000     2.360     8.424
   341.376   266.827   432.000     2.366     8.420
   341.959   267.288   433.000     2.371     8.420
   342.542   267.750   434.000     2.377     8.420
   343.126   268.212   435.000     2.382     8.420
   343.710   268.674   436.000     2.388     8.420
   344.294   269.136   437.000     2.393     8.416
   344.879   269.599   438.000     2.399     8.416
   345.464   270.062   439.000     2.404     8.416
   346.050   270.525   440.000     2.410     8.416
   346.636   270.989   441.000     2.415     8.416
   347.222   271.452   442.000     2.421     8.411
   347.809   271.916   443.000     2.426     8.411
   348.396   272.381   444.000     2.432     8.411
   348.984   272.845   445.000     2.437     8.411
   349.571   273.310   446.000     2.443     8.411
   350.160   273.775   447.000     2.448     8.407
   350.748   274.240   448.000     2.454     8.407
   351.337   274.706   449.000     2.460     8.407
   351.927   275.172   450.000     2.465     8.407
   352.516   275.638   451.000     2.471     8.407
   353.106   276.104   452.000     2.476     8.403
   353.697   276.571   453.000     2.482     8.403
   354.288   277.038   454.000     2.487     8.403
   354.879   277.505   455.000     2.493     8.403
   355.471   277.972   456.000     2.498     8.403
   356.062   278.440   457.000     2.504     8.399
   356.655   278.908   458.000     2.509     8.399
   357.248   279.376   459.000     2.515     8.399
   357.841   279.845   460.000     2.520     8.399
   358.434   280.314   461.000     2.526     8.399
   359.028   280.783   462.000     2.531     8.396
   359.622   281.252   463.000     2.537     8.396
   360.217   281.722   464.000     2.542     8.396
   360.811   282.191   465.000     2.548     8.396
   361.407   282.661   466.000     2.554     8.396
   362.002   283.132   467.000     2.559     8.392
   362.598   283.602   468.000     2.565     8.392
   363.195   284.073   469.000     2.570     8.392
   363.791   284.544   470.000     2.576     8.392
   364.388   285.016   471.000     2.581     8.392
   364.986   285.487   472.000     2.587     8.388
   365.584   285.959   473.000     2.592     8.388
   366.182   286.432   474.000     2.598     8.388
   366.780   286.904   475.000     2.603     8.388
   367.379   287.377   476.000     2.609     8.385
   367.979   287.850   477.000     2.614     8.385
   368.578   288.323   478.000     2.620     8.385
   369.178   288.796   479.000     2.625     8.385
   369.779   289.270   480.000     2.631     8.385
   370.379   289.744   481.000     2.636     8.381
   370.980   290.218   482.000     2.642     8.381
   371.582   290.693   483.000     2.648     8.381
   372.183   291.168   484.000     2.653     8.381
   372.786   291.643   485.000     2.659     8.381
   373.388   292.118   486.000     2.664     8.378
   373.991   292.594   487.000     2.670     8.378
   374.594   293.070   488.000     2.675     8.378
   375.198   293.546   489.000     2.681     8.378
   375.802   294.022   490.000     2.686     8.378
   376.406   294.499   491.000     2.692     8.374
   377.011   294.976   492.000     2.697     8.374
   377.616   295.453   493.000     2.703     8.374
   378.221   295.930   494.000     2.708     8.374
   378.827   296.408   495.000     2.714     8.374
   379.433   296.886   496.000     2.719     8.371
   380.039   297.364   497.000     2.725     8.371
   380.646   297.842   498.000     2.730     8.371
   381.253   298.321   499.000     2.736     8.371
   381.860   298.800   500.000     2.742     8.371
   382.074   298.969   500.352     2.743     8.371
