****************************************************************************************************
----------------------------------------------------------------------------------------------------
Ambient Table:
     Depth   Amb-cur   Amb-dir   Amb-sal   Amb-tem   Amb-pol     Decay   Far-spd   Far-dir   Disprsn
       (m)     (m/s)     (deg)     (psu)       (C)    (mg/L)   (1/day)     (m/s)     (deg)(m0.67/s2)
     0.000     0.090     0.000    32.000    14.000     0.000     0.000     0.050     0.000   0.00030
     2.000     0.085     0.000    32.000    12.000     0.000     0.000     0.050     0.000   0.00030
     4.000     0.070     0.000    32.000     8.000     0.000     0.000     0.050     0.000   0.00030
     6.000     0.065     0.000    32.000     8.000     0.000     0.000     0.050     0.000   0.00030
     8.000     0.060     0.000    32.000     8.000     0.000     0.000     0.050     0.000   0.00030
    10.000     0.055     0.000    32.000     8.000     0.000     0.000     0.050     0.000   0.00030
    12.000     0.050     0.000    32.000     8.000     0.000     0.000     0.050     0.000   0.00030
----------------------------------------------------------------------------------------------------
Diffuser Table:
     P-dia    P-elev   V-angle   H-angle     Ports   Spacing   AcuteMZ   ChrncMZ   P-depth   Ttl-flo   Eff-sal      Temp   Polutnt
       (m)       (m)     (deg)     (deg)       ( )       (m)       (m)       (m)       (m)     (MGD)     (psu)       (C)    (mg/L)
      0.08      0.31     45.00     30.00     18.00      6.10     10.20    102.00     11.00      8.00      0.00      2.63    100.00
----------------------------------------------------------------------------------------------------
Simulation Results:
              Dilutn     P-dia    x-posn    y-posn     Depth      Time   Net-Dil     P-Den    P-Con.     P-Sal    P-Temp  Amb-Curr    CL-Dil
      Step (FluxAvg)       (m)       (m)       (m)       (m)       (s)        ()   (kg/m3)    (mg/L)     (psu)       (C)     (m/s)        ()
         1     1.019     0.077     0.002     0.001   -10.997     0.001     1.019  1000.531    98.089     0.627     2.735     0.053     1.000
         2     1.039     0.078     0.004     0.003   -10.995     0.002     1.039  1001.027    96.213     1.243     2.839     0.053     1.000
         3     1.060     0.080     0.007     0.004   -10.992     0.003     1.060  1001.513    94.373     1.846     2.940     0.053     1.000
         4     1.080     0.081     0.009     0.005   -10.990     0.004     1.080  1001.988    92.566     2.437     3.039     0.053     1.000
         5     1.101     0.083     0.011     0.007   -10.987     0.005     1.101  1002.453    90.793     3.017     3.136     0.053     1.000
         6     1.123     0.085     0.014     0.008   -10.984     0.006     1.123  1002.908    89.053     3.585     3.232     0.053     1.000
         7     1.145     0.086     0.016     0.009   -10.981     0.007     1.145  1003.353    87.346     4.142     3.325     0.053     1.000
         8     1.167     0.088     0.019     0.011   -10.978     0.008     1.167  1003.789    85.670     4.688     3.417     0.053     1.000
         9     1.190     0.090     0.022     0.012   -10.975     0.009     1.190  1004.216    84.026     5.224     3.507     0.053     1.000
        10     1.213     0.091     0.024     0.014   -10.972     0.010     1.213  1004.634    82.413     5.749     3.595     0.053     1.000
        11     1.237     0.093     0.027     0.015   -10.969     0.012     1.237  1005.043    80.830     6.264     3.681     0.053     1.000
        12     1.261     0.095     0.030     0.017   -10.966     0.013     1.261  1005.444    79.277     6.768     3.766     0.053     1.000
        13     1.286     0.097     0.032     0.019   -10.963     0.014     1.286  1005.836    77.753     7.263     3.849     0.053     1.000
        14     1.311     0.099     0.035     0.020   -10.959     0.016     1.311  1006.220    76.257     7.748     3.930     0.053     1.000
        15     1.337     0.101     0.038     0.022   -10.956     0.017     1.337  1006.596    74.790     8.224     4.010     0.053     1.000
        16     1.363     0.103     0.041     0.024   -10.953     0.019     1.363  1006.964    73.350     8.690     4.088     0.053     1.000
        17     1.390     0.105     0.044     0.025   -10.949     0.020     1.390  1007.324    71.938     9.147     4.165     0.053     1.000
        18     1.417     0.107     0.047     0.027   -10.946     0.022     1.417  1007.678    70.552     9.595     4.240     0.053     1.000
        19     1.445     0.109     0.050     0.029   -10.942     0.024     1.445  1008.023    69.192    10.034     4.314     0.053     1.000
        20     1.474     0.111     0.054     0.031   -10.938     0.025     1.474  1008.362    67.858    10.465     4.386     0.053     1.000
        21     1.503     0.113     0.057     0.033   -10.935     0.027     1.503  1008.694    66.550    10.887     4.457     0.053     1.000
        22     1.532     0.116     0.060     0.035   -10.931     0.029     1.532  1009.018    65.266    11.301     4.526     0.053     1.000
        23     1.562     0.118     0.064     0.036   -10.927     0.031     1.562  1009.336    64.006    11.707     4.595     0.053     1.000
        24     1.593     0.120     0.067     0.038   -10.923     0.033     1.593  1009.648    62.770    12.105     4.661     0.053     1.000
        25     1.624     0.122     0.071     0.040   -10.919     0.036     1.624  1009.953    61.558    12.495     4.727     0.053     1.000
        26     1.656     0.125     0.074     0.043   -10.915     0.038     1.656  1010.252    60.369    12.877     4.791     0.053     1.000
        27     1.689     0.127     0.078     0.045   -10.911     0.040     1.689  1010.545    59.203    13.252     4.854     0.053     1.000
        28     1.722     0.130     0.082     0.047   -10.906     0.043     1.722  1010.832    58.058    13.620     4.916     0.053     1.000
        29     1.756     0.132     0.085     0.049   -10.902     0.045     1.756  1011.113    56.936    13.980     4.976     0.053     1.000
        30     1.791     0.135     0.089     0.051   -10.898     0.048     1.791  1011.388    55.834    14.334     5.035     0.053     1.000
        31     1.826     0.138     0.093     0.053   -10.893     0.051     1.826  1011.658    54.754    14.680     5.094     0.053     1.000
        32     1.862     0.140     0.097     0.056   -10.888     0.053     1.862  1011.922    53.695    15.020     5.150     0.053     1.000
        33     1.899     0.143     0.101     0.058   -10.884     0.056     1.899  1012.181    52.655    15.353     5.206     0.053     1.000
        34     1.937     0.146     0.106     0.060   -10.879     0.059     1.937  1012.435    51.636    15.679     5.261     0.053     1.000
        35     1.975     0.149     0.110     0.063   -10.874     0.063     1.975  1012.684    50.636    15.999     5.315     0.053     1.000
        36     2.014     0.152     0.114     0.065   -10.869     0.066     2.014  1012.927    49.655    16.313     5.368     0.053     1.007
        37     2.054     0.155     0.119     0.068   -10.864     0.069     2.054  1013.166    48.693    16.620     5.419     0.053     1.027
        38     2.094     0.158     0.123     0.070   -10.859     0.073     2.094  1013.399    47.749    16.922     5.470     0.053     1.047
        39     2.136     0.161     0.128     0.073   -10.854     0.077     2.136  1013.628    46.823    17.218     5.519     0.053     1.068
        40     2.178     0.164     0.133     0.076   -10.848     0.081     2.178  1013.853    45.915    17.508     5.568     0.053     1.089
        41     2.221     0.167     0.138     0.078   -10.843     0.085     2.221  1014.073    45.025    17.792     5.616     0.053     1.110
        42     2.265     0.171     0.142     0.081   -10.837     0.089     2.265  1014.288    44.151    18.070     5.662     0.053     1.132
        43     2.310     0.174     0.148     0.084   -10.831     0.093     2.310  1014.499    43.295    18.343     5.708     0.053     1.155
        44     2.355     0.177     0.153     0.087   -10.826     0.098     2.355  1014.706    42.454    18.611     5.753     0.053     1.178
        45     2.402     0.181     0.158     0.090   -10.820     0.102     2.402  1014.909    41.630    18.874     5.797     0.053     1.201
        46     2.450     0.184     0.163     0.093   -10.814     0.107     2.450  1015.108    40.822    19.131     5.840     0.053     1.225
        47     2.498     0.188     0.169     0.096   -10.808     0.112     2.498  1015.302    40.029    19.383     5.883     0.053     1.249
        48     2.548     0.192     0.174     0.099   -10.801     0.118     2.548  1015.493    39.252    19.631     5.924     0.053     1.274
        49     2.598     0.195     0.180     0.102   -10.795     0.123     2.598  1015.680    38.489    19.873     5.965     0.053     1.299
        50     2.650     0.199     0.185     0.105   -10.789     0.129     2.650  1015.863    37.741    20.111     6.005     0.053     1.325
        51     2.702     0.203     0.191     0.109   -10.782     0.135     2.702  1016.043    37.008    20.344     6.044     0.053     1.351
        52     2.756     0.207     0.197     0.112   -10.775     0.141     2.756  1016.219    36.288    20.573     6.082     0.053     1.378
        53     2.810     0.211     0.203     0.115   -10.768     0.147     2.810  1016.391    35.583    20.797     6.120     0.053     1.405
        54     2.866     0.215     0.209     0.119   -10.761     0.154     2.866  1016.560    34.891    21.017     6.157     0.053     1.433
        55     2.923     0.220     0.216     0.122   -10.754     0.161     2.923  1016.726    34.212    21.232     6.193     0.053     1.461
        56     2.981     0.224     0.222     0.126   -10.747     0.168     2.981  1016.888    33.547    21.443     6.228     0.053     1.490
        57     3.040     0.228     0.229     0.129   -10.740     0.175     3.040  1017.047    32.894    21.650     6.263     0.053     1.520
        58     3.100     0.233     0.235     0.133   -10.732     0.183     3.100  1017.203    32.254    21.853     6.297     0.053     1.550
        59     3.162     0.237     0.242     0.137   -10.725     0.191     3.162  1017.356    31.627    22.052     6.331     0.053     1.581
        60     3.225     0.242     0.249     0.141   -10.717     0.199     3.225  1017.506    31.011    22.247     6.363     0.053     1.612
        61     3.289     0.247     0.256     0.145   -10.709     0.208     3.289  1017.653    30.407    22.438     6.395     0.053     1.644
        62     3.354     0.251     0.263     0.148   -10.701     0.217     3.354  1017.797    29.815    22.626     6.427     0.053     1.677
        63     3.421     0.256     0.271     0.153   -10.693     0.226     3.421  1017.938    29.235    22.809     6.458     0.053     1.710
        64     3.489     0.261     0.278     0.157   -10.684     0.235     3.489  1018.076    28.665    22.990     6.488     0.053     1.744
        65     3.558     0.266     0.286     0.161   -10.676     0.245     3.558  1018.211    28.107    23.166     6.518     0.053     1.779
        66     3.629     0.272     0.294     0.165   -10.667     0.256     3.629  1018.344    27.560    23.340     6.547     0.053     1.814
        67     3.701     0.277     0.302     0.169   -10.658     0.266     3.701  1018.474    27.023    23.509     6.575     0.053     1.850
        68     3.774     0.282     0.310     0.174   -10.649     0.278     3.774  1018.602    26.496    23.676     6.603     0.053     1.887
        69     3.849     0.288     0.318     0.178   -10.640     0.289     3.849  1018.727    25.980    23.839     6.630     0.053     1.925
        70     3.926     0.293     0.326     0.183   -10.631     0.301     3.926  1018.850    25.473    23.999     6.657     0.053     1.963
        71     4.004     0.299     0.335     0.187   -10.621     0.314     4.004  1018.970    24.977    24.156     6.684     0.053     2.002
        72     4.083     0.305     0.343     0.192   -10.612     0.327     4.083  1019.087    24.490    24.310     6.709     0.053     2.042
        73     4.164     0.311     0.352     0.197   -10.602     0.340     4.164  1019.203    24.013    24.461     6.735     0.053     2.082
        74     4.247     0.317     0.361     0.202   -10.592     0.354     4.247  1019.316    23.544    24.608     6.760     0.053     2.124
        75     4.332     0.323     0.370     0.207   -10.582     0.368     4.332  1019.427    23.085    24.753     6.784     0.054     2.166
        76     4.418     0.329     0.380     0.212   -10.571     0.383     4.418  1019.535    22.635    24.895     6.808     0.054     2.209
        77     4.506     0.335     0.389     0.217   -10.561     0.399     4.506  1019.642    22.193    25.035     6.831     0.054     2.253
        78     4.595     0.342     0.399     0.222   -10.550     0.415     4.595  1019.746    21.760    25.171     6.854     0.054     2.298
        79     4.687     0.349     0.409     0.227   -10.539     0.431     4.687  1019.849    21.336    25.305     6.877     0.054     2.343
        80     4.780     0.355     0.419     0.233   -10.528     0.449     4.780  1019.949    20.920    25.436     6.899     0.054     2.390
        81     4.875     0.362     0.429     0.238   -10.517     0.467     4.875  1020.047    20.511    25.565     6.920     0.054     2.438
        82     4.972     0.369     0.440     0.244   -10.505     0.485     4.972  1020.144    20.111    25.691     6.941     0.054     2.486
        83     5.071     0.376     0.450     0.249   -10.493     0.505     5.071  1020.238    19.719    25.815     6.962     0.054     2.536
        84     5.172     0.383     0.461     0.255   -10.481     0.525     5.172  1020.331    19.334    25.936     6.982     0.054     2.586
        85     5.275     0.391     0.472     0.261   -10.469     0.545     5.275  1020.422    18.956    26.055     7.002     0.054     2.638
        86     5.380     0.398     0.483     0.267   -10.457     0.567     5.380  1020.511    18.586    26.172     7.022     0.054     2.690
        87     5.487     0.406     0.495     0.273   -10.444     0.589     5.487  1020.598    18.223    26.286     7.041     0.054     2.744
        88     5.597     0.414     0.506     0.279   -10.431     0.612     5.597  1020.684    17.868    26.398     7.060     0.054     2.798
        89     5.708     0.422     0.518     0.285   -10.418     0.636     5.708  1020.767    17.519    26.508     7.078     0.054     2.854
        90     5.822     0.430     0.530     0.292   -10.405     0.661     5.822  1020.850    17.177    26.616     7.096     0.054     2.911
        91     5.938     0.438     0.542     0.298   -10.392     0.686     5.938  1020.930    16.841    26.721     7.114     0.054     2.969
        92     6.056     0.446     0.555     0.305   -10.378     0.713     6.056  1021.009    16.512    26.825     7.132     0.054     3.028
        93     6.177     0.455     0.567     0.311   -10.364     0.740     6.177  1021.087    16.190    26.926     7.149     0.054     3.088
        94     6.300     0.463     0.580     0.318   -10.350     0.769     6.300  1021.162    15.873    27.026     7.165     0.054     3.150
        95     6.425     0.472     0.594     0.325   -10.335     0.798     6.425  1021.237    15.563    27.123     7.182     0.054     3.213
        96     6.553     0.481     0.607     0.332   -10.320     0.829     6.553  1021.310    15.259    27.219     7.198     0.054     3.277
        97     6.684     0.490     0.620     0.339   -10.305     0.860     6.684  1021.381    14.961    27.313     7.213     0.054     3.342
        98     6.817     0.499     0.634     0.346   -10.290     0.893     6.817  1021.451    14.669    27.404     7.229     0.054     3.409
        99     6.953     0.509     0.648     0.353   -10.275     0.927     6.953  1021.520    14.382    27.495     7.244     0.054     3.477
       100     7.092     0.518     0.663     0.360   -10.259     0.962     7.092  1021.587    14.101    27.583     7.259     0.054     3.546
       101     7.233     0.528     0.677     0.368   -10.243     0.998     7.233  1021.653    13.825    27.670     7.273     0.054     3.617
       102     7.377     0.538     0.692     0.375   -10.226     1.036     7.377  1021.718    13.555    27.754     7.288     0.054     3.689
       103     7.524     0.548     0.707     0.383   -10.210     1.075     7.524  1021.782    13.290    27.838     7.302     0.054     3.762
       104     7.674     0.558     0.723     0.391   -10.193     1.115     7.674  1021.844    13.030    27.919     7.315     0.054     3.837
       105     7.827     0.569     0.738     0.399   -10.176     1.157     7.827  1021.905    12.776    27.999     7.329     0.055     3.914
       106     7.983     0.579     0.754     0.407   -10.158     1.200     7.983  1021.964    12.526    28.078     7.342     0.055     3.992
       107     8.143     0.590     0.770     0.415   -10.140     1.244     8.143  1022.023    12.281    28.155     7.355     0.055     4.071
       108     8.305     0.601     0.787     0.423   -10.122     1.290     8.305  1022.080    12.041    28.230     7.367     0.055     4.153
       109     8.471     0.612     0.803     0.432   -10.104     1.338     8.471  1022.137    11.805    28.304     7.380     0.055     4.235
       110     8.640     0.624     0.820     0.440   -10.085     1.387     8.640  1022.192    11.575    28.376     7.392     0.055     4.320
       111     8.812     0.635     0.838     0.449   -10.066     1.438     8.812  1022.246    11.348    28.448     7.404     0.055     4.406
       112     8.988     0.647     0.855     0.457   -10.047     1.490     8.988  1022.299    11.126    28.517     7.416     0.055     4.494
       113     9.167     0.659     0.873     0.466   -10.027     1.545     9.167  1022.351    10.909    28.585     7.427     0.055     4.584
       114     9.350     0.671     0.891     0.475   -10.007     1.601     9.350  1022.402    10.695    28.652     7.438     0.055     4.675
       115     9.536     0.683     0.910     0.484    -9.987     1.659     9.536  1022.452    10.486    28.718     7.449     0.055     4.768
       116     9.727     0.696     0.928     0.493    -9.966     1.719     9.727  1022.501    10.281    28.782     7.460     0.055     4.863
       117     9.921     0.708     0.948     0.502    -9.945     1.781     9.921  1022.549    10.080    28.846     7.471     0.055     4.960
       118    10.119     0.721     0.967     0.512    -9.923     1.845    10.119  1022.596     9.883    28.907     7.481     0.055     5.059
       119    10.321     0.734     0.987     0.521    -9.902     1.911    10.321  1022.642     9.689    28.968     7.491     0.055     5.160
       120    10.527     0.747     1.007     0.531    -9.879     1.979    10.527  1022.687     9.500    29.027     7.501     0.055     5.263
       121    10.737     0.761     1.027     0.541    -9.857     2.050    10.737  1022.732     9.314    29.086     7.511     0.055     5.368
       122    10.951     0.775     1.047     0.550    -9.834     2.122    10.951  1022.775     9.132    29.143     7.521     0.055     5.475
       123    11.169     0.789     1.068     0.560    -9.811     2.197    11.169  1022.818     8.953    29.199     7.530     0.055     5.585
       124    11.392     0.803     1.090     0.571    -9.787     2.275    11.392  1022.860     8.778    29.254     7.539     0.055     5.696
       125    11.620     0.817     1.111     0.581    -9.763     2.355    11.620  1022.901     8.606    29.308     7.548     0.056     5.810
       126    11.852     0.832     1.133     0.591    -9.738     2.437    11.852  1022.941     8.438    29.360     7.557     0.056     5.926
       127    12.088     0.846     1.156     0.601    -9.713     2.522    12.088  1022.980     8.272    29.412     7.566     0.056     6.044
       128    12.330     0.861     1.178     0.612    -9.688     2.610    12.330  1023.019     8.111    29.463     7.574     0.056     6.165
       129    12.576     0.877     1.201     0.623    -9.662     2.700    12.576  1023.057     7.952    29.513     7.583     0.056     6.288
       130    12.827     0.892     1.225     0.633    -9.636     2.793    12.827  1023.094     7.796    29.561     7.591     0.056     6.413
       131    13.083     0.908     1.248     0.644    -9.609     2.890    13.083  1023.130     7.644    29.609     7.599     0.056     6.541
       132    13.344     0.923     1.272     0.655    -9.582     2.989    13.344  1023.166     7.494    29.656     7.607     0.056     6.672
       133    13.610     0.940     1.297     0.666    -9.555     3.090    13.610  1023.201     7.347    29.702     7.614     0.056     6.805
       134    13.882     0.956     1.321     0.678    -9.527     3.195    13.882  1023.235     7.203    29.747     7.622     0.056     6.941
       135    14.159     0.972     1.346     0.689    -9.499     3.303    14.159  1023.269     7.062    29.791     7.629     0.056     7.080
       136    14.442     0.989     1.372     0.700    -9.470     3.414    14.442  1023.301     6.924    29.835     7.637     0.056     7.221
       137    14.730     1.006     1.397     0.712    -9.441     3.528    14.730  1023.334     6.789    29.877     7.644     0.056     7.365
       138    15.025     1.024     1.423     0.723    -9.411     3.645    15.025  1023.365     6.656    29.919     7.651     0.056     7.512
       139    15.325     1.041     1.450     0.735    -9.381     3.765    15.325  1023.396     6.525    29.960     7.658     0.056     7.662
       140    15.631     1.059     1.476     0.747    -9.351     3.888    15.631  1023.427     6.398    30.000     7.664     0.057     7.815
       141    15.943     1.077     1.503     0.758    -9.320     4.015    15.943  1023.457     6.272    30.039     7.671     0.057     7.971
       142    16.261     1.095     1.530     0.770    -9.289     4.145    16.261  1023.486     6.150    30.077     7.677     0.057     8.131
       143    16.586     1.114     1.558     0.782    -9.257     4.278    16.586  1023.515     6.029    30.115     7.684     0.057     8.293
       144    16.917     1.132     1.586     0.794    -9.225     4.415    16.917  1023.543     5.911    30.152     7.690     0.057     8.459
       145    17.255     1.151     1.614     0.806    -9.192     4.555    17.255  1023.570     5.795    30.188     7.696     0.057     8.628
       146    17.600     1.170     1.642     0.818    -9.160     4.698    17.600  1023.597     5.682    30.224     7.702     0.057     8.800
       147    17.951     1.190     1.671     0.830    -9.126     4.845    17.951  1023.624     5.571    30.258     7.708     0.057     8.976
       148    18.310     1.210     1.700     0.843    -9.092     4.996    18.310  1023.650     5.462    30.293     7.713     0.057     9.155
       149    18.676     1.230     1.729     0.855    -9.058     5.150    18.676  1023.675     5.355    30.326     7.719     0.057     9.338
       150    19.049     1.250     1.758     0.867    -9.024     5.308    19.049  1023.700     5.250    30.359     7.725     0.057     9.524
       151    19.429     1.270     1.788     0.880    -8.989     5.470    19.429  1023.724     5.147    30.391     7.730     0.057     9.715
       152    19.817     1.291     1.818     0.892    -8.953     5.635    19.817  1023.748     5.046    30.423     7.735     0.058     9.909
       153    20.213     1.312     1.849     0.904    -8.917     5.804    20.213  1023.772     4.947    30.454     7.740     0.058    10.107
       154    20.617     1.334     1.879     0.917    -8.881     5.977    20.617  1023.795     4.850    30.484     7.746     0.058    10.308
       155    21.029     1.355     1.910     0.929    -8.844     6.154    21.029  1023.818     4.755    30.514     7.751     0.058    10.514
       156    21.449     1.377     1.942     0.942    -8.807     6.335    21.449  1023.840     4.662    30.543     7.755     0.058    10.724
       157    21.877     1.399     1.973     0.954    -8.769     6.520    21.877  1023.861     4.571    30.571     7.760     0.058    10.939
       158    22.315     1.422     2.005     0.967    -8.731     6.709    22.315  1023.883     4.481    30.599     7.765     0.058    11.157
       159    22.760     1.444     2.037     0.979    -8.693     6.902    22.760  1023.904     4.394    30.627     7.770     0.058    11.380
       160    23.215     1.467     2.069     0.992    -8.654     7.099    23.215  1023.924     4.308    30.654     7.774     0.058    11.608
       161    23.679     1.490     2.102     1.005    -8.615     7.301    23.679  1023.944     4.223    30.680     7.779     0.058    11.839
       162    24.152     1.514     2.135     1.017    -8.575     7.507    24.152  1023.964     4.140    30.706     7.783     0.058    12.076
       163    24.635     1.538     2.168     1.030    -8.535     7.716    24.635  1023.983     4.059    30.731     7.787     0.059    12.317
       164    25.127     1.562     2.201     1.042    -8.494     7.931    25.127  1024.002     3.980    30.756     7.791     0.059    12.563
       165    25.629     1.586     2.235     1.055    -8.453     8.149    25.629  1024.020     3.902    30.781     7.795     0.059    12.814
       166    26.141     1.611     2.269     1.068    -8.411     8.372    26.141  1024.039     3.825    30.805     7.799     0.059    13.071
       167    26.663     1.636     2.303     1.080    -8.369     8.600    26.663  1024.056     3.750    30.828     7.803     0.059    13.332
       168    27.196     1.661     2.337     1.093    -8.327     8.832    27.196  1024.074     3.677    30.851     7.807     0.059    13.598
       169    27.740     1.687     2.372     1.106    -8.284     9.069    27.740  1024.091     3.605    30.874     7.811     0.059    13.870
       170    28.294     1.713     2.407     1.118    -8.241     9.310    28.294  1024.108     3.534    30.896     7.815     0.059    14.147
       171    28.859     1.739     2.442     1.131    -8.197     9.556    28.859  1024.124     3.465    30.917     7.818     0.059    14.430
       172    29.436     1.765     2.478     1.144    -8.153     9.806    29.436  1024.140     3.397    30.938     7.822     0.060    14.718
       173    30.024     1.792     2.513     1.156    -8.108    10.062    30.024  1024.156     3.331    30.959     7.825     0.060    15.012
       174    30.624     1.819     2.549     1.169    -8.063    10.322    30.624  1024.172     3.265    30.980     7.829     0.060    15.312
       175    31.236     1.847     2.586     1.181    -8.017    10.587    31.236  1024.187     3.201    31.000     7.832     0.060    15.618
       176    31.861     1.874     2.622     1.194    -7.971    10.857    31.861  1024.202     3.139    31.019     7.835     0.060    15.930
       177    32.497     1.902     2.659     1.206    -7.925    11.132    32.497  1024.216     3.077    31.039     7.839     0.060    16.249
       178    33.147     1.931     2.696     1.219    -7.878    11.412    33.147  1024.231     3.017    31.057     7.842     0.060    16.573
       179    33.809     1.959     2.733     1.231    -7.830    11.697    33.809  1024.245     2.958    31.076     7.845     0.060    16.905
       180    34.485     1.988     2.771     1.244    -7.782    11.987    34.485  1024.258     2.900    31.094     7.848     0.060    17.243
       181    35.174     2.018     2.809     1.256    -7.734    12.283    35.174  1024.272     2.843    31.112     7.851     0.061    17.587
       182    35.877     2.048     2.847     1.269    -7.685    12.583    35.877  1024.285     2.787    31.129     7.854     0.061    17.939
       183    36.594     2.078     2.885     1.281    -7.636    12.889    36.594  1024.298     2.733    31.146     7.857     0.061    18.297
       184    37.326     2.108     2.924     1.294    -7.586    13.200    37.326  1024.311     2.679    31.163     7.860     0.061    18.663
       185    38.072     2.139     2.963     1.306    -7.536    13.517    38.072  1024.323     2.627    31.179     7.862     0.061    19.036
       186    38.833     2.170     3.002     1.318    -7.485    13.839    38.833  1024.336     2.575    31.196     7.865     0.061    19.416
       187    39.609     2.201     3.042     1.330    -7.434    14.166    39.609  1024.347     2.525    31.211     7.868     0.061    19.805
       188    40.401     2.233     3.082     1.343    -7.383    14.499    40.401  1024.359     2.475    31.227     7.870     0.061    20.200
       189    41.208     2.265     3.122     1.355    -7.330    14.838    41.208  1024.371     2.427    31.242     7.873     0.062    20.604
       190    42.032     2.298     3.162     1.367    -7.278    15.182    42.032  1024.382     2.379    31.257     7.875     0.062    21.016
       191    42.872     2.331     3.203     1.379    -7.225    15.533    42.872  1024.393     2.333    31.271     7.878     0.062    21.436
       192    43.729     2.364     3.244     1.391    -7.171    15.888    43.729  1024.404     2.287    31.286     7.880     0.062    21.865
       193    44.603     2.398     3.285     1.403    -7.117    16.250    44.603  1024.415     2.242    31.300     7.882     0.062    22.302
       194    45.495     2.432     3.327     1.415    -7.063    16.618    45.495  1024.425     2.198    31.313     7.885     0.062    22.747
       195    46.404     2.466     3.369     1.427    -7.008    16.991    46.404  1024.435     2.155    31.327     7.887     0.062    23.202
       196    47.332     2.501     3.411     1.439    -6.953    17.371    47.332  1024.445     2.113    31.340     7.889     0.062    23.666
       197    48.278     2.536     3.453     1.451    -6.897    17.756    48.278  1024.455     2.071    31.353     7.891     0.063    24.139
       198    49.243     2.572     3.496     1.462    -6.840    18.148    49.243  1024.465     2.031    31.366     7.894     0.063    24.622
       199    50.228     2.607     3.539     1.474    -6.783    18.546    50.228  1024.474     1.991    31.378     7.896     0.063    25.114
       200    51.232     2.644     3.583     1.486    -6.726    18.950    51.232  1024.483     1.952    31.390     7.898     0.063    25.616
       201    52.256     2.681     3.626     1.498    -6.668    19.361    52.256  1024.492     1.914    31.402     7.900     0.063    26.128
       202    53.301     2.718     3.670     1.509    -6.610    19.778    53.301  1024.501     1.876    31.414     7.902     0.063    26.650
       203    54.366     2.755     3.715     1.521    -6.551    20.201    54.366  1024.510     1.839    31.425     7.904     0.063    27.183
       204    55.453     2.794     3.759     1.532    -6.492    20.631    55.453  1024.519     1.803    31.437     7.905     0.064    27.727
       205    56.562     2.832     3.805     1.544    -6.432    21.067    56.562  1024.527     1.768    31.448     7.907     0.064    28.281
       206    57.692     2.871     3.850     1.555    -6.372    21.510    57.692  1024.535     1.733    31.459     7.909     0.064    28.846
       207    58.846     2.910     3.896     1.566    -6.311    21.960    58.846  1024.543     1.699    31.469     7.911     0.064    29.423
       208    60.022     2.950     3.942     1.578    -6.250    22.417    60.022  1024.551     1.666    31.480     7.913     0.064    30.011
       209    61.222     2.990     3.988     1.589    -6.188    22.880    61.222  1024.559     1.633    31.490     7.914     0.064    30.611
       210    62.446     3.031     4.035     1.600    -6.126    23.351    62.446  1024.567     1.601    31.500     7.916     0.065    31.223
       211    63.695     3.072     4.082     1.611    -6.063    23.828    63.695  1024.574     1.570    31.510     7.918     0.065    31.847
       212    64.968     3.114     4.130     1.622    -6.000    24.312    64.968  1024.581     1.539    31.519     7.919     0.065    32.484
       213    66.267     3.156     4.178     1.633    -5.936    24.804    66.267  1024.588     1.509    31.529     7.921     0.065    33.134
       214    67.592     3.198     4.226     1.644    -5.872    25.303    67.592  1024.595     1.479    31.538     7.922     0.065    33.796
       215    68.943     3.241     4.275     1.655    -5.807    25.809    68.943  1024.602     1.450    31.547     7.924     0.065    34.472
       216    70.322     3.285     4.324     1.666    -5.742    26.322    70.322  1024.609     1.422    31.556     7.925     0.065    35.161
       217    71.728     3.329     4.374     1.676    -5.676    26.843    71.728  1024.616     1.394    31.565     7.927     0.066    35.864
       218    73.162     3.373     4.423     1.687    -5.610    27.371    73.162  1024.622     1.367    31.573     7.928     0.066    36.581
       219    74.625     3.418     4.474     1.698    -5.543    27.907    74.625  1024.629     1.340    31.581     7.930     0.066    37.312
       220    76.117     3.463     4.525     1.708    -5.475    28.450    76.117  1024.635     1.314    31.590     7.931     0.066    38.058
       221    77.638     3.509     4.576     1.719    -5.408    29.001    77.638  1024.641     1.288    31.598     7.932     0.066    38.819
       222    79.191     3.556     4.627     1.729    -5.339    29.560    79.191  1024.647     1.263    31.606     7.934     0.066    39.595
       223    80.774     3.603     4.679     1.740    -5.271    30.127    80.774  1024.653     1.238    31.613     7.935     0.067    40.387
       224    82.389     3.650     4.732     1.750    -5.201    30.702    82.389  1024.658     1.214    31.621     7.936     0.067    41.195
       225    84.036     3.698     4.785     1.760    -5.132    31.285    84.036  1024.664     1.190    31.628     7.938     0.067    42.018
       226    85.717     3.747     4.838     1.770    -5.061    31.876    85.717  1024.670     1.167    31.636     7.939     0.067    42.858
       227    87.431     3.796     4.892     1.781    -4.990    32.475    87.431  1024.675     1.144    31.643     7.940     0.067    43.715
       228    89.179     3.846     4.947     1.791    -4.919    33.082    89.179  1024.680     1.121    31.650     7.941     0.068    44.589
       229    90.962     3.896     5.001     1.801    -4.847    33.698    90.962  1024.686     1.099    31.657     7.942     0.068    45.481
       230    92.781     3.947     5.057     1.811    -4.775    34.322    92.781  1024.691     1.078    31.663     7.944     0.068    46.390
       231    94.636     3.998     5.113     1.821    -4.702    34.954    94.636  1024.696     1.057    31.670     7.945     0.068    47.318
       232    96.528     4.050     5.169     1.830    -4.629    35.596    96.528  1024.701     1.036    31.676     7.946     0.068    48.264
       233    98.458     4.102     5.226     1.840    -4.555    36.245    98.458  1024.705     1.016    31.683     7.947     0.068    49.229
       234   100.427     4.155     5.283     1.850    -4.480    36.904   100.427  1024.710     0.996    31.689     7.948     0.069    50.213
       235   102.435     4.209     5.341     1.860    -4.406    37.571   102.435  1024.715     0.976    31.695     7.949     0.069    51.217
       236   104.483     4.263     5.399     1.869    -4.330    38.248   104.483  1024.719     0.957    31.701     7.950     0.069    52.242
       237   106.572     4.318     5.458     1.879    -4.254    38.933   106.572  1024.724     0.938    31.707     7.951     0.069    53.286
       238   108.703     4.373     5.518     1.888    -4.178    39.628   108.703  1024.728     0.920    31.713     7.952     0.069    54.352
       239   110.877     4.429     5.578     1.898    -4.101    40.331   110.877  1024.732     0.902    31.718     7.953     0.070    55.438
       240   113.094     4.486     5.639     1.907    -4.024    41.044   113.094  1024.737     0.884    31.724     7.954     0.070    56.547
       241   115.355     4.543     5.700     1.916    -3.946    41.766   115.355  1024.741     0.867    31.729     7.955     0.070    57.678
       242   117.662     4.601     5.762     1.925    -3.867    42.498   117.662  1024.745     0.850    31.735     7.955     0.070    58.831
       243   120.015     4.660     5.824     1.934    -3.789    43.237   120.015  1024.748     0.833    31.740     7.958     0.071    60.007
       244   122.415     4.720     5.886     1.943    -3.710    43.982   122.415  1024.752     0.817    31.745     7.964     0.072    61.207
       245   124.863     4.784     5.949     1.952    -3.632    44.731   124.863  1024.754     0.801    31.750     7.973     0.072    62.431
       246   127.360     4.850     6.012     1.961    -3.555    45.481   127.360  1024.756     0.785    31.755     7.985     0.073    63.680
       247   129.907     4.920     6.074     1.970    -3.479    46.231   129.907  1024.758     0.770    31.760     8.000     0.073    64.953
       248   132.505     4.993     6.137     1.978    -3.404    46.982   132.505  1024.759     0.755    31.764     8.018     0.074    66.252
       249   135.155     5.069     6.199     1.986    -3.330    47.733   135.155  1024.760     0.740    31.769     8.038     0.074    67.577
       250   137.648     5.144     6.256     1.994    -3.263    48.426   137.648  1024.760     0.726    31.773     8.059     0.075    68.824
---------------------------- Plume traps -----------------------------
       251   139.931     5.216     6.307     2.000    -3.205    49.042   139.931  1024.760     0.715    31.777     8.079     0.076    69.965
       252   142.017     5.283     6.352     2.006    -3.154    49.591   142.017  1024.760     0.704    31.780     8.100     0.076    71.009
       253   143.952     5.346     6.393     2.011    -3.108    50.088   143.952  1024.759     0.695    31.783     8.120     0.076    71.976
       254   145.770     5.405     6.431     2.016    -3.067    50.546   145.770  1024.758     0.686    31.786     8.140     0.077    72.885
       255   147.499     5.462     6.466     2.020    -3.029    50.976   147.499  1024.758     0.678    31.788     8.159     0.077    73.750
       256   149.157     5.517     6.500     2.024    -2.993    51.382   149.157  1024.757     0.670    31.791     8.178     0.077    74.579
       257   150.757     5.571     6.532     2.028    -2.960    51.768   150.757  1024.756     0.663    31.793     8.197     0.078    75.378
------------------------- merging happened ---------------------------
       258   152.306     5.623     6.562     2.031    -2.928    52.138   152.306  1024.755     0.657    31.795     8.215     0.078    76.153
       259   153.668     5.672     6.591     2.035    -2.899    52.494   153.668  1024.754     0.651    31.797     8.232     0.078    76.153
       260   155.017     5.722     6.621     2.038    -2.869    52.859   155.017  1024.753     0.645    31.799     8.248     0.078    76.326
       261   156.331     5.774     6.651     2.042    -2.839    53.220   156.331  1024.752     0.640    31.800     8.265     0.078    77.135
       262   157.626     5.828     6.680     2.045    -2.811    53.574   157.626  1024.750     0.634    31.802     8.281     0.079    77.943
       263   158.845     5.881     6.708     2.048    -2.784    53.917   158.845  1024.749     0.630    31.803     8.297     0.079    78.717
       264   160.015     5.935     6.736     2.051    -2.758    54.255   160.015  1024.748     0.625    31.805     8.312     0.079    79.469
       265   161.123     5.987     6.763     2.055    -2.732    54.588   161.123  1024.747     0.621    31.806     8.326     0.079    80.191
       266   162.186     6.039     6.790     2.058    -2.707    54.918   162.186  1024.746     0.617    31.807     8.341     0.080    80.892
       267   163.197     6.091     6.816     2.060    -2.683    55.243   163.197  1024.745     0.613    31.809     8.354     0.080    81.569
       268   164.164     6.142     6.843     2.063    -2.659    55.565   164.164  1024.744     0.609    31.810     8.367     0.080    82.224
       269   165.084     6.193     6.869     2.066    -2.637    55.882   165.084  1024.743     0.606    31.811     8.380     0.080    82.857
       270   165.961     6.243     6.894     2.069    -2.614    56.195   165.961  1024.742     0.603    31.812     8.392     0.080    83.469
       271   166.796     6.292     6.920     2.072    -2.593    56.504   166.796  1024.741     0.600    31.813     8.404     0.080    84.059
       272   167.592     6.340     6.945     2.074    -2.571    56.809   167.592  1024.740     0.597    31.814     8.415     0.081    84.629
       273   168.349     6.388     6.969     2.077    -2.551    57.109   168.349  1024.739     0.594    31.815     8.426     0.081    85.180
       274   169.069     6.435     6.993     2.080    -2.531    57.405   169.069  1024.738     0.591    31.815     8.436     0.081    85.712
---------------------------- Plume surfaces --------------------------
       275   169.754     6.481     7.017     2.082    -2.512    57.696   169.754  1024.737     0.589    31.816     8.446     0.081    86.225
-------------------- Starting Farfield Calculations --------------------
Farfield dispersion based on wastefield width of :      96.29 (m)
4/3 Power Law based Eddy Diffusivity is used:
  Dilution     Width  Distance      Time    Bckgrd     Conc.
        ()       (m)       (m)    (hrs.)    (mg/L)    (mg/L)
   169.754    97.242     7.320     0.016     0.000     0.589
   169.754    97.473     8.000     0.020     0.000     0.575
   169.754    97.813     9.000     0.026     0.000     0.575
   169.754    98.153    10.000     0.031     0.000     0.575
   169.754    98.494    11.000     0.037     0.000     0.575
   169.754    98.836    12.000     0.043     0.000     0.575
   169.754    99.172    13.000     0.048     0.000     0.575
   169.754    99.510    14.000     0.054     0.000     0.575
   169.754    99.847    15.000     0.060     0.000     0.575
   169.754   100.185    16.000     0.065     0.000     0.575
   169.754   100.523    17.000     0.071     0.000     0.575
   169.754   100.860    18.000     0.076     0.000     0.575
   169.754   101.197    19.000     0.082     0.000     0.575
   169.754   101.535    20.000     0.088     0.000     0.575
   169.754   101.873    21.000     0.093     0.000     0.575
   169.755   102.211    22.000     0.099     0.000     0.575
   169.755   102.549    23.000     0.104     0.000     0.575
   169.755   102.888    24.000     0.110     0.000     0.575
   169.756   103.227    25.000     0.115     0.000     0.575
   169.756   103.566    26.000     0.121     0.000     0.575
   169.758   103.905    27.000     0.127     0.000     0.575
   169.759   104.245    28.000     0.132     0.000     0.575
   169.762   104.585    29.000     0.138     0.000     0.575
   169.765   104.925    30.000     0.143     0.000     0.575
   169.769   105.266    31.000     0.149     0.000     0.575
   169.775   105.606    32.000     0.154     0.000     0.575
   169.782   105.948    33.000     0.160     0.000     0.575
   169.790   106.289    34.000     0.166     0.000     0.575
   169.801   106.631    35.000     0.171     0.000     0.575
   169.813   106.973    36.000     0.177     0.000     0.575
   169.828   107.315    37.000     0.182     0.000     0.575
   169.845   107.658    38.000     0.188     0.000     0.575
   169.865   108.001    39.000     0.193     0.000     0.575
   169.888   108.345    40.000     0.199     0.000     0.575
   169.914   108.688    41.000     0.205     0.000     0.575
   169.943   109.032    42.000     0.210     0.000     0.574
   169.976   109.377    43.000     0.216     0.000     0.574
   170.013   109.721    44.000     0.221     0.000     0.574
   170.054   110.067    45.000     0.227     0.000     0.574
   170.099   110.412    46.000     0.232     0.000     0.574
   170.148   110.757    47.000     0.238     0.000     0.574
   170.201   111.103    48.000     0.243     0.000     0.574
   170.259   111.450    49.000     0.249     0.000     0.574
   170.321   111.796    50.000     0.255     0.000     0.574
   170.388   112.143    51.000     0.260     0.000     0.573
   170.460   112.491    52.000     0.266     0.000     0.573
   170.536   112.838    53.000     0.271     0.000     0.573
   170.618   113.186    54.000     0.277     0.000     0.573
   170.704   113.534    55.000     0.282     0.000     0.573
   170.795   113.883    56.000     0.288     0.000     0.572
   170.892   114.231    57.000     0.293     0.000     0.572
   170.993   114.581    58.000     0.299     0.000     0.572
   171.100   114.930    59.000     0.304     0.000     0.572
   171.212   115.280    60.000     0.310     0.000     0.572
   171.329   115.630    61.000     0.316     0.000     0.570
   171.450   115.980    62.000     0.321     0.000     0.570
   171.577   116.331    63.000     0.327     0.000     0.570
   171.710   116.682    64.000     0.332     0.000     0.570
   171.847   117.034    65.000     0.338     0.000     0.570
   171.989   117.385    66.000     0.343     0.000     0.568
   172.136   117.737    67.000     0.349     0.000     0.568
   172.288   118.090    68.000     0.354     0.000     0.568
   172.445   118.442    69.000     0.360     0.000     0.568
   172.607   118.795    70.000     0.365     0.000     0.568
   172.774   119.148    71.000     0.371     0.000     0.565
   172.946   119.502    72.000     0.377     0.000     0.565
   173.122   119.856    73.000     0.382     0.000     0.565
   173.303   120.210    74.000     0.388     0.000     0.565
   173.489   120.565    75.000     0.393     0.000     0.565
   173.680   120.920    76.000     0.399     0.000     0.563
   173.875   121.275    77.000     0.404     0.000     0.563
   174.074   121.630    78.000     0.410     0.000     0.563
   174.278   121.986    79.000     0.415     0.000     0.563
   174.487   122.342    80.000     0.421     0.000     0.563
   174.700   122.699    81.000     0.426     0.000     0.560
   174.917   123.055    82.000     0.432     0.000     0.560
   175.138   123.412    83.000     0.437     0.000     0.560
   175.363   123.770    84.000     0.443     0.000     0.560
   175.593   124.128    85.000     0.449     0.000     0.556
   175.827   124.486    86.000     0.454     0.000     0.556
   176.064   124.844    87.000     0.460     0.000     0.556
   176.306   125.203    88.000     0.465     0.000     0.556
   176.551   125.562    89.000     0.471     0.000     0.556
   176.800   125.921    90.000     0.476     0.000     0.553
   177.053   126.281    91.000     0.482     0.000     0.553
   177.310   126.640    92.000     0.487     0.000     0.553
   177.571   127.001    93.000     0.493     0.000     0.553
   177.835   127.361    94.000     0.498     0.000     0.553
   178.102   127.722    95.000     0.504     0.000     0.549
   178.373   128.083    96.000     0.509     0.000     0.549
   178.648   128.445    97.000     0.515     0.000     0.549
   178.925   128.807    98.000     0.521     0.000     0.549
   179.207   129.169    99.000     0.526     0.000     0.549
   179.491   129.532   100.000     0.532     0.000     0.545
   179.779   129.894   101.000     0.537     0.000     0.545
............................. Reached Chronic Mixing Zone ..........................
   180.070   130.258   102.000     0.543     0.000     0.545
   180.364   130.621   103.000     0.548     0.000     0.545
   180.661   130.985   104.000     0.554     0.000     0.545
   180.961   131.349   105.000     0.559     0.000     0.541
   181.264   131.713   106.000     0.565     0.000     0.541
   181.570   132.078   107.000     0.570     0.000     0.541
   181.879   132.443   108.000     0.576     0.000     0.541
   182.190   132.809   109.000     0.581     0.000     0.541
   182.505   133.174   110.000     0.587     0.000     0.536
   182.822   133.540   111.000     0.592     0.000     0.536
   183.142   133.907   112.000     0.598     0.000     0.536
   183.465   134.273   113.000     0.603     0.000     0.536
   183.790   134.641   114.000     0.609     0.000     0.536
   184.118   135.008   115.000     0.615     0.000     0.532
   184.449   135.375   116.000     0.620     0.000     0.532
   184.782   135.743   117.000     0.626     0.000     0.532
   185.117   136.112   118.000     0.631     0.000     0.532
   185.455   136.480   119.000     0.637     0.000     0.532
   185.796   136.849   120.000     0.642     0.000     0.527
   186.138   137.218   121.000     0.648     0.000     0.527
   186.483   137.588   122.000     0.653     0.000     0.527
   186.831   137.958   123.000     0.659     0.000     0.527
   187.180   138.328   124.000     0.664     0.000     0.523
   187.532   138.699   125.000     0.670     0.000     0.523
   187.886   139.070   126.000     0.675     0.000     0.523
   188.242   139.441   127.000     0.681     0.000     0.523
   188.600   139.812   128.000     0.686     0.000     0.523
   188.961   140.184   129.000     0.692     0.000     0.518
   189.323   140.556   130.000     0.697     0.000     0.518
   189.688   140.929   131.000     0.703     0.000     0.518
   190.054   141.301   132.000     0.708     0.000     0.518
   190.423   141.674   133.000     0.714     0.000     0.518
   190.793   142.048   134.000     0.719     0.000     0.513
   191.166   142.422   135.000     0.725     0.000     0.513
   191.540   142.796   136.000     0.731     0.000     0.513
   191.916   143.170   137.000     0.736     0.000     0.513
   192.294   143.545   138.000     0.742     0.000     0.513
   192.674   143.920   139.000     0.747     0.000     0.508
   193.056   144.295   140.000     0.753     0.000     0.508
   193.439   144.671   141.000     0.758     0.000     0.508
   193.824   145.047   142.000     0.764     0.000     0.508
   194.211   145.423   143.000     0.769     0.000     0.508
   194.600   145.800   144.000     0.775     0.000     0.503
   194.990   146.176   145.000     0.780     0.000     0.503
   195.382   146.554   146.000     0.786     0.000     0.503
   195.776   146.931   147.000     0.791     0.000     0.503
   196.171   147.309   148.000     0.797     0.000     0.503
   196.568   147.687   149.000     0.802     0.000     0.499
   196.966   148.066   150.000     0.808     0.000     0.499
   197.366   148.445   151.000     0.813     0.000     0.499
   197.767   148.824   152.000     0.819     0.000     0.499
   198.170   149.203   153.000     0.824     0.000     0.499
   198.575   149.583   154.000     0.830     0.000     0.494
   198.981   149.963   155.000     0.835     0.000     0.494
   199.388   150.344   156.000     0.841     0.000     0.494
   199.797   150.724   157.000     0.847     0.000     0.494
   200.207   151.105   158.000     0.852     0.000     0.494
   200.619   151.487   159.000     0.858     0.000     0.489
   201.032   151.869   160.000     0.863     0.000     0.489
   201.447   152.251   161.000     0.869     0.000     0.489
   201.862   152.633   162.000     0.874     0.000     0.489
   202.280   153.015   163.000     0.880     0.000     0.489
   202.698   153.398   164.000     0.885     0.000     0.484
   203.118   153.782   165.000     0.891     0.000     0.484
   203.539   154.165   166.000     0.896     0.000     0.484
   203.961   154.549   167.000     0.902     0.000     0.484
   204.385   154.933   168.000     0.907     0.000     0.479
   204.810   155.318   169.000     0.913     0.000     0.479
   205.236   155.703   170.000     0.918     0.000     0.479
   205.664   156.088   171.000     0.924     0.000     0.479
   206.092   156.473   172.000     0.929     0.000     0.479
   206.522   156.859   173.000     0.935     0.000     0.475
   206.953   157.245   174.000     0.940     0.000     0.475
   207.385   157.632   175.000     0.946     0.000     0.475
   207.818   158.019   176.000     0.951     0.000     0.475
   208.253   158.406   177.000     0.957     0.000     0.475
   208.689   158.793   178.000     0.962     0.000     0.470
   209.125   159.181   179.000     0.968     0.000     0.470
   209.563   159.569   180.000     0.974     0.000     0.470
   210.002   159.957   181.000     0.979     0.000     0.470
   210.442   160.346   182.000     0.985     0.000     0.470
   210.883   160.734   183.000     0.990     0.000     0.465
   211.326   161.124   184.000     0.996     0.000     0.465
   211.769   161.513   185.000     1.001     0.000     0.465
   212.213   161.903   186.000     1.007     0.000     0.465
   212.659   162.293   187.000     1.012     0.000     0.465
   213.105   162.684   188.000     1.018     0.000     0.461
   213.552   163.075   189.000     1.023     0.000     0.461
   214.001   163.466   190.000     1.029     0.000     0.461
   214.450   163.857   191.000     1.034     0.000     0.461
   214.901   164.249   192.000     1.040     0.000     0.461
   215.352   164.641   193.000     1.045     0.000     0.456
   215.804   165.033   194.000     1.051     0.000     0.456
   216.258   165.426   195.000     1.056     0.000     0.456
   216.712   165.819   196.000     1.062     0.000     0.456
   217.167   166.212   197.000     1.067     0.000     0.456
   217.624   166.606   198.000     1.073     0.000     0.451
   218.081   167.000   199.000     1.078     0.000     0.451
   218.539   167.394   200.000     1.084     0.000     0.451
   218.998   167.788   201.000     1.089     0.000     0.451
   219.458   168.183   202.000     1.095     0.000     0.451
   219.918   168.578   203.000     1.101     0.000     0.447
   220.380   168.974   204.000     1.106     0.000     0.447
   220.843   169.370   205.000     1.112     0.000     0.447
   221.306   169.766   206.000     1.117     0.000     0.447
   221.770   170.162   207.000     1.123     0.000     0.447
   222.235   170.559   208.000     1.128     0.000     0.442
   222.701   170.956   209.000     1.134     0.000     0.442
   223.168   171.353   210.000     1.139     0.000     0.442
   223.636   171.751   211.000     1.145     0.000     0.442
   224.105   172.149   212.000     1.150     0.000     0.438
   224.574   172.547   213.000     1.156     0.000     0.438
   225.044   172.946   214.000     1.161     0.000     0.438
   225.515   173.344   215.000     1.167     0.000     0.438
   225.987   173.744   216.000     1.172     0.000     0.438
   226.460   174.143   217.000     1.178     0.000     0.434
   226.933   174.543   218.000     1.183     0.000     0.434
   227.407   174.943   219.000     1.189     0.000     0.434
   227.882   175.343   220.000     1.194     0.000     0.434
   228.358   175.744   221.000     1.200     0.000     0.434
   228.835   176.145   222.000     1.205     0.000     0.429
   229.312   176.546   223.000     1.211     0.000     0.429
   229.790   176.948   224.000     1.216     0.000     0.429
   230.269   177.350   225.000     1.222     0.000     0.429
   230.749   177.752   226.000     1.228     0.000     0.429
   231.229   178.154   227.000     1.233     0.000     0.425
   231.710   178.557   228.000     1.239     0.000     0.425
   232.192   178.960   229.000     1.244     0.000     0.425
   232.675   179.364   230.000     1.250     0.000     0.425
   233.158   179.768   231.000     1.255     0.000     0.425
   233.642   180.172   232.000     1.261     0.000     0.421
   234.127   180.576   233.000     1.266     0.000     0.421
   234.612   180.981   234.000     1.272     0.000     0.421
   235.099   181.385   235.000     1.277     0.000     0.421
   235.586   181.791   236.000     1.283     0.000     0.421
   236.073   182.196   237.000     1.288     0.000     0.417
   236.562   182.602   238.000     1.294     0.000     0.417
   237.051   183.008   239.000     1.299     0.000     0.417
   237.540   183.415   240.000     1.305     0.000     0.417
   238.031   183.822   241.000     1.310     0.000     0.417
   238.522   184.229   242.000     1.316     0.000     0.413
   239.013   184.636   243.000     1.321     0.000     0.413
   239.506   185.044   244.000     1.327     0.000     0.413
   239.999   185.452   245.000     1.332     0.000     0.413
   240.493   185.860   246.000     1.338     0.000     0.413
   240.987   186.268   247.000     1.343     0.000     0.408
   241.482   186.677   248.000     1.349     0.000     0.408
   241.978   187.086   249.000     1.355     0.000     0.408
   242.474   187.496   250.000     1.360     0.000     0.408
   242.971   187.906   251.000     1.366     0.000     0.408
   243.469   188.316   252.000     1.371     0.000     0.404
   243.967   188.726   253.000     1.377     0.000     0.404
   244.466   189.137   254.000     1.382     0.000     0.404
   244.966   189.548   255.000     1.388     0.000     0.404
   245.466   189.959   256.000     1.393     0.000     0.404
   245.967   190.371   257.000     1.399     0.000     0.401
   246.468   190.782   258.000     1.404     0.000     0.401
   246.970   191.195   259.000     1.410     0.000     0.401
   247.473   191.607   260.000     1.415     0.000     0.401
   247.976   192.020   261.000     1.421     0.000     0.397
   248.480   192.433   262.000     1.426     0.000     0.397
   248.984   192.846   263.000     1.432     0.000     0.397
   249.489   193.260   264.000     1.437     0.000     0.397
   249.995   193.674   265.000     1.443     0.000     0.397
   250.501   194.088   266.000     1.448     0.000     0.393
   251.008   194.503   267.000     1.454     0.000     0.393
   251.516   194.917   268.000     1.459     0.000     0.393
   252.024   195.333   269.000     1.465     0.000     0.393
   252.532   195.748   270.000     1.471     0.000     0.393
   253.042   196.164   271.000     1.476     0.000     0.389
   253.552   196.580   272.000     1.482     0.000     0.389
   254.062   196.996   273.000     1.487     0.000     0.389
   254.573   197.413   274.000     1.493     0.000     0.389
   255.084   197.830   275.000     1.498     0.000     0.389
   255.597   198.247   276.000     1.504     0.000     0.385
   256.109   198.664   277.000     1.509     0.000     0.385
   256.623   199.082   278.000     1.515     0.000     0.385
   257.136   199.500   279.000     1.520     0.000     0.385
   257.651   199.919   280.000     1.526     0.000     0.385
   258.166   200.337   281.000     1.531     0.000     0.382
   258.681   200.756   282.000     1.537     0.000     0.382
   259.197   201.175   283.000     1.542     0.000     0.382
   259.714   201.595   284.000     1.548     0.000     0.382
   260.231   202.015   285.000     1.553     0.000     0.382
   260.749   202.435   286.000     1.559     0.000     0.378
   261.267   202.855   287.000     1.564     0.000     0.378
   261.786   203.276   288.000     1.570     0.000     0.378
   262.305   203.697   289.000     1.575     0.000     0.378
   262.825   204.119   290.000     1.581     0.000     0.378
   263.345   204.540   291.000     1.586     0.000     0.374
   263.866   204.962   292.000     1.592     0.000     0.374
   264.387   205.384   293.000     1.598     0.000     0.374
   264.909   205.807   294.000     1.603     0.000     0.374
   265.432   206.229   295.000     1.609     0.000     0.374
   265.955   206.653   296.000     1.614     0.000     0.371
   266.478   207.076   297.000     1.620     0.000     0.371
   267.003   207.500   298.000     1.625     0.000     0.371
   267.527   207.924   299.000     1.631     0.000     0.371
   268.052   208.348   300.000     1.636     0.000     0.371
   268.578   208.772   301.000     1.642     0.000     0.367
   269.104   209.197   302.000     1.647     0.000     0.367
   269.631   209.622   303.000     1.653     0.000     0.367
   270.158   210.048   304.000     1.658     0.000     0.367
   270.685   210.473   305.000     1.664     0.000     0.364
   271.214   210.899   306.000     1.669     0.000     0.364
   271.742   211.325   307.000     1.675     0.000     0.364
   272.271   211.752   308.000     1.680     0.000     0.364
   272.801   212.179   309.000     1.686     0.000     0.364
   273.331   212.606   310.000     1.691     0.000     0.360
   273.862   213.033   311.000     1.697     0.000     0.360
   274.393   213.461   312.000     1.702     0.000     0.360
   274.925   213.889   313.000     1.708     0.000     0.360
   275.457   214.317   314.000     1.714     0.000     0.360
   275.990   214.746   315.000     1.719     0.000     0.357
   276.523   215.175   316.000     1.725     0.000     0.357
   277.056   215.604   317.000     1.730     0.000     0.357
   277.591   216.033   318.000     1.736     0.000     0.357
   278.125   216.463   319.000     1.741     0.000     0.357
   278.660   216.893   320.000     1.747     0.000     0.354
   279.196   217.323   321.000     1.752     0.000     0.354
   279.732   217.754   322.000     1.758     0.000     0.354
   280.268   218.185   323.000     1.763     0.000     0.354
   280.805   218.616   324.000     1.769     0.000     0.354
   281.343   219.047   325.000     1.774     0.000     0.351
   281.881   219.479   326.000     1.780     0.000     0.351
   282.419   219.911   327.000     1.785     0.000     0.351
   282.958   220.343   328.000     1.791     0.000     0.351
   283.498   220.776   329.000     1.796     0.000     0.351
   284.037   221.209   330.000     1.802     0.000     0.347
   284.578   221.642   331.000     1.807     0.000     0.347
   285.118   222.075   332.000     1.813     0.000     0.347
   285.660   222.509   333.000     1.818     0.000     0.347
   286.201   222.943   334.000     1.824     0.000     0.347
   286.744   223.377   335.000     1.830     0.000     0.344
   287.286   223.812   336.000     1.835     0.000     0.344
   287.829   224.247   337.000     1.841     0.000     0.344
   288.373   224.682   338.000     1.846     0.000     0.344
   288.917   225.117   339.000     1.852     0.000     0.344
   289.461   225.553   340.000     1.857     0.000     0.341
   290.006   225.989   341.000     1.863     0.000     0.341
   290.552   226.425   342.000     1.868     0.000     0.341
   291.097   226.862   343.000     1.874     0.000     0.341
   291.644   227.299   344.000     1.879     0.000     0.341
   292.191   227.736   345.000     1.885     0.000     0.338
   292.738   228.173   346.000     1.890     0.000     0.338
   293.285   228.611   347.000     1.896     0.000     0.338
   293.833   229.049   348.000     1.901     0.000     0.338
   294.382   229.487   349.000     1.907     0.000     0.335
   294.931   229.926   350.000     1.912     0.000     0.335
   295.480   230.365   351.000     1.918     0.000     0.335
   296.030   230.804   352.000     1.923     0.000     0.335
   296.580   231.243   353.000     1.929     0.000     0.335
   297.131   231.683   354.000     1.935     0.000     0.332
   297.682   232.123   355.000     1.940     0.000     0.332
   298.234   232.563   356.000     1.946     0.000     0.332
   298.786   233.003   357.000     1.951     0.000     0.332
   299.339   233.444   358.000     1.957     0.000     0.332
   299.892   233.885   359.000     1.962     0.000     0.329
   300.445   234.326   360.000     1.968     0.000     0.329
   300.999   234.768   361.000     1.973     0.000     0.329
   301.553   235.210   362.000     1.979     0.000     0.329
   302.108   235.652   363.000     1.984     0.000     0.329
   302.663   236.095   364.000     1.990     0.000     0.326
   303.218   236.537   365.000     1.995     0.000     0.326
   303.774   236.980   366.000     2.001     0.000     0.326
   304.331   237.424   367.000     2.006     0.000     0.326
   304.887   237.867   368.000     2.012     0.000     0.326
   305.445   238.311   369.000     2.017     0.000     0.323
   306.002   238.755   370.000     2.023     0.000     0.323
   306.560   239.200   371.000     2.028     0.000     0.323
   307.119   239.644   372.000     2.034     0.000     0.323
   307.678   240.089   373.000     2.039     0.000     0.323
   308.237   240.534   374.000     2.045     0.000     0.320
   308.797   240.980   375.000     2.051     0.000     0.320
   309.357   241.426   376.000     2.056     0.000     0.320
   309.918   241.872   377.000     2.062     0.000     0.320
   310.479   242.318   378.000     2.067     0.000     0.320
   311.040   242.765   379.000     2.073     0.000     0.318
   311.602   243.212   380.000     2.078     0.000     0.318
   312.164   243.659   381.000     2.084     0.000     0.318
   312.727   244.106   382.000     2.089     0.000     0.318
   313.290   244.554   383.000     2.095     0.000     0.318
   313.854   245.002   384.000     2.100     0.000     0.315
   314.418   245.450   385.000     2.106     0.000     0.315
   314.982   245.899   386.000     2.111     0.000     0.315
   315.547   246.348   387.000     2.117     0.000     0.315
   316.112   246.797   388.000     2.122     0.000     0.312
   316.678   247.246   389.000     2.128     0.000     0.312
   317.244   247.696   390.000     2.133     0.000     0.312
   317.810   248.146   391.000     2.139     0.000     0.312
   318.377   248.596   392.000     2.144     0.000     0.312
   318.944   249.046   393.000     2.150     0.000     0.310
   319.512   249.497   394.000     2.156     0.000     0.310
   320.080   249.948   395.000     2.161     0.000     0.310
   320.648   250.399   396.000     2.167     0.000     0.310
   321.217   250.851   397.000     2.172     0.000     0.310
   321.786   251.303   398.000     2.178     0.000     0.307
   322.356   251.755   399.000     2.183     0.000     0.307
   322.926   252.207   400.000     2.189     0.000     0.307
   323.496   252.660   401.000     2.194     0.000     0.307
   324.067   253.113   402.000     2.200     0.000     0.307
   324.638   253.566   403.000     2.205     0.000     0.304
   325.210   254.020   404.000     2.211     0.000     0.304
   325.782   254.473   405.000     2.216     0.000     0.304
   326.355   254.927   406.000     2.222     0.000     0.304
   326.927   255.382   407.000     2.227     0.000     0.304
   327.501   255.836   408.000     2.233     0.000     0.302
   328.074   256.291   409.000     2.238     0.000     0.302
   328.648   256.746   410.000     2.244     0.000     0.302
   329.223   257.202   411.000     2.249     0.000     0.302
   329.798   257.657   412.000     2.255     0.000     0.302
   330.373   258.113   413.000     2.261     0.000     0.299
   330.948   258.569   414.000     2.266     0.000     0.299
   331.524   259.026   415.000     2.272     0.000     0.299
   332.101   259.483   416.000     2.277     0.000     0.299
   332.677   259.940   417.000     2.283     0.000     0.299
   333.255   260.397   418.000     2.288     0.000     0.297
   333.832   260.854   419.000     2.294     0.000     0.297
   334.410   261.312   420.000     2.299     0.000     0.297
   334.988   261.770   421.000     2.305     0.000     0.297
   335.567   262.229   422.000     2.310     0.000     0.297
   336.146   262.687   423.000     2.316     0.000     0.294
   336.726   263.146   424.000     2.321     0.000     0.294
   337.306   263.605   425.000     2.327     0.000     0.294
   337.886   264.065   426.000     2.332     0.000     0.294
   338.467   264.525   427.000     2.338     0.000     0.294
   339.048   264.985   428.000     2.343     0.000     0.292
   339.629   265.445   429.000     2.349     0.000     0.292
   340.211   265.905   430.000     2.355     0.000     0.292
   340.793   266.366   431.000     2.360     0.000     0.292
   341.376   266.827   432.000     2.366     0.000     0.289
   341.959   267.288   433.000     2.371     0.000     0.289
   342.542   267.750   434.000     2.377     0.000     0.289
   343.126   268.212   435.000     2.382     0.000     0.289
   343.710   268.674   436.000     2.388     0.000     0.289
   344.294   269.136   437.000     2.393     0.000     0.287
   344.879   269.599   438.000     2.399     0.000     0.287
   345.464   270.062   439.000     2.404     0.000     0.287
   346.050   270.525   440.000     2.410     0.000     0.287
   346.636   270.989   441.000     2.415     0.000     0.287
   347.222   271.452   442.000     2.421     0.000     0.285
   347.809   271.916   443.000     2.426     0.000     0.285
   348.396   272.381   444.000     2.432     0.000     0.285
   348.984   272.845   445.000     2.437     0.000     0.285
   349.571   273.310   446.000     2.443     0.000     0.285
   350.160   273.775   447.000     2.448     0.000     0.282
   350.748   274.240   448.000     2.454     0.000     0.282
   351.337   274.706   449.000     2.460     0.000     0.282
   351.927   275.172   450.000     2.465     0.000     0.282
   352.516   275.638   451.000     2.471     0.000     0.282
   353.106   276.104   452.000     2.476     0.000     0.280
   353.697   276.571   453.000     2.482     0.000     0.280
   354.288   277.038   454.000     2.487     0.000     0.280
   354.879   277.505   455.000     2.493     0.000     0.280
   355.471   277.972   456.000     2.498     0.000     0.280
   356.062   278.440   457.000     2.504     0.000     0.278
   356.655   278.908   458.000     2.509     0.000     0.278
   357.248   279.376   459.000     2.515     0.000     0.278
   357.841   279.845   460.000     2.520     0.000     0.278
   358.434   280.314   461.000     2.526     0.000     0.278
   359.028   280.783   462.000     2.531     0.000     0.276
   359.622   281.252   463.000     2.537     0.000     0.276
   360.217   281.722   464.000     2.542     0.000     0.276
   360.811   282.191   465.000     2.548     0.000     0.276
   361.407   282.661   466.000     2.554     0.000     0.276
   362.002   283.132   467.000     2.559     0.000     0.273
   362.598   283.602   468.000     2.565     0.000     0.273
   363.195   284.073   469.000     2.570     0.000     0.273
   363.791   284.544   470.000     2.576     0.000     0.273
   364.388   285.016   471.000     2.581     0.000     0.273
   364.986   285.487   472.000     2.587     0.000     0.271
   365.584   285.959   473.000     2.592     0.000     0.271
   366.182   286.432   474.000     2.598     0.000     0.271
   366.780   286.904   475.000     2.603     0.000     0.271
   367.379   287.377   476.000     2.609     0.000     0.269
   367.979   287.850   477.000     2.614     0.000     0.269
   368.578   288.323   478.000     2.620     0.000     0.269
   369.178   288.796   479.000     2.625     0.000     0.269
   369.779   289.270   480.000     2.631     0.000     0.269
   370.379   289.744   481.000     2.636     0.000     0.267
   370.980   290.218   482.000     2.642     0.000     0.267
   371.582   290.693   483.000     2.648     0.000     0.267
   372.183   291.168   484.000     2.653     0.000     0.267
   372.786   291.643   485.000     2.659     0.000     0.267
   373.388   292.118   486.000     2.664     0.000     0.265
   373.991   292.594   487.000     2.670     0.000     0.265
   374.594   293.070   488.000     2.675     0.000     0.265
   375.198   293.546   489.000     2.681     0.000     0.265
   375.802   294.022   490.000     2.686     0.000     0.265
   376.406   294.499   491.000     2.692     0.000     0.263
   377.011   294.976   492.000     2.697     0.000     0.263
   377.616   295.453   493.000     2.703     0.000     0.263
   378.221   295.930   494.000     2.708     0.000     0.263
   378.827   296.408   495.000     2.714     0.000     0.263
   379.433   296.886   496.000     2.719     0.000     0.261
   380.039   297.364   497.000     2.725     0.000     0.261
   380.646   297.842   498.000     2.730     0.000     0.261
   381.253   298.321   499.000     2.736     0.000     0.261
   381.860   298.800   500.000     2.742     0.000     0.261
   382.074   298.969   500.352     2.743     0.000     0.259
