****************************************************************************************************
----------------------------------------------------------------------------------------------------
Ambient Table:
     Depth   Amb-cur   Amb-dir   Amb-sal   Amb-tem   Amb-pol     Decay   Far-spd   Far-dir   Disprsn
       (m)     (m/s)     (deg)     (psu)       (C)    (mg/L)   (1/day)     (m/s)     (deg)(m0.67/s2)
     0.000     0.020    90.000    30.900    11.200     0.000     0.000     0.020    90.000   0.00030
     3.000     0.020    90.000    31.200    10.400     0.000     0.000     0.020    90.000   0.00030
     6.000     0.020    90.000    31.200     9.690     0.000     0.000     0.020    90.000   0.00030
     9.000     0.020    90.000    31.700     9.440     0.000     0.000     0.020    90.000   0.00030
    12.000     0.020    90.000    31.800     9.340     0.000     0.000     0.020    90.000   0.00030
    15.000     0.050    90.000    31.900     9.220     0.000     0.000     0.020    90.000   0.00030
----------------------------------------------------------------------------------------------------
Diffuser Table:
     P-dia    P-elev   V-angle   H-angle     Ports   Spacing   AcuteMZ   ChrncMZ   P-depth   Ttl-flo   Eff-sal      Temp   Polutnt
       (m)       (m)     (deg)     (deg)       ( )       (m)       (m)       (m)       (m)     (cms)     (psu)       (C)    (mg/L)
      0.22     15.00    -45.00     90.00      1.00      0.00     20.70    207.00      2.00      0.01     35.00     10.00 100000.00
----------------------------------------------------------------------------------------------------
Simulation Results:
              Dilutn     P-dia    x-posn    y-posn     Depth    CL-Dil  Amb-Curr    P-Temp     P-Sal    P-Con.     P-Den   Net-Dil      Time
      Step (FluxAvg)       (m)       (m)       (m)       (m)        ()     (m/s)       (C)     (psu)    (mg/L)   (kg/m3)        ()       (s)
         1     1.020     0.174     0.000     0.006    -2.006     1.000     0.020    10.013    34.924 98033.309  1026.912     1.020     0.043
         2     1.041     0.177     0.000     0.013    -2.013     1.000     0.020    10.026    34.849 96105.410  1026.852     1.041     0.086
         3     1.061     0.180     0.000     0.019    -2.019     1.000     0.020    10.038    34.775 94215.536  1026.792     1.061     0.129
         4     1.083     0.183     0.000     0.025    -2.026     1.000     0.020    10.051    34.703 92362.931  1026.734     1.083     0.174
         5     1.104     0.186     0.000     0.032    -2.032     1.000     0.020    10.063    34.632 90546.858  1026.677     1.104     0.220
         6     1.127     0.189     0.000     0.038    -2.039     1.000     0.020    10.074    34.563 88766.591  1026.621     1.127     0.267
         7     1.149     0.192     0.000     0.045    -2.046     1.000     0.020    10.086    34.495 87021.421  1026.566     1.149     0.316
         8     1.172     0.195     0.000     0.052    -2.053     1.000     0.020    10.097    34.429 85310.652  1026.512     1.172     0.367
         9     1.196     0.199     0.000     0.059    -2.060     1.000     0.020    10.108    34.364 83633.603  1026.460     1.196     0.419
        10     1.220     0.202     0.000     0.065    -2.068     1.000     0.020    10.119    34.300 81989.606  1026.408     1.220     0.473
        11     1.244     0.205     0.000     0.072    -2.075     1.000     0.020    10.129    34.237 80378.006  1026.358     1.244     0.528
        12     1.269     0.209     0.000     0.080    -2.083     1.000     0.020    10.139    34.176 78798.161  1026.308     1.269     0.585
        13     1.295     0.212     0.000     0.087    -2.091     1.000     0.020    10.149    34.116 77249.443  1026.259     1.295     0.644
        14     1.320     0.216     0.000     0.094    -2.099     1.000     0.020    10.159    34.057 75731.235  1026.212     1.320     0.705
        15     1.347     0.219     0.000     0.101    -2.107     1.000     0.020    10.168    33.999 74242.934  1026.165     1.347     0.767
        16     1.374     0.223     0.000     0.109    -2.115     1.000     0.020    10.178    33.942 72783.949  1026.120     1.374     0.831
        17     1.401     0.226     0.000     0.116    -2.123     1.000     0.020    10.187    33.887 71353.698  1026.075     1.401     0.897
        18     1.430     0.230     0.000     0.124    -2.132     1.000     0.020    10.195    33.832 69951.614  1026.031     1.430     0.965
        19     1.458     0.234     0.000     0.132    -2.141     1.000     0.020    10.204    33.779 68577.140  1025.988     1.458     1.035
        20     1.487     0.238     0.000     0.140    -2.150     1.000     0.020    10.212    33.727 67229.729  1025.946     1.487     1.106
        21     1.517     0.241     0.000     0.148    -2.159     1.000     0.020    10.221    33.675 65908.847  1025.904     1.517     1.180
        22     1.548     0.245     0.000     0.156    -2.168     1.000     0.020    10.229    33.625 64613.969  1025.864     1.548     1.256
        23     1.579     0.249     0.000     0.164    -2.178     1.000     0.020    10.236    33.576 63344.581  1025.824     1.579     1.334
        24     1.610     0.253     0.000     0.172    -2.188     1.000     0.020    10.244    33.528 62100.179  1025.786     1.610     1.414
        25     1.643     0.257     0.000     0.180    -2.197     1.000     0.020    10.251    33.481 60880.271  1025.747     1.643     1.496
        26     1.675     0.261     0.000     0.189    -2.207     1.000     0.020    10.258    33.434 59684.371  1025.710     1.675     1.581
        27     1.709     0.265     0.000     0.197    -2.218     1.000     0.020    10.265    33.389 58512.006  1025.674     1.709     1.667
        28     1.743     0.269     0.000     0.206    -2.228     1.000     0.020    10.272    33.344 57362.711  1025.638     1.743     1.755
        29     1.778     0.273     0.000     0.214    -2.239     1.000     0.020    10.279    33.301 56236.031  1025.603     1.778     1.846
        30     1.814     0.277     0.000     0.223    -2.249     1.000     0.020    10.285    33.258 55131.518  1025.569     1.814     1.939
        31     1.850     0.281     0.000     0.231    -2.260     1.000     0.020    10.291    33.216 54048.735  1025.535     1.850     2.034
        32     1.887     0.285     0.000     0.240    -2.272     1.000     0.020    10.297    33.175 52987.254  1025.502     1.887     2.131
        33     1.925     0.290     0.000     0.249    -2.283     1.000     0.020    10.303    33.135 51946.654  1025.470     1.925     2.230
        34     1.964     0.294     0.000     0.258    -2.294     1.000     0.020    10.309    33.096 50926.522  1025.438     1.964     2.332
        35     2.003     0.298     0.000     0.267    -2.306     1.001     0.020    10.315    33.057 49926.456  1025.407     2.003     2.436
        36     2.043     0.303     0.000     0.276    -2.318     1.022     0.020    10.320    33.019 48946.058  1025.377     2.043     2.542
        37     2.084     0.307     0.000     0.285    -2.330     1.042     0.020    10.325    32.982 47984.941  1025.347     2.084     2.651
        38     2.126     0.312     0.000     0.294    -2.342     1.063     0.020    10.330    32.946 47042.726  1025.318     2.126     2.761
        39     2.168     0.316     0.000     0.303    -2.355     1.084     0.020    10.335    32.910 46119.038  1025.290     2.168     2.875
        40     2.212     0.321     0.000     0.313    -2.367     1.106     0.020    10.340    32.876 45213.513  1025.262     2.212     2.990
        41     2.256     0.326     0.000     0.322    -2.380     1.128     0.020    10.344    32.842 44325.792  1025.234     2.256     3.108
        42     2.301     0.330     0.000     0.331    -2.393     1.151     0.020    10.349    32.808 43455.525  1025.208     2.301     3.229
        43     2.347     0.335     0.000     0.341    -2.407     1.174     0.020    10.353    32.775 42602.368  1025.181     2.347     3.352
        44     2.394     0.340     0.000     0.350    -2.420     1.197     0.020    10.357    32.743 41765.982  1025.156     2.394     3.477
        45     2.442     0.345     0.000     0.360    -2.434     1.221     0.020    10.361    32.712 40946.038  1025.131     2.442     3.605
        46     2.491     0.349     0.000     0.369    -2.447     1.246     0.020    10.365    32.681 40142.212  1025.106     2.491     3.736
        47     2.541     0.354     0.000     0.379    -2.461     1.271     0.020    10.368    32.651 39354.186  1025.082     2.541     3.869
        48     2.592     0.359     0.000     0.388    -2.476     1.296     0.020    10.372    32.621 38581.648  1025.058     2.592     4.004
        49     2.644     0.364     0.000     0.398    -2.490     1.322     0.020    10.375    32.592 37824.294  1025.035     2.644     4.143
        50     2.697     0.370     0.000     0.408    -2.505     1.348     0.020    10.379    32.564 37081.824  1025.013     2.697     4.283
        51     2.751     0.375     0.000     0.418    -2.520     1.375     0.020    10.382    32.536 36353.946  1024.991     2.751     4.427
        52     2.806     0.380     0.000     0.428    -2.535     1.403     0.020    10.385    32.509 35640.371  1024.969     2.806     4.573
        53     2.862     0.385     0.000     0.437    -2.550     1.431     0.020    10.387    32.483 34940.818  1024.948     2.862     4.722
        54     2.919     0.390     0.000     0.447    -2.565     1.460     0.020    10.390    32.457 34255.012  1024.927     2.919     4.874
        55     2.978     0.396     0.000     0.457    -2.581     1.489     0.020    10.393    32.431 33582.680  1024.907     2.978     5.029
        56     3.037     0.401     0.000     0.467    -2.597     1.519     0.020    10.395    32.406 32923.559  1024.887     3.037     5.186
        57     3.098     0.407     0.000     0.477    -2.613     1.549     0.020    10.397    32.382 32277.388  1024.868     3.098     5.346
        58     3.160     0.412     0.000     0.488    -2.629     1.580     0.020    10.399    32.358 31643.911  1024.849     3.160     5.509
        59     3.223     0.418     0.000     0.498    -2.646     1.612     0.020    10.402    32.334 31022.880  1024.830     3.223     5.675
        60     3.288     0.424     0.000     0.508    -2.662     1.644     0.020    10.403    32.311 30414.049  1024.812     3.288     5.844
        61     3.354     0.429     0.000     0.518    -2.679     1.677     0.020    10.405    32.289 29817.177  1024.794     3.354     6.016
        62     3.421     0.435     0.000     0.528    -2.696     1.710     0.020    10.407    32.267 29232.031  1024.777     3.421     6.191
        63     3.489     0.441     0.000     0.539    -2.714     1.745     0.020    10.408    32.245 28658.378  1024.760     3.489     6.369
        64     3.559     0.447     0.000     0.549    -2.731     1.780     0.020    10.410    32.224 28095.993  1024.743     3.559     6.550
        65     3.630     0.453     0.000     0.560    -2.749     1.815     0.020    10.411    32.203 27544.654  1024.727     3.630     6.735
        66     3.703     0.459     0.000     0.570    -2.767     1.852     0.020    10.412    32.183 27004.143  1024.711     3.703     6.922
        67     3.777     0.465     0.000     0.581    -2.785     1.889     0.020    10.413    32.163 26474.248  1024.695     3.777     7.113
        68     3.853     0.472     0.000     0.591    -2.804     1.926     0.020    10.414    32.144 25954.760  1024.680     3.853     7.307
        69     3.930     0.478     0.000     0.602    -2.822     1.965     0.020    10.415    32.125 25445.474  1024.665     3.930     7.504
        70     4.009     0.484     0.000     0.612    -2.841     2.004     0.020    10.416    32.107 24946.190  1024.651     4.009     7.705
        71     4.089     0.491     0.000     0.623    -2.860     2.044     0.020    10.417    32.088 24456.710  1024.637     4.089     7.909
        72     4.171     0.497     0.000     0.634    -2.880     2.085     0.020    10.417    32.071 23976.842  1024.623     4.171     8.116
        73     4.254     0.504     0.000     0.645    -2.899     2.127     0.020    10.417    32.053 23506.397  1024.609     4.254     8.327
        74     4.339     0.511     0.000     0.656    -2.919     2.170     0.020    10.418    32.036 23045.190  1024.596     4.339     8.542
        75     4.426     0.517     0.000     0.666    -2.939     2.213     0.020    10.418    32.020 22593.038  1024.583     4.426     8.760
        76     4.515     0.524     0.000     0.677    -2.959     2.257     0.020    10.418    32.004 22149.764  1024.570     4.515     8.982
        77     4.605     0.531     0.000     0.688    -2.980     2.303     0.020    10.418    31.988 21715.194  1024.558     4.605     9.207
        78     4.697     0.538     0.000     0.699    -3.000     2.349     0.020    10.418    31.972 21289.155  1024.546     4.697     9.436
        79     4.791     0.545     0.000     0.711    -3.021     2.396     0.020    10.418    31.957 20871.481  1024.534     4.791     9.669
        80     4.887     0.553     0.000     0.722    -3.043     2.444     0.020    10.417    31.942 20462.007  1024.523     4.887     9.906
        81     4.985     0.560     0.000     0.733    -3.064     2.492     0.020    10.417    31.928 20060.572  1024.511     4.985    10.147
        82     5.085     0.567     0.000     0.744    -3.086     2.542     0.020    10.416    31.913 19667.016  1024.500     5.085    10.392
        83     5.186     0.575     0.000     0.756    -3.108     2.593     0.020    10.416    31.899 19281.185  1024.490     5.186    10.641
        84     5.290     0.583     0.000     0.767    -3.130     2.645     0.020    10.415    31.886 18902.929  1024.479     5.290    10.894
        85     5.396     0.590     0.000     0.779    -3.152     2.698     0.020    10.414    31.872 18532.096  1024.469     5.396    11.151
        86     5.504     0.598     0.000     0.790    -3.175     2.752     0.020    10.413    31.859 18168.543  1024.459     5.504    11.412
        87     5.614     0.606     0.000     0.802    -3.198     2.807     0.020    10.412    31.846 17812.125  1024.449     5.614    11.678
        88     5.726     0.614     0.000     0.813    -3.221     2.863     0.020    10.411    31.833 17462.703  1024.439     5.726    11.948
        89     5.841     0.622     0.000     0.825    -3.245     2.921     0.020    10.410    31.821 17120.139  1024.430     5.841    12.222
        90     5.958     0.630     0.000     0.837    -3.268     2.979     0.020    10.409    31.809 16784.298  1024.420     5.958    12.501
        91     6.077     0.638     0.000     0.849    -3.292     3.039     0.020    10.408    31.797 16455.049  1024.411     6.077    12.784
        92     6.199     0.647     0.000     0.861    -3.317     3.099     0.020    10.406    31.785 16132.261  1024.403     6.199    13.072
        93     6.323     0.655     0.000     0.873    -3.341     3.161     0.020    10.405    31.774 15815.809  1024.394     6.323    13.364
        94     6.449     0.664     0.000     0.885    -3.366     3.225     0.020    10.403    31.762 15505.566  1024.385     6.449    13.661
        95     6.578     0.672     0.000     0.897    -3.391     3.289     0.020    10.402    31.751 15201.413  1024.377     6.578    13.963
        96     6.710     0.681     0.000     0.909    -3.416     3.355     0.020    10.400    31.741 14903.228  1024.369     6.710    14.270
        97     6.844     0.690     0.000     0.921    -3.442     3.422     0.020    10.398    31.730 14610.894  1024.361     6.844    14.582
        98     6.981     0.699     0.000     0.934    -3.467     3.491     0.020    10.396    31.720 14324.298  1024.353     6.981    14.898
        99     7.121     0.708     0.000     0.946    -3.494     3.560     0.020    10.394    31.709 14043.325  1024.346     7.121    15.220
       100     7.263     0.717     0.000     0.959    -3.520     3.632     0.020    10.392    31.699 13767.866  1024.338     7.263    15.547
       101     7.409     0.727     0.000     0.971    -3.547     3.704     0.020    10.390    31.690 13497.812  1024.331     7.409    15.879
       102     7.557     0.736     0.000     0.984    -3.573     3.778     0.020    10.388    31.680 13233.058  1024.324     7.557    16.216
       103     7.708     0.746     0.000     0.997    -3.601     3.854     0.020    10.385    31.671 12973.498  1024.317     7.708    16.558
       104     7.862     0.755     0.000     1.009    -3.628     3.931     0.020    10.383    31.661 12719.032  1024.310     7.862    16.906
       105     8.020     0.765     0.000     1.022    -3.656     4.010     0.020    10.381    31.652 12469.558  1024.304     8.020    17.260
       106     8.180     0.775     0.000     1.035    -3.684     4.090     0.020    10.378    31.644 12224.980  1024.297     8.180    17.619
       107     8.344     0.785     0.000     1.048    -3.712     4.172     0.020    10.375    31.635 11985.201  1024.291     8.344    17.984
       108     8.511     0.796     0.000     1.062    -3.741     4.255     0.020    10.373    31.626 11750.126  1024.285     8.511    18.354
       109     8.681     0.806     0.000     1.075    -3.770     4.340     0.020    10.370    31.618 11519.663  1024.279     8.681    18.731
       110     8.854     0.816     0.000     1.088    -3.799     4.427     0.020    10.367    31.610 11293.723  1024.273     8.854    19.113
       111     9.032     0.827     0.000     1.102    -3.829     4.516     0.020    10.364    31.602 11072.215  1024.267     9.032    19.502
       112     9.212     0.838     0.000     1.115    -3.858     4.606     0.020    10.361    31.594 10855.053  1024.261     9.212    19.896
       113     9.397     0.849     0.000     1.129    -3.888     4.698     0.020    10.358    31.586 10642.152  1024.256     9.397    20.297
       114     9.585     0.860     0.000     1.143    -3.919     4.792     0.020    10.355    31.579 10433.428  1024.251     9.585    20.704
       115     9.776     0.871     0.000     1.157    -3.950     4.888     0.020    10.352    31.571 10228.799  1024.245     9.776    21.117
       116     9.972     0.883     0.000     1.171    -3.981     4.986     0.020    10.348    31.564 10028.184  1024.240     9.972    21.537
       117    10.171     0.894     0.000     1.185    -4.012     5.086     0.020    10.345    31.557  9831.505  1024.235    10.171    21.964
       118    10.375     0.906     0.000     1.199    -4.044     5.187     0.020    10.342    31.550  9638.685  1024.230    10.375    22.397
       119    10.582     0.918     0.000     1.213    -4.075     5.291     0.020    10.338    31.543  9449.647  1024.226    10.582    22.838
       120    10.794     0.930     0.000     1.228    -4.108     5.397     0.020    10.334    31.536  9264.319  1024.221    10.794    23.285
       121    11.010     0.942     0.000     1.242    -4.140     5.505     0.020    10.331    31.530  9082.625  1024.217    11.010    23.739
       122    11.230     0.954     0.000     1.257    -4.173     5.615     0.020    10.327    31.523  8904.496  1024.212    11.230    24.200
       123    11.455     0.967     0.000     1.272    -4.206     5.727     0.020    10.323    31.517  8729.862  1024.208    11.455    24.669
       124    11.684     0.979     0.000     1.287    -4.240     5.842     0.020    10.319    31.511  8558.653  1024.204    11.684    25.145
       125    11.918     0.992     0.000     1.302    -4.274     5.959     0.020    10.315    31.504  8390.803  1024.200    11.918    25.629
       126    12.156     1.005     0.000     1.317    -4.308     6.078     0.020    10.311    31.498  8226.246  1024.196    12.156    26.121
       127    12.399     1.019     0.000     1.332    -4.342     6.200     0.020    10.307    31.493  8064.917  1024.192    12.399    26.620
       128    12.647     1.032     0.000     1.348    -4.377     6.324     0.020    10.303    31.487  7906.752  1024.188    12.647    27.127
       129    12.900     1.046     0.000     1.364    -4.412     6.450     0.020    10.298    31.481  7751.690  1024.184    12.900    27.642
       130    13.158     1.060     0.000     1.379    -4.448     6.579     0.020    10.294    31.476  7599.670  1024.181    13.158    28.166
       131    13.422     1.074     0.000     1.395    -4.484     6.711     0.020    10.289    31.470  7450.632  1024.177    13.422    28.698
       132    13.690     1.088     0.000     1.411    -4.520     6.845     0.020    10.285    31.465  7304.517  1024.174    13.690    29.238
       133    13.964     1.102     0.000     1.427    -4.556     6.982     0.020    10.280    31.460  7161.268  1024.171    13.964    29.787
       134    14.243     1.117     0.000     1.444    -4.593     7.122     0.020    10.275    31.455  7020.829  1024.168    14.243    30.345
       135    14.528     1.132     0.000     1.460    -4.630     7.264     0.020    10.271    31.450  6883.145  1024.164    14.528    30.912
       136    14.819     1.147     0.000     1.477    -4.667     7.409     0.020    10.266    31.445  6748.162  1024.162    14.819    31.488
       137    15.115     1.163     0.000     1.494    -4.705     7.558     0.020    10.261    31.440  6615.826  1024.159    15.115    32.073
       138    15.418     1.178     0.000     1.511    -4.743     7.709     0.020    10.256    31.435  6486.086  1024.156    15.418    32.667
       139    15.726     1.194     0.000     1.528    -4.782     7.863     0.020    10.251    31.431  6358.891  1024.153    15.726    33.272
       140    16.041     1.210     0.000     1.545    -4.821     8.020     0.020    10.246    31.426  6234.191  1024.150    16.041    33.886
       141    16.361     1.227     0.000     1.563    -4.860     8.181     0.020    10.240    31.422  6111.936  1024.148    16.361    34.510
       142    16.689     1.243     0.000     1.581    -4.899     8.344     0.020    10.235    31.417  5992.080  1024.145    16.689    35.144
       143    17.023     1.260     0.000     1.599    -4.939     8.511     0.020    10.230    31.413  5874.574  1024.143    17.023    35.789
       144    17.363     1.277     0.000     1.617    -4.979     8.682     0.020    10.224    31.409  5759.373  1024.141    17.363    36.444
       145    17.710     1.295     0.000     1.635    -5.020     8.855     0.020    10.219    31.405  5646.432  1024.138    17.710    37.110
       146    18.065     1.313     0.000     1.654    -5.061     9.032     0.020    10.213    31.401  5535.706  1024.136    18.065    37.787
       147    18.426     1.331     0.000     1.672    -5.102     9.213     0.020    10.207    31.397  5427.151  1024.134    18.426    38.475
       148    18.794     1.349     0.000     1.691    -5.143     9.397     0.020    10.202    31.393  5320.726  1024.132    18.794    39.174
       149    19.170     1.368     0.000     1.710    -5.185     9.585     0.020    10.196    31.389  5216.388  1024.130    19.170    39.885
       150    19.554     1.386     0.000     1.730    -5.227     9.777     0.020    10.190    31.386  5114.096  1024.128    19.554    40.608
       151    19.945     1.406     0.000     1.749    -5.270     9.972     0.020    10.184    31.382  5013.811  1024.126    19.945    41.343
       152    20.344     1.425     0.000     1.769    -5.313    10.172     0.020    10.178    31.378  4915.492  1024.124    20.344    42.090
       153    20.751     1.445     0.000     1.789    -5.356    10.375     0.020    10.171    31.375  4819.102  1024.123    20.751    42.850
       154    21.166     1.466     0.000     1.809    -5.400    10.583     0.020    10.165    31.371  4724.603  1024.121    21.166    43.623
       155    21.589     1.486     0.000     1.830    -5.444    10.795     0.020    10.159    31.368  4631.956  1024.120    21.589    44.408
       156    22.021     1.507     0.000     1.851    -5.488    11.010     0.020    10.152    31.365  4541.127  1024.118    22.021    45.207
       157    22.461     1.529     0.000     1.872    -5.532    11.231     0.020    10.146    31.362  4452.079  1024.117    22.461    46.020
       158    22.911     1.551     0.000     1.893    -5.577    11.455     0.020    10.139    31.358  4364.777  1024.115    22.911    46.846
       159    23.369     1.573     0.000     1.915    -5.622    11.684     0.020    10.133    31.355  4279.188  1024.114    23.369    47.686
       160    23.836     1.595     0.000     1.937    -5.668    11.918     0.020    10.126    31.352  4195.277  1024.113    23.836    48.541
       161    24.313     1.619     0.000     1.959    -5.714    12.157     0.020    10.119    31.349  4113.012  1024.111    24.313    49.411
       162    24.799     1.642     0.000     1.981    -5.760    12.400     0.020    10.112    31.346  4032.360  1024.110    24.799    50.295
       163    25.295     1.666     0.000     2.004    -5.806    12.648     0.020    10.105    31.343  3953.290  1024.109    25.295    51.195
       164    25.801     1.691     0.000     2.027    -5.853    12.901     0.020    10.098    31.341  3875.771  1024.108    25.801    52.111
       165    26.317     1.715     0.000     2.050    -5.900    13.159     0.020    10.091    31.338  3799.772  1024.107    26.317    53.042
       166    26.844     1.741     0.000     2.074    -5.948    13.422     0.020    10.084    31.335  3725.263  1024.106    26.844    53.990
       167    27.381     1.767     0.000     2.098    -5.995    13.690     0.020    10.077    31.333  3652.215  1024.105    27.381    54.955
       168    27.928     1.793     0.000     2.122    -6.043    13.964     0.020    10.069    31.330  3580.601  1024.105    27.928    55.937
       169    28.487     1.820     0.000     2.147    -6.091    14.243     0.020    10.062    31.327  3510.390  1024.104    28.487    56.935
       170    29.057     1.848     0.000     2.172    -6.140    14.528     0.020    10.055    31.325  3441.557  1024.103    29.057    57.952
       171    29.638     1.877     0.000     2.197    -6.188    14.819     0.020    10.047    31.323  3374.074  1024.103    29.638    58.988
       172    30.231     1.907     0.000     2.223    -6.237    15.115     0.020    10.040    31.321  3307.914  1024.102    30.231    60.041
       173    30.835     1.939     0.000     2.249    -6.285    15.418     0.020    10.033    31.319  3243.053  1024.102    30.835    61.111
       174    31.452     1.973     0.000     2.275    -6.334    15.726     0.020    10.026    31.318  3179.463  1024.102    31.452    62.198
---------------------------- Plume traps -----------------------------
------------------------- merging happened ---------------------------
       175    32.081     2.008     0.000     2.302    -6.382    16.040     0.020    10.019    31.316  3117.121  1024.102    32.081    63.304
       176    32.688     2.044     0.000     2.328    -6.427    16.344     0.020    10.012    31.315  3059.250  1024.102    32.688    64.367
       177    33.246     2.079     0.000     2.351    -6.468    16.623     0.020    10.006    31.314  3007.853  1024.103    33.246    65.338
       178    33.761     2.112     0.000     2.372    -6.504    16.881     0.020    10.001    31.314  2961.986  1024.103    33.761    66.223
       179    34.237     2.143     0.000     2.391    -6.537    17.119     0.020     9.996    31.313  2920.799  1024.104    34.237    67.036
       180    34.683     2.174     0.000     2.409    -6.567    17.341     0.020     9.992    31.313  2883.272  1024.104    34.683    67.792
       181    35.103     2.203     0.000     2.426    -6.594    17.552     0.020     9.987    31.312  2848.759  1024.104    35.103    68.502
       182    35.502     2.231     0.000     2.442    -6.620    17.751     0.020     9.984    31.312  2816.729  1024.105    35.502    69.172
       183    35.883     2.258     0.000     2.457    -6.643    17.942     0.020     9.980    31.312  2786.821  1024.105    35.883    69.809
       184    36.248     2.285     0.000     2.472    -6.666    18.124     0.020     9.976    31.312  2758.742  1024.106    36.248    70.417
       185    36.600     2.311     0.000     2.485    -6.687    18.300     0.020     9.973    31.312  2732.270  1024.106    36.600    70.999
       186    36.938     2.336     0.000     2.499    -6.706    18.469     0.020     9.970    31.312  2707.217  1024.107    36.938    71.557
       187    37.266     2.361     0.000     2.511    -6.725    18.633     0.020     9.967    31.312  2683.433  1024.107    37.266    72.094
       188    37.583     2.386     0.000     2.523    -6.743    18.791     0.020     9.964    31.312  2660.787  1024.108    37.583    72.611
       189    37.891     2.410     0.000     2.535    -6.760    18.945     0.020     9.962    31.312  2639.170  1024.108    37.891    73.110
       190    38.190     2.433     0.000     2.547    -6.776    19.095     0.020     9.959    31.312  2618.487  1024.109    38.190    73.593
       191    38.481     2.457     0.000     2.557    -6.791    19.241     0.020     9.956    31.312  2598.656  1024.109    38.481    74.059
       192    38.766     2.480     0.000     2.568    -6.805    19.383     0.020     9.954    31.312  2579.604  1024.110    38.766    74.512
       193    39.043     2.502     0.000     2.578    -6.819    19.522     0.020     9.952    31.313  2561.268  1024.110    39.043    74.951
       194    39.303     2.524     0.000     2.588    -6.832    19.651     0.020     9.950    31.313  2544.357  1024.111    39.303    75.378
       195    39.552     2.545     0.000     2.598    -6.845    19.776     0.020     9.947    31.313  2528.328  1024.111    39.552    75.800
       196    39.788     2.566     0.000     2.608    -6.858    19.894     0.020     9.945    31.313  2513.339  1024.112    39.788    76.216
       197    40.014     2.586     0.000     2.617    -6.870    20.007     0.020     9.944    31.313  2499.138  1024.112    40.014    76.628
       198    40.229     2.606     0.000     2.627    -6.882    20.114     0.020     9.942    31.313  2485.789  1024.113    40.229    77.034
       199    40.434     2.625     0.000     2.636    -6.893    20.217     0.020     9.940    31.313  2473.171  1024.113    40.434    77.435
       200    40.629     2.644     0.000     2.645    -6.905    20.315     0.020     9.939    31.314  2461.285  1024.113    40.629    77.830
       201    40.815     2.663     0.000     2.655    -6.915    20.408     0.020     9.937    31.314  2450.060  1024.114    40.815    78.219
       202    40.992     2.681     0.000     2.663    -6.926    20.496     0.020     9.936    31.314  2439.471  1024.114    40.992    78.603
       203    41.161     2.699     0.000     2.672    -6.936    20.581     0.020     9.935    31.314  2429.469  1024.114    41.161    78.981
       204    41.322     2.716     0.000     2.681    -6.946    20.661     0.020     9.933    31.314  2420.024  1024.115    41.322    79.353
       205    41.475     2.733     0.000     2.689    -6.956    20.737     0.020     9.932    31.314  2411.097  1024.115    41.475    79.720
       206    41.621     2.750     0.000     2.698    -6.965    20.810     0.020     9.931    31.315  2402.657  1024.115    41.621    80.081
       207    41.759     2.766     0.000     2.706    -6.974    20.880     0.020     9.930    31.315  2394.673  1024.116    41.759    80.436
       208    41.892     2.782     0.000     2.714    -6.983    20.946     0.020     9.929    31.315  2387.117  1024.116    41.892    80.786
       209    42.017     2.797     0.000     2.722    -6.991    21.009     0.020     9.928    31.315  2379.961  1024.116    42.017    81.130
       210    42.138     2.813     0.000     2.730    -7.000    21.069     0.020     9.927    31.315  2373.181  1024.116    42.138    81.469
       211    42.252     2.828     0.000     2.738    -7.008    21.126     0.020     9.926    31.315  2366.752  1024.117    42.252    81.802
       212    42.361     2.843     0.000     2.745    -7.015    21.181     0.020     9.925    31.315  2360.653  1024.117    42.361    82.129
       213    42.465     2.857     0.000     2.753    -7.023    21.233     0.020     9.925    31.316  2354.863  1024.117    42.465    82.452
       214    42.565     2.871     0.000     2.760    -7.030    21.282     0.020     9.924    31.316  2349.363  1024.117    42.565    82.770
       215    42.660     2.885     0.000     2.767    -7.037    21.330     0.020     9.923    31.316  2344.134  1024.118    42.660    83.082
       216    42.750     2.899     0.000     2.774    -7.044    21.375     0.020     9.922    31.316  2339.161  1024.118    42.750    83.389
       217    42.837     2.912     0.000     2.781    -7.051    21.419     0.020     9.922    31.316  2334.427  1024.118    42.837    83.692
       218    42.920     2.925     0.000     2.788    -7.057    21.460     0.020     9.921    31.316  2329.919  1024.118    42.920    83.990
       219    42.999     2.938     0.000     2.795    -7.064    21.500     0.020     9.921    31.316  2325.621  1024.118    42.999    84.283
       220    43.075     2.951     0.000     2.802    -7.070    21.538     0.020     9.920    31.316  2321.523  1024.118    43.075    84.572
       221    43.148     2.964     0.000     2.808    -7.076    21.574     0.020     9.919    31.316  2317.612  1024.119    43.148    84.856
       222    43.218     2.976     0.000     2.815    -7.081    21.609     0.020     9.919    31.317  2313.877  1024.119    43.218    85.136
       223    43.284     2.988     0.000     2.821    -7.087    21.642     0.020     9.918    31.317  2310.308  1024.119    43.284    85.412
       224    43.348     3.000     0.000     2.827    -7.092    21.674     0.020     9.918    31.317  2306.895  1024.119    43.348    85.684
       225    43.410     3.012     0.000     2.833    -7.098    21.705     0.020     9.918    31.317  2303.630  1024.119    43.410    85.951
       226    43.469     3.023     0.000     2.840    -7.103    21.734     0.020     9.917    31.317  2300.504  1024.119    43.469    86.215
       227    43.525     3.034     0.000     2.846    -7.108    21.763     0.020     9.917    31.317  2297.510  1024.120    43.525    86.475
       228    43.580     3.046     0.000     2.851    -7.113    21.790     0.020     9.916    31.317  2294.640  1024.120    43.580    86.732
       229    43.632     3.057     0.000     2.857    -7.117    21.816     0.020     9.916    31.317  2291.887  1024.120    43.632    86.984
       230    43.683     3.067     0.000     2.863    -7.122    21.841     0.020     9.916    31.317  2289.246  1024.120    43.683    87.234
       231    43.731     3.078     0.000     2.869    -7.126    21.865     0.020     9.915    31.317  2286.710  1024.120    43.731    87.480
       232    43.778     3.089     0.000     2.874    -7.130    21.889     0.020     9.915    31.317  2284.274  1024.120    43.778    87.722
       233    43.822     3.099     0.000     2.880    -7.135    21.911     0.020     9.915    31.317  2281.933  1024.120    43.822    87.961
       234    43.866     3.109     0.000     2.885    -7.139    21.933     0.020     9.914    31.318  2279.682  1024.120    43.866    88.198
       235    43.907     3.119     0.000     2.891    -7.143    21.954     0.020     9.914    31.318  2277.516  1024.120    43.907    88.431
       236    43.948     3.129     0.000     2.896    -7.146    21.974     0.020     9.914    31.318  2275.431  1024.121    43.948    88.661
       237    43.987     3.138     0.000     2.901    -7.150    21.993     0.020     9.913    31.318  2273.423  1024.121    43.987    88.888
       238    44.024     3.148     0.000     2.906    -7.154    22.012     0.020     9.913    31.318  2271.489  1024.121    44.024    89.113
       239    44.060     3.157     0.000     2.911    -7.157    22.030     0.020     9.913    31.318  2269.624  1024.121    44.060    89.334
       240    44.095     3.167     0.000     2.916    -7.161    22.048     0.020     9.913    31.318  2267.827  1024.121    44.095    89.553
       241    44.129     3.176     0.000     2.921    -7.164    22.064     0.020     9.912    31.318  2266.093  1024.121    44.129    89.770
       242    44.161     3.185     0.000     2.926    -7.167    22.081     0.020     9.912    31.318  2264.419  1024.121    44.161    89.984
       243    44.193     3.193     0.000     2.931    -7.171    22.096     0.020     9.912    31.318  2262.803  1024.121    44.193    90.195
       244    44.223     3.202     0.000     2.936    -7.174    22.112     0.020     9.912    31.318  2261.243  1024.121    44.223    90.404
       245    44.253     3.211     0.000     2.941    -7.177    22.126     0.020     9.911    31.318  2259.736  1024.121    44.253    90.611
       246    44.282     3.219     0.000     2.945    -7.180    22.141     0.020     9.911    31.318  2258.279  1024.121    44.282    90.816
       247    44.309     3.227     0.000     2.950    -7.182    22.155     0.020     9.911    31.318  2256.871  1024.121    44.309    91.018
       248    44.336     3.236     0.000     2.955    -7.185    22.168     0.020     9.911    31.318  2255.509  1024.122    44.336    91.218
       249    44.362     3.244     0.000     2.959    -7.188    22.181     0.020     9.911    31.318  2254.192  1024.122    44.362    91.416
       250    44.387     3.251     0.000     2.964    -7.191    22.193     0.020     9.910    31.318  2252.917  1024.122    44.387    91.612
       251    44.411     3.259     0.000     2.968    -7.193    22.206     0.020     9.910    31.318  2251.683  1024.122    44.411    91.806
       252    44.435     3.267     0.000     2.973    -7.196    22.217     0.020     9.910    31.319  2250.489  1024.122    44.435    91.999
       253    44.458     3.274     0.000     2.977    -7.198    22.229     0.020     9.910    31.319  2249.332  1024.122    44.458    92.189
       254    44.480     3.282     0.000     2.981    -7.200    22.240     0.020     9.910    31.319  2248.212  1024.122    44.480    92.377
       255    44.501     3.289     0.000     2.986    -7.203    22.251     0.020     9.910    31.319  2247.126  1024.122    44.501    92.564
       256    44.522     3.296     0.000     2.990    -7.205    22.261     0.020     9.909    31.319  2246.075  1024.122    44.522    92.749
       257    44.542     3.303     0.000     2.994    -7.207    22.271     0.020     9.909    31.319  2245.055  1024.122    44.542    92.932
       258    44.562     3.310     0.000     2.998    -7.209    22.281     0.020     9.909    31.319  2244.067  1024.122    44.562    93.114
       259    44.581     3.317     0.000     3.002    -7.211    22.290     0.020     9.909    31.319  2243.109  1024.122    44.581    93.294
       260    44.599     3.324     0.000     3.007    -7.213    22.300     0.020     9.909    31.319  2242.180  1024.122    44.599    93.473
       261    44.617     3.330     0.000     3.011    -7.215    22.309     0.020     9.909    31.319  2241.279  1024.122    44.617    93.650
       262    44.635     3.337     0.000     3.015    -7.217    22.317     0.020     9.909    31.319  2240.406  1024.122    44.635    93.825
       263    44.652     3.343     0.000     3.019    -7.219    22.326     0.020     9.909    31.319  2239.558  1024.122    44.652    93.999
       264    44.668     3.349     0.000     3.023    -7.221    22.334     0.020     9.908    31.319  2238.736  1024.122    44.668    94.172
       265    44.684     3.356     0.000     3.027    -7.223    22.342     0.020     9.908    31.319  2237.938  1024.122    44.684    94.343
       266    44.699     3.362     0.000     3.030    -7.224    22.350     0.020     9.908    31.319  2237.163  1024.122    44.699    94.514
       267    44.714     3.368     0.000     3.034    -7.226    22.357     0.020     9.908    31.319  2236.412  1024.123    44.714    94.682
       268    44.729     3.373     0.000     3.038    -7.228    22.365     0.020     9.908    31.319  2235.683  1024.123    44.729    94.850
       269    44.743     3.379     0.000     3.042    -7.229    22.372     0.020     9.908    31.319  2234.976  1024.123    44.743    95.016
       270    44.757     3.385     0.000     3.046    -7.231    22.378     0.020     9.908    31.319  2234.289  1024.123    44.757    95.181
       271    44.770     3.390     0.000     3.050    -7.232    22.385     0.020     9.908    31.319  2233.623  1024.123    44.770    95.345
       272    44.783     3.396     0.000     3.053    -7.234    22.392     0.020     9.908    31.319  2232.976  1024.123    44.783    95.508
       273    44.796     3.401     0.000     3.057    -7.235    22.398     0.020     9.908    31.319  2232.348  1024.123    44.796    95.670
       274    44.808     3.406     0.000     3.061    -7.237    22.404     0.020     9.907    31.319  2231.739  1024.123    44.808    95.831
       275    44.820     3.411     0.000     3.064    -7.238    22.410     0.020     9.907    31.319  2231.148  1024.123    44.820    95.991
       276    44.831     3.416     0.000     3.068    -7.239    22.416     0.020     9.907    31.319  2230.575  1024.123    44.831    96.149
       277    44.843     3.421     0.000     3.072    -7.241    22.421     0.020     9.907    31.319  2230.019  1024.123    44.843    96.307
       278    44.854     3.426     0.000     3.075    -7.242    22.427     0.020     9.907    31.319  2229.479  1024.123    44.854    96.464
       279    44.864     3.430     0.000     3.079    -7.243    22.432     0.020     9.907    31.319  2228.956  1024.123    44.864    96.620
       280    44.874     3.435     0.000     3.082    -7.244    22.437     0.020     9.907    31.319  2228.448  1024.123    44.874    96.775
       281    44.884     3.439     0.000     3.086    -7.245    22.442     0.020     9.907    31.319  2227.956  1024.123    44.884    96.929
       282    44.894     3.444     0.000     3.089    -7.246    22.447     0.020     9.907    31.319  2227.479  1024.123    44.894    97.083
       283    44.903     3.448     0.000     3.093    -7.247    22.452     0.020     9.907    31.319  2227.017  1024.123    44.903    97.235
       284    44.912     3.452     0.000     3.096    -7.248    22.456     0.020     9.907    31.319  2226.569  1024.123    44.912    97.387
       285    44.921     3.456     0.000     3.100    -7.249    22.460     0.020     9.907    31.319  2226.135  1024.123    44.921    97.538
       286    44.929     3.460     0.000     3.103    -7.250    22.465     0.020     9.907    31.319  2225.714  1024.123    44.929    97.688
       287    44.938     3.464     0.000     3.107    -7.251    22.469     0.020     9.907    31.319  2225.308  1024.123    44.938    97.838
       288    44.946     3.467     0.000     3.110    -7.252    22.473     0.020     9.906    31.319  2224.914  1024.123    44.946    97.986
       289    44.953     3.471     0.000     3.114    -7.253    22.477     0.020     9.906    31.320  2224.533  1024.123    44.953    98.135
       290    44.961     3.475     0.000     3.117    -7.254    22.480     0.020     9.906    31.320  2224.165  1024.123    44.961    98.282
       291    44.968     3.478     0.000     3.120    -7.255    22.484     0.020     9.906    31.320  2223.809  1024.123    44.968    98.429
       292    44.975     3.481     0.000     3.124    -7.256    22.487     0.020     9.906    31.320  2223.465  1024.123    44.975    98.575
       293    44.982     3.485     0.000     3.127    -7.256    22.491     0.020     9.906    31.320  2223.133  1024.123    44.982    98.721
       294    44.988     3.488     0.000     3.130    -7.257    22.494     0.020     9.906    31.320  2222.813  1024.123    44.988    98.866
       295    44.994     3.491     0.000     3.134    -7.258    22.497     0.020     9.906    31.320  2222.504  1024.123    44.994    99.011
       296    45.000     3.494     0.000     3.137    -7.258    22.500     0.020     9.906    31.320  2222.206  1024.123    45.000    99.155
       297    45.006     3.496     0.000     3.140    -7.259    22.503     0.020     9.906    31.320  2221.919  1024.123    45.006    99.298
       298    45.012     3.499     0.000     3.144    -7.260    22.506     0.020     9.906    31.320  2221.644  1024.123    45.012    99.442
       299    45.017     3.502     0.000     3.147    -7.260    22.509     0.020     9.906    31.320  2221.379  1024.123    45.017    99.584
       300    45.022     3.504     0.000     3.150    -7.261    22.511     0.020     9.906    31.320  2221.124  1024.123    45.022    99.726
       301    45.027     3.507     0.000     3.153    -7.262    22.514     0.020     9.906    31.320  2220.880  1024.123    45.027    99.868
       302    45.032     3.509     0.000     3.157    -7.262    22.516     0.020     9.906    31.320  2220.646  1024.123    45.032   100.009
       303    45.036     3.511     0.000     3.160    -7.263    22.518     0.020     9.906    31.320  2220.422  1024.123    45.036   100.150
       304    45.041     3.514     0.000     3.163    -7.263    22.520     0.020     9.906    31.320  2220.208  1024.123    45.041   100.291
       305    45.045     3.516     0.000     3.166    -7.263    22.522     0.020     9.906    31.320  2220.004  1024.123    45.045   100.431
       306    45.049     3.518     0.000     3.170    -7.264    22.524     0.020     9.906    31.320  2219.810  1024.123    45.049   100.571
       307    45.053     3.519     0.000     3.173    -7.264    22.526     0.020     9.906    31.320  2219.625  1024.123    45.053   100.710
       308    45.056     3.521     0.000     3.176    -7.265    22.528     0.020     9.906    31.320  2219.450  1024.123    45.056   100.850
       309    45.060     3.523     0.000     3.179    -7.265    22.530     0.020     9.906    31.320  2219.284  1024.123    45.060   100.989
       310    45.063     3.525     0.000     3.182    -7.265    22.531     0.020     9.906    31.320  2219.127  1024.123    45.063   101.127
       311    45.066     3.526     0.000     3.185    -7.266    22.533     0.020     9.906    31.320  2218.979  1024.123    45.066   101.266
       312    45.069     3.527     0.000     3.189    -7.266    22.534     0.020     9.906    31.320  2218.841  1024.123    45.069   101.404
       313    45.071     3.529     0.000     3.192    -7.266    22.536     0.020     9.906    31.320  2218.711  1024.123    45.071   101.542
       314    45.074     3.530     0.000     3.195    -7.267    22.537     0.020     9.906    31.320  2218.590  1024.123    45.074   101.679
       315    45.076     3.531     0.000     3.198    -7.267    22.538     0.020     9.906    31.320  2218.479  1024.123    45.076   101.817
       316    45.078     3.532     0.000     3.201    -7.267    22.539     0.020     9.905    31.320  2218.375  1024.123    45.078   101.954
       317    45.080     3.533     0.000     3.204    -7.267    22.540     0.020     9.905    31.320  2218.281  1024.123    45.080   102.091
       318    45.082     3.534     0.000     3.208    -7.267    22.541     0.020     9.905    31.320  2218.195  1024.124    45.082   102.229
       319    45.083     3.534     0.000     3.211    -7.267    22.542     0.020     9.905    31.320  2218.118  1024.124    45.083   102.365
       320    45.085     3.535     0.000     3.214    -7.268    22.542     0.020     9.905    31.320  2218.049  1024.124    45.085   102.502
       321    45.086     3.536     0.000     3.217    -7.268    22.543     0.020     9.905    31.320  2217.988  1024.124    45.086   102.639
       322    45.087     3.536     0.000     3.220    -7.268    22.543     0.020     9.905    31.320  2217.936  1024.124    45.087   102.776
       323    45.088     3.536     0.000     3.223    -7.268    22.544     0.020     9.905    31.320  2217.892  1024.124    45.088   102.912
       324    45.089     3.537     0.000     3.226    -7.268    22.544     0.020     9.905    31.320  2217.855  1024.124    45.089   103.049
       325    45.089     3.537     0.000     3.230    -7.268    22.545     0.020     9.905    31.320  2217.824  1024.124    45.089   103.185
---------------------- Local maximum rise or fall --------------------
       326    45.090     3.537     0.000     3.233    -7.268    22.545     0.020     9.905    31.320  2217.800  1024.124    45.090   103.322
       327    45.090     3.537     0.000     3.236    -7.268    22.545     0.020     9.905    31.320  2217.783  1024.124    45.090   103.458
       328    45.090     3.537     0.000     3.239    -7.268    22.545     0.020     9.905    31.320  2217.770  1024.124    45.090   103.595
       329    45.091     3.537     0.000     3.242    -7.268    22.545     0.020     9.905    31.320  2217.756  1024.124    45.091   103.731
       330    45.091     3.536     0.000     3.245    -7.267    22.545     0.020     9.905    31.320  2217.741  1024.124    45.091   103.868
       331    45.091     3.536     0.000     3.248    -7.267    22.546     0.020     9.905    31.320  2217.725  1024.124    45.091   104.005
       332    45.092     3.535     0.000     3.251    -7.267    22.546     0.020     9.905    31.320  2217.706  1024.124    45.092   104.141
       333    45.092     3.535     0.000     3.255    -7.267    22.546     0.020     9.905    31.320  2217.686  1024.124    45.092   104.278
       334    45.092     3.534     0.000     3.258    -7.267    22.546     0.020     9.905    31.320  2217.664  1024.124    45.092   104.415
       335    45.093     3.534     0.000     3.261    -7.267    22.546     0.020     9.905    31.320  2217.640  1024.124    45.093   104.552
       336    45.094     3.533     0.000     3.264    -7.266    22.547     0.020     9.905    31.320  2217.614  1024.124    45.094   104.689
       337    45.094     3.532     0.000     3.267    -7.266    22.547     0.020     9.905    31.320  2217.586  1024.124    45.094   104.827
       338    45.095     3.531     0.000     3.270    -7.266    22.547     0.020     9.905    31.320  2217.556  1024.124    45.095   104.964
       339    45.095     3.530     0.000     3.273    -7.265    22.548     0.020     9.905    31.320  2217.524  1024.124    45.095   105.102
       340    45.096     3.529     0.000     3.277    -7.265    22.548     0.020     9.905    31.320  2217.490  1024.124    45.096   105.240
       341    45.097     3.528     0.000     3.280    -7.265    22.548     0.020     9.905    31.320  2217.453  1024.124    45.097   105.378
       342    45.098     3.526     0.000     3.283    -7.264    22.549     0.020     9.905    31.320  2217.414  1024.124    45.098   105.517
       343    45.098     3.525     0.000     3.286    -7.264    22.549     0.020     9.905    31.320  2217.374  1024.124    45.098   105.656
       344    45.099     3.523     0.000     3.289    -7.264    22.550     0.020     9.905    31.320  2217.330  1024.124    45.099   105.795
       345    45.100     3.522     0.000     3.293    -7.263    22.550     0.020     9.905    31.320  2217.285  1024.124    45.100   105.934
       346    45.101     3.520     0.000     3.296    -7.263    22.551     0.020     9.905    31.320  2217.237  1024.124    45.101   106.074
       347    45.102     3.518     0.000     3.299    -7.262    22.551     0.020     9.905    31.320  2217.187  1024.124    45.102   106.214
       348    45.103     3.517     0.000     3.302    -7.262    22.552     0.020     9.905    31.320  2217.134  1024.124    45.103   106.354
       349    45.104     3.515     0.000     3.305    -7.261    22.552     0.020     9.905    31.320  2217.078  1024.124    45.104   106.495
       350    45.106     3.513     0.000     3.309    -7.261    22.553     0.020     9.905    31.320  2217.020  1024.124    45.106   106.636
       351    45.107     3.511     0.000     3.312    -7.260    22.553     0.020     9.905    31.320  2216.960  1024.124    45.107   106.778
       352    45.108     3.509     0.000     3.315    -7.259    22.554     0.020     9.905    31.320  2216.896  1024.124    45.108   106.920
       353    45.109     3.506     0.000     3.318    -7.259    22.555     0.020     9.905    31.320  2216.830  1024.124    45.109   107.063
       354    45.111     3.504     0.000     3.322    -7.258    22.555     0.020     9.905    31.320  2216.761  1024.124    45.111   107.206
       355    45.112     3.502     0.000     3.325    -7.257    22.556     0.020     9.905    31.320  2216.689  1024.124    45.112   107.349
       356    45.114     3.499     0.000     3.328    -7.257    22.557     0.020     9.905    31.320  2216.613  1024.124    45.114   107.494
       357    45.115     3.497     0.000     3.332    -7.256    22.558     0.020     9.905    31.320  2216.535  1024.124    45.115   107.638
       358    45.117     3.494     0.000     3.335    -7.255    22.559     0.020     9.905    31.320  2216.453  1024.124    45.117   107.784
       359    45.119     3.491     0.000     3.338    -7.254    22.559     0.020     9.905    31.320  2216.368  1024.124    45.119   107.929
       360    45.121     3.488     0.000     3.342    -7.253    22.560     0.020     9.905    31.320  2216.280  1024.124    45.121   108.076
       361    45.123     3.486     0.000     3.345    -7.252    22.561     0.020     9.905    31.320  2216.188  1024.124    45.123   108.223
       362    45.124     3.483     0.000     3.348    -7.252    22.562     0.020     9.905    31.320  2216.093  1024.124    45.124   108.371
       363    45.126     3.479     0.000     3.352    -7.251    22.563     0.020     9.905    31.320  2215.993  1024.124    45.126   108.519
       364    45.129     3.476     0.000     3.355    -7.250    22.564     0.020     9.905    31.320  2215.890  1024.124    45.129   108.669
       365    45.131     3.473     0.000     3.359    -7.249    22.565     0.020     9.905    31.320  2215.783  1024.124    45.131   108.819
       366    45.133     3.470     0.000     3.362    -7.248    22.567     0.020     9.905    31.320  2215.672  1024.124    45.133   108.969
       367    45.135     3.466     0.000     3.366    -7.247    22.568     0.020     9.905    31.320  2215.556  1024.124    45.135   109.121
       368    45.138     3.463     0.000     3.369    -7.246    22.569     0.020     9.905    31.320  2215.436  1024.124    45.138   109.273
       369    45.140     3.459     0.000     3.373    -7.244    22.570     0.020     9.905    31.320  2215.311  1024.124    45.140   109.426
       370    45.143     3.456     0.000     3.376    -7.243    22.572     0.020     9.905    31.320  2215.182  1024.124    45.143   109.580
       371    45.146     3.452     0.000     3.380    -7.242    22.573     0.020     9.905    31.320  2215.047  1024.124    45.146   109.735
       372    45.149     3.448     0.000     3.383    -7.241    22.574     0.020     9.905    31.320  2214.908  1024.124    45.149   109.891
       373    45.152     3.444     0.000     3.387    -7.240    22.576     0.020     9.905    31.320  2214.763  1024.124    45.152   110.048
       374    45.155     3.440     0.000     3.391    -7.238    22.577     0.020     9.905    31.320  2214.612  1024.124    45.155   110.206
       375    45.158     3.436     0.000     3.394    -7.237    22.579     0.020     9.905    31.320  2214.456  1024.124    45.158   110.365
       376    45.161     3.432     0.000     3.398    -7.236    22.581     0.020     9.905    31.320  2214.294  1024.124    45.161   110.525
       377    45.165     3.428     0.000     3.402    -7.234    22.582     0.020     9.905    31.320  2214.126  1024.124    45.165   110.686
       378    45.168     3.423     0.000     3.405    -7.233    22.584     0.020     9.905    31.320  2213.951  1024.124    45.168   110.848
       379    45.172     3.419     0.000     3.409    -7.231    22.586     0.020     9.905    31.320  2213.770  1024.124    45.172   111.012
       380    45.176     3.415     0.000     3.413    -7.230    22.588     0.020     9.905    31.320  2213.581  1024.124    45.176   111.176
       381    45.180     3.410     0.000     3.417    -7.228    22.590     0.020     9.905    31.320  2213.385  1024.124    45.180   111.342
       382    45.184     3.405     0.000     3.420    -7.227    22.592     0.020     9.905    31.320  2213.182  1024.124    45.184   111.509
       383    45.188     3.401     0.000     3.424    -7.225    22.594     0.020     9.905    31.320  2212.971  1024.124    45.188   111.678
       384    45.193     3.396     0.000     3.428    -7.223    22.596     0.020     9.905    31.320  2212.751  1024.124    45.193   111.847
       385    45.197     3.391     0.000     3.432    -7.222    22.599     0.020     9.905    31.320  2212.523  1024.124    45.197   112.018
       386    45.202     3.386     0.000     3.436    -7.220    22.601     0.020     9.905    31.320  2212.285  1024.124    45.202   112.191
       387    45.207     3.381     0.000     3.440    -7.218    22.604     0.020     9.905    31.320  2212.039  1024.124    45.207   112.365
       388    45.212     3.376     0.000     3.444    -7.216    22.606     0.020     9.905    31.320  2211.782  1024.124    45.212   112.541
       389    45.218     3.371     0.000     3.448    -7.214    22.609     0.020     9.905    31.320  2211.515  1024.124    45.218   112.718
       390    45.224     3.365     0.000     3.452    -7.212    22.612     0.020     9.904    31.320  2211.237  1024.124    45.224   112.897
       391    45.229     3.360     0.000     3.456    -7.210    22.615     0.020     9.904    31.320  2210.947  1024.124    45.229   113.077
       392    45.236     3.354     0.000     3.461    -7.208    22.618     0.020     9.904    31.320  2210.646  1024.124    45.236   113.260
       393    45.242     3.349     0.000     3.465    -7.206    22.621     0.020     9.904    31.320  2210.332  1024.124    45.242   113.444
       394    45.249     3.343     0.000     3.469    -7.204    22.624     0.020     9.904    31.320  2210.005  1024.124    45.249   113.630
       395    45.256     3.338     0.000     3.473    -7.201    22.628     0.020     9.904    31.320  2209.664  1024.124    45.256   113.818
       396    45.263     3.332     0.000     3.478    -7.199    22.632     0.020     9.904    31.320  2209.309  1024.124    45.263   114.007
       397    45.271     3.326     0.000     3.482    -7.197    22.635     0.020     9.904    31.320  2208.938  1024.124    45.271   114.199
       398    45.279     3.320     0.000     3.487    -7.194    22.639     0.020     9.904    31.320  2208.552  1024.124    45.279   114.393
       399    45.287     3.314     0.000     3.491    -7.192    22.643     0.020     9.904    31.320  2208.148  1024.124    45.287   114.590
       400    45.295     3.308     0.000     3.496    -7.189    22.648     0.020     9.904    31.320  2207.726  1024.124    45.295   114.788
       401    45.305     3.302     0.000     3.500    -7.186    22.652     0.020     9.904    31.320  2207.286  1024.124    45.305   114.989
       402    45.314     3.296     0.000     3.505    -7.183    22.657     0.020     9.904    31.320  2206.825  1024.124    45.314   115.192
       403    45.324     3.289     0.000     3.510    -7.181    22.662     0.020     9.904    31.320  2206.344  1024.124    45.324   115.398
       404    45.334     3.283     0.000     3.514    -7.178    22.667     0.020     9.904    31.320  2205.840  1024.124    45.334   115.606
       405    45.345     3.276     0.000     3.519    -7.175    22.673     0.020     9.904    31.320  2205.313  1024.124    45.345   115.817
       406    45.356     3.270     0.000     3.524    -7.172    22.678     0.020     9.904    31.320  2204.761  1024.124    45.356   116.030
       407    45.368     3.263     0.000     3.529    -7.168    22.684     0.020     9.903    31.320  2204.182  1024.124    45.368   116.247
       408    45.381     3.257     0.000     3.534    -7.165    22.690     0.020     9.903    31.320  2203.575  1024.124    45.381   116.466
       409    45.394     3.250     0.000     3.539    -7.162    22.697     0.020     9.903    31.320  2202.938  1024.124    45.394   116.689
       410    45.408     3.243     0.000     3.544    -7.158    22.704     0.020     9.903    31.320  2202.270  1024.124    45.408   116.915
       411    45.422     3.236     0.000     3.550    -7.155    22.711     0.020     9.903    31.320  2201.568  1024.124    45.422   117.144
       412    45.437     3.229     0.000     3.555    -7.151    22.719     0.020     9.903    31.320  2200.830  1024.124    45.437   117.377
       413    45.453     3.222     0.000     3.560    -7.147    22.727     0.020     9.903    31.320  2200.053  1024.124    45.453   117.613
       414    45.470     3.215     0.000     3.566    -7.143    22.735     0.020     9.903    31.320  2199.236  1024.124    45.470   117.853
       415    45.488     3.208     0.000     3.572    -7.139    22.744     0.020     9.903    31.320  2198.374  1024.125    45.488   118.097
       416    45.507     3.201     0.000     3.577    -7.135    22.753     0.020     9.903    31.321  2197.466  1024.125    45.507   118.345
       417    45.527     3.194     0.000     3.583    -7.131    22.763     0.020     9.902    31.321  2196.508  1024.125    45.527   118.597
       418    45.548     3.187     0.000     3.589    -7.126    22.774     0.020     9.902    31.321  2195.496  1024.125    45.548   118.854
       419    45.570     3.179     0.000     3.595    -7.122    22.785     0.020     9.902    31.321  2194.426  1024.125    45.570   119.116
       420    45.594     3.172     0.000     3.601    -7.117    22.797     0.020     9.902    31.321  2193.293  1024.125    45.594   119.382
       421    45.618     3.164     0.000     3.607    -7.112    22.809     0.020     9.902    31.321  2192.094  1024.125    45.618   119.653
       422    45.645     3.157     0.000     3.614    -7.107    22.822     0.020     9.902    31.321  2190.822  1024.125    45.645   119.930
       423    45.673     3.150     0.000     3.620    -7.102    22.837     0.020     9.901    31.321  2189.471  1024.125    45.673   120.213
       424    45.703     3.142     0.000     3.627    -7.096    22.852     0.020     9.901    31.321  2188.035  1024.125    45.703   120.501
       425    45.735     3.135     0.000     3.633    -7.091    22.868     0.020     9.901    31.321  2186.507  1024.125    45.735   120.796
       426    45.769     3.127     0.000     3.640    -7.085    22.885     0.020     9.901    31.321  2184.878  1024.125    45.769   121.097
       427    45.806     3.119     0.000     3.647    -7.079    22.903     0.020     9.901    31.321  2183.139  1024.125    45.806   121.405
       428    45.845     3.112     0.000     3.655    -7.073    22.922     0.020     9.900    31.321  2181.281  1024.125    45.845   121.721
       429    45.887     3.104     0.000     3.662    -7.066    22.943     0.020     9.900    31.321  2179.290  1024.125    45.887   122.044
       430    45.932     3.097     0.000     3.670    -7.059    22.966     0.020     9.900    31.321  2177.155  1024.125    45.932   122.376
       431    45.980     3.089     0.000     3.677    -7.052    22.990     0.020     9.899    31.321  2174.859  1024.126    45.980   122.717
       432    46.032     3.082     0.000     3.685    -7.045    23.016     0.020     9.899    31.321  2172.386  1024.126    46.032   123.067
       433    46.089     3.074     0.000     3.694    -7.037    23.044     0.020     9.899    31.321  2169.716  1024.126    46.089   123.428
       434    46.150     3.067     0.000     3.702    -7.029    23.075     0.020     9.898    31.321  2166.826  1024.126    46.150   123.800
       435    46.217     3.060     0.000     3.711    -7.021    23.109     0.020     9.898    31.321  2163.688  1024.126    46.217   124.184
       436    46.290     3.053     0.000     3.720    -7.012    23.145     0.020     9.897    31.322  2160.271  1024.126    46.290   124.581
       437    46.371     3.046     0.000     3.729    -7.003    23.185     0.020     9.897    31.322  2156.536  1024.126    46.371   124.992
       438    46.459     3.039     0.000     3.739    -6.993    23.229     0.020     9.896    31.322  2152.438  1024.126    46.459   125.419
       439    46.557     3.032     0.000     3.749    -6.983    23.278     0.020     9.896    31.322  2147.921  1024.127    46.557   125.863
       440    46.665     3.026     0.000     3.760    -6.972    23.333     0.020     9.895    31.322  2142.916  1024.127    46.665   126.327
       441    46.787     3.020     0.000     3.771    -6.961    23.394     0.020     9.894    31.322  2137.335  1024.127    46.787   126.813
       442    46.925     3.015     0.000     3.783    -6.948    23.462     0.020     9.893    31.322  2131.066  1024.127    46.925   127.324
       443    47.082     3.010     0.000     3.795    -6.935    23.541     0.020     9.893    31.322  2123.959  1024.128    47.082   127.864
       444    47.263     3.006     0.000     3.808    -6.921    23.632     0.020     9.891    31.322  2115.813  1024.128    47.263   128.438
       445    47.476     3.003     0.000     3.822    -6.906    23.738     0.020     9.890    31.323  2106.339  1024.128    47.476   129.053
       446    47.714     3.001     0.000     3.837    -6.889    23.857     0.020     9.889    31.323  2095.829  1024.128    47.714   129.720
       447    47.973     2.999     0.000     3.854    -6.871    23.986     0.020     9.887    31.323  2084.507  1024.129    47.973   130.435
       448    48.255     2.998     0.000     3.871    -6.851    24.128     0.020     9.886    31.323  2072.307  1024.129    48.255   131.205
       449    48.566     2.998     0.000     3.890    -6.829    24.283     0.020     9.884    31.323  2059.060  1024.130    48.566   132.039
       450    48.911     2.999     0.000     3.911    -6.805    24.455     0.020     9.882    31.323  2044.545  1024.130    48.911   132.952
       451    49.304     3.001     0.000     3.934    -6.778    24.652     0.020     9.880    31.323  2028.226  1024.130    49.304   133.966
       452    49.768     3.006     0.000     3.960    -6.747    24.884     0.020     9.878    31.323  2009.325  1024.131    49.768   135.119
       453    50.334     3.014     0.000     3.991    -6.710    25.167     0.020     9.875    31.324  1986.723  1024.131    50.334   136.472
       454    51.059     3.027     0.000     4.028    -6.664    25.529     0.020     9.871    31.324  1958.522  1024.132    51.059   138.137
       455    52.064     3.049     0.000     4.078    -6.603    26.032     0.020     9.867    31.323  1920.708  1024.133    52.064   140.354
       456    53.105     3.075     0.000     4.128    -6.541    26.553     0.020     9.862    31.323  1883.048  1024.133    53.105   142.556
       457    54.167     3.106     0.000     4.177    -6.481    27.084     0.020     9.858    31.323  1846.126  1024.134    54.167   144.745
       458    55.251     3.144     0.000     4.225    -6.422    27.625     0.020     9.854    31.322  1809.928  1024.134    55.251   146.894
       459    56.356     3.190     0.000     4.272    -6.366    28.178     0.020     9.850    31.321  1774.439  1024.134    56.356   148.993
---------------------------- Plume traps -----------------------------
       460    57.288     3.236     0.000     4.310    -6.322    28.644     0.020     9.846    31.320  1745.563  1024.134    57.288   150.689
       461    58.005     3.278     0.000     4.337    -6.291    29.002     0.020     9.844    31.320  1723.992  1024.133    58.005   151.909
       462    58.600     3.314     0.000     4.358    -6.267    29.300     0.020     9.842    31.319  1706.493  1024.133    58.600   152.847
       463    59.118     3.347     0.000     4.375    -6.248    29.559     0.020     9.841    31.318  1691.533  1024.133    59.118   153.626
       464    59.588     3.376     0.000     4.391    -6.231    29.794     0.020     9.839    31.318  1678.194  1024.133    59.588   154.320
       465    59.992     3.403     0.000     4.405    -6.216    29.996     0.020     9.838    31.317  1666.885  1024.133    59.992   154.965
       466    60.373     3.428     0.000     4.419    -6.201    30.186     0.020     9.837    31.317  1656.371  1024.132    60.373   155.599
       467    60.719     3.453     0.000     4.433    -6.186    30.360     0.020     9.836    31.316  1646.918  1024.132    60.719   156.215
       468    61.047     3.476     0.000     4.446    -6.172    30.523     0.020     9.835    31.316  1638.084  1024.132    61.047   156.819
       469    61.349     3.499     0.000     4.459    -6.159    30.674     0.020     9.835    31.316  1630.020  1024.132    61.349   157.406
       470    61.632     3.520     0.000     4.472    -6.146    30.816     0.020     9.834    31.315  1622.528  1024.132    61.632   157.978
       471    61.895     3.542     0.000     4.484    -6.134    30.948     0.020     9.833    31.315  1615.635  1024.131    61.895   158.535
       472    62.141     3.562     0.000     4.496    -6.122    31.071     0.020     9.833    31.314  1609.238  1024.131    62.141   159.078
       473    62.371     3.582     0.000     4.508    -6.111    31.185     0.020     9.832    31.314  1603.318  1024.131    62.371   159.606
       474    62.585     3.601     0.000     4.519    -6.100    31.293     0.020     9.831    31.314  1597.815  1024.131    62.585   160.121
       475    62.787     3.620     0.000     4.530    -6.090    31.393     0.020     9.831    31.313  1592.699  1024.131    62.787   160.623
       476    62.975     3.638     0.000     4.541    -6.080    31.488     0.020     9.831    31.313  1587.931  1024.130    62.975   161.112
       477    63.152     3.656     0.000     4.552    -6.070    31.576     0.020     9.830    31.313  1583.481  1024.130    63.152   161.590
       478    63.318     3.673     0.000     4.562    -6.061    31.659     0.020     9.830    31.313  1579.321  1024.130    63.318   162.056
       479    63.475     3.690     0.000     4.572    -6.052    31.737     0.020     9.829    31.312  1575.426  1024.130    63.475   162.510
       480    63.622     3.707     0.000     4.582    -6.044    31.811     0.020     9.829    31.312  1571.773  1024.130    63.622   162.955
       481    63.762     3.723     0.000     4.592    -6.035    31.881     0.020     9.829    31.312  1568.341  1024.130    63.762   163.389
       482    63.893     3.739     0.000     4.601    -6.028    31.947     0.020     9.828    31.312  1565.113  1024.130    63.893   163.813
       483    64.018     3.754     0.000     4.610    -6.020    32.009     0.020     9.828    31.311  1562.072  1024.130    64.018   164.228
       484    64.135     3.769     0.000     4.619    -6.013    32.068     0.020     9.828    31.311  1559.204  1024.129    64.135   164.634
       485    64.247     3.784     0.000     4.628    -6.005    32.123     0.020     9.828    31.311  1556.494  1024.129    64.247   165.032
       486    64.353     3.799     0.000     4.636    -5.999    32.176     0.020     9.827    31.311  1553.931  1024.129    64.353   165.421
       487    64.454     3.813     0.000     4.645    -5.992    32.227     0.020     9.827    31.311  1551.504  1024.129    64.454   165.803
       488    64.549     3.827     0.000     4.653    -5.986    32.275     0.020     9.827    31.311  1549.203  1024.129    64.549   166.177
       489    64.641     3.840     0.000     4.661    -5.979    32.320     0.020     9.827    31.310  1547.009  1024.129    64.641   166.544
       490    64.730     3.854     0.000     4.669    -5.973    32.365     0.020     9.827    31.310  1544.886  1024.129    64.730   166.908
       491    64.815     3.867     0.000     4.677    -5.967    32.408     0.020     9.826    31.310  1542.845  1024.129    64.815   167.268
       492    64.898     3.880     0.000     4.685    -5.962    32.449     0.020     9.826    31.310  1540.872  1024.129    64.898   167.626
       493    64.979     3.893     0.000     4.693    -5.956    32.489     0.020     9.826    31.310  1538.968  1024.129    64.979   167.979
       494    65.056     3.905     0.000     4.701    -5.951    32.528     0.020     9.826    31.310  1537.126  1024.129    65.056   168.330
       495    65.132     3.917     0.000     4.708    -5.945    32.566     0.020     9.826    31.310  1535.347  1024.128    65.132   168.677
       496    65.205     3.930     0.000     4.716    -5.940    32.602     0.020     9.826    31.309  1533.626  1024.128    65.205   169.020
       497    65.276     3.942     0.000     4.723    -5.935    32.638     0.020     9.826    31.309  1531.962  1024.128    65.276   169.361
       498    65.344     3.953     0.000     4.731    -5.930    32.672     0.020     9.825    31.309  1530.353  1024.128    65.344   169.699
       499    65.411     3.965     0.000     4.738    -5.925    32.705     0.020     9.825    31.309  1528.795  1024.128    65.411   170.033
       500    65.476     3.976     0.000     4.745    -5.920    32.738     0.020     9.825    31.309  1527.288  1024.128    65.476   170.365
       501    65.538     3.988     0.000     4.753    -5.916    32.769     0.020     9.825    31.309  1525.829  1024.128    65.538   170.693
       502    65.599     3.999     0.000     4.760    -5.911    32.799     0.020     9.825    31.309  1524.416  1024.128    65.599   171.019
       503    65.658     4.010     0.000     4.767    -5.907    32.829     0.020     9.825    31.309  1523.048  1024.128    65.658   171.342
       504    65.715     4.020     0.000     4.774    -5.903    32.858     0.020     9.825    31.309  1521.723  1024.128    65.715   171.662
       505    65.771     4.031     0.000     4.781    -5.898    32.885     0.020     9.825    31.309  1520.438  1024.128    65.771   171.980
       506    65.824     4.041     0.000     4.788    -5.894    32.912     0.020     9.825    31.308  1519.194  1024.128    65.824   172.295
       507    65.877     4.052     0.000     4.795    -5.890    32.938     0.020     9.825    31.308  1517.988  1024.128    65.877   172.607
       508    65.927     4.062     0.000     4.802    -5.887    32.964     0.020     9.824    31.308  1516.819  1024.128    65.927   172.916
       509    65.977     4.072     0.000     4.808    -5.883    32.988     0.020     9.824    31.308  1515.685  1024.128    65.977   173.224
       510    66.025     4.081     0.000     4.815    -5.879    33.012     0.020     9.824    31.308  1514.586  1024.128    66.025   173.528
       511    66.071     4.091     0.000     4.822    -5.875    33.036     0.020     9.824    31.308  1513.519  1024.128    66.071   173.831
       512    66.116     4.100     0.000     4.828    -5.872    33.058     0.020     9.824    31.308  1512.485  1024.127    66.116   174.131
       513    66.160     4.110     0.000     4.835    -5.869    33.080     0.020     9.824    31.308  1511.482  1024.127    66.160   174.429
       514    66.203     4.119     0.000     4.841    -5.865    33.101     0.020     9.824    31.308  1510.508  1024.127    66.203   174.724
       515    66.244     4.128     0.000     4.848    -5.862    33.122     0.020     9.824    31.308  1509.563  1024.127    66.244   175.018
       516    66.285     4.136     0.000     4.854    -5.859    33.142     0.020     9.824    31.308  1508.647  1024.127    66.285   175.309
       517    66.324     4.145     0.000     4.861    -5.856    33.162     0.020     9.824    31.308  1507.757  1024.127    66.324   175.598
       518    66.362     4.154     0.000     4.867    -5.853    33.181     0.020     9.824    31.308  1506.893  1024.127    66.362   175.886
       519    66.399     4.162     0.000     4.873    -5.850    33.199     0.020     9.824    31.307  1506.054  1024.127    66.399   176.171
       520    66.435     4.170     0.000     4.879    -5.847    33.217     0.020     9.824    31.307  1505.240  1024.127    66.435   176.454
       521    66.469     4.178     0.000     4.886    -5.844    33.235     0.020     9.824    31.307  1504.450  1024.127    66.469   176.735
       522    66.503     4.186     0.000     4.892    -5.841    33.252     0.020     9.824    31.307  1503.683  1024.127    66.503   177.015
       523    66.536     4.194     0.000     4.898    -5.838    33.268     0.020     9.823    31.307  1502.938  1024.127    66.536   177.293
       524    66.568     4.202     0.000     4.904    -5.836    33.284     0.020     9.823    31.307  1502.214  1024.127    66.568   177.569
       525    66.600     4.209     0.000     4.910    -5.833    33.300     0.020     9.823    31.307  1501.512  1024.127    66.600   177.843
       526    66.630     4.216     0.000     4.916    -5.831    33.315     0.020     9.823    31.307  1500.830  1024.127    66.630   178.116
       527    66.659     4.224     0.000     4.922    -5.828    33.330     0.020     9.823    31.307  1500.168  1024.127    66.659   178.386
       528    66.688     4.231     0.000     4.928    -5.826    33.344     0.020     9.823    31.307  1499.525  1024.127    66.688   178.656
       529    66.716     4.238     0.000     4.934    -5.824    33.358     0.020     9.823    31.307  1498.901  1024.127    66.716   178.924
       530    66.743     4.244     0.000     4.940    -5.822    33.371     0.020     9.823    31.307  1498.295  1024.127    66.743   179.190
       531    66.769     4.251     0.000     4.945    -5.819    33.384     0.020     9.823    31.307  1497.707  1024.127    66.769   179.455
       532    66.794     4.258     0.000     4.951    -5.817    33.397     0.020     9.823    31.307  1497.136  1024.127    66.794   179.718
       533    66.819     4.264     0.000     4.957    -5.815    33.409     0.020     9.823    31.307  1496.582  1024.127    66.819   179.980
       534    66.843     4.270     0.000     4.963    -5.813    33.421     0.020     9.823    31.307  1496.045  1024.127    66.843   180.240
       535    66.866     4.276     0.000     4.968    -5.811    33.433     0.020     9.823    31.307  1495.523  1024.127    66.866   180.500
       536    66.889     4.282     0.000     4.974    -5.810    33.444     0.020     9.823    31.307  1495.017  1024.127    66.889   180.758
       537    66.911     4.288     0.000     4.980    -5.808    33.455     0.020     9.823    31.307  1494.527  1024.127    66.911   181.014
       538    66.932     4.294     0.000     4.985    -5.806    33.466     0.020     9.823    31.307  1494.051  1024.127    66.932   181.270
       539    66.953     4.299     0.000     4.991    -5.804    33.476     0.020     9.823    31.307  1493.589  1024.127    66.953   181.524
       540    66.973     4.305     0.000     4.996    -5.802    33.486     0.020     9.823    31.307  1493.142  1024.127    66.973   181.777
       541    66.992     4.310     0.000     5.002    -5.801    33.496     0.020     9.823    31.307  1492.709  1024.127    66.992   182.029
       542    67.011     4.315     0.000     5.007    -5.799    33.506     0.020     9.823    31.307  1492.289  1024.127    67.011   182.280
       543    67.029     4.320     0.000     5.013    -5.798    33.515     0.020     9.823    31.306  1491.883  1024.127    67.029   182.530
       544    67.047     4.325     0.000     5.018    -5.796    33.524     0.020     9.823    31.306  1491.490  1024.127    67.047   182.778
       545    67.064     4.330     0.000     5.024    -5.795    33.532     0.020     9.823    31.306  1491.109  1024.127    67.064   183.026
       546    67.081     4.335     0.000     5.029    -5.793    33.540     0.020     9.823    31.306  1490.741  1024.127    67.081   183.273
       547    67.097     4.339     0.000     5.035    -5.792    33.548     0.020     9.823    31.306  1490.385  1024.126    67.097   183.519
       548    67.112     4.344     0.000     5.040    -5.791    33.556     0.020     9.823    31.306  1490.041  1024.126    67.112   183.764
       549    67.127     4.348     0.000     5.045    -5.790    33.564     0.020     9.823    31.306  1489.709  1024.126    67.127   184.008
       550    67.142     4.352     0.000     5.051    -5.788    33.571     0.020     9.823    31.306  1489.388  1024.126    67.142   184.251
       551    67.156     4.356     0.000     5.056    -5.787    33.578     0.020     9.823    31.306  1489.079  1024.126    67.156   184.493
       552    67.169     4.360     0.000     5.061    -5.786    33.585     0.020     9.823    31.306  1488.781  1024.126    67.169   184.735
       553    67.182     4.364     0.000     5.067    -5.785    33.591     0.020     9.823    31.306  1488.493  1024.126    67.182   184.976
       554    67.194     4.367     0.000     5.072    -5.784    33.597     0.020     9.823    31.306  1488.217  1024.126    67.194   185.216
       555    67.207     4.371     0.000     5.077    -5.783    33.603     0.020     9.823    31.306  1487.951  1024.126    67.207   185.455
       556    67.218     4.374     0.000     5.083    -5.782    33.609     0.020     9.823    31.306  1487.696  1024.126    67.218   185.694
       557    67.229     4.377     0.000     5.088    -5.781    33.615     0.020     9.823    31.306  1487.451  1024.126    67.229   185.932
       558    67.240     4.380     0.000     5.093    -5.780    33.620     0.020     9.823    31.306  1487.216  1024.126    67.240   186.170
       559    67.250     4.383     0.000     5.098    -5.779    33.625     0.020     9.823    31.306  1486.991  1024.126    67.250   186.406
       560    67.260     4.386     0.000     5.103    -5.779    33.630     0.020     9.823    31.306  1486.776  1024.126    67.260   186.643
       561    67.269     4.389     0.000     5.109    -5.778    33.634     0.020     9.823    31.306  1486.571  1024.126    67.269   186.878
       562    67.278     4.392     0.000     5.114    -5.777    33.639     0.020     9.823    31.306  1486.375  1024.126    67.278   187.113
       563    67.286     4.394     0.000     5.119    -5.776    33.643     0.020     9.823    31.306  1486.189  1024.126    67.286   187.348
       564    67.294     4.396     0.000     5.124    -5.776    33.647     0.020     9.822    31.306  1486.012  1024.126    67.294   187.582
       565    67.302     4.399     0.000     5.129    -5.775    33.651     0.020     9.822    31.306  1485.844  1024.126    67.302   187.816
       566    67.309     4.401     0.000     5.134    -5.775    33.654     0.020     9.822    31.306  1485.686  1024.126    67.309   188.049
       567    67.316     4.403     0.000     5.139    -5.774    33.658     0.020     9.822    31.306  1485.537  1024.126    67.316   188.282
       568    67.322     4.405     0.000     5.145    -5.774    33.661     0.020     9.822    31.306  1485.397  1024.126    67.322   188.515
       569    67.328     4.406     0.000     5.150    -5.773    33.664     0.020     9.822    31.306  1485.265  1024.126    67.328   188.747
       570    67.334     4.408     0.000     5.155    -5.773    33.667     0.020     9.822    31.306  1485.143  1024.126    67.334   188.979
       571    67.339     4.410     0.000     5.160    -5.772    33.669     0.020     9.822    31.306  1485.029  1024.126    67.339   189.210
       572    67.344     4.411     0.000     5.165    -5.772    33.672     0.020     9.822    31.306  1484.924  1024.126    67.344   189.442
       573    67.348     4.412     0.000     5.170    -5.772    33.674     0.020     9.822    31.306  1484.827  1024.126    67.348   189.673
       574    67.352     4.413     0.000     5.175    -5.771    33.676     0.020     9.822    31.306  1484.739  1024.126    67.352   189.904
       575    67.356     4.414     0.000     5.180    -5.771    33.678     0.020     9.822    31.306  1484.660  1024.126    67.356   190.134
       576    67.359     4.415     0.000     5.185    -5.771    33.679     0.020     9.822    31.306  1484.589  1024.126    67.359   190.365
       577    67.362     4.416     0.000     5.190    -5.771    33.681     0.020     9.822    31.306  1484.526  1024.126    67.362   190.595
       578    67.364     4.417     0.000     5.195    -5.771    33.682     0.020     9.822    31.306  1484.472  1024.126    67.364   190.825
       579    67.366     4.417     0.000     5.200    -5.771    33.683     0.020     9.822    31.306  1484.425  1024.126    67.366   191.055
       580    67.368     4.418     0.000     5.205    -5.771    33.684     0.020     9.822    31.306  1484.387  1024.126    67.368   191.285
       581    67.369     4.418     0.000     5.210    -5.771    33.685     0.020     9.822    31.306  1484.357  1024.126    67.369   191.515
---------------------- Local maximum rise or fall --------------------
       582    67.370     4.418     0.000     5.215    -5.771    33.685     0.020     9.822    31.306  1484.332  1024.126    67.370   191.745
-------------------- Starting Farfield Calculations --------------------
Farfield dispersion based on wastefield width of :       4.42 (m)
4/3 Power Law based Eddy Diffusivity is used:
  Dilution     Width  Distance      Time    Bckgrd
        ()       (m)       (m)    (hrs.)    (mg/L)
    67.370     4.424     5.215     0.000     0.000
    67.370     4.658     6.000     0.011     0.000
    67.418     4.962     7.000     0.025     0.000
    67.900     5.272     8.000     0.039     0.000
    69.121     5.588     9.000     0.053     0.000
    71.013     5.911    10.000     0.067     0.000
    73.417     6.239    11.000     0.081     0.000
    76.201     6.573    12.000     0.095     0.000
    79.270     6.913    13.000     0.108     0.000
    82.560     7.259    14.000     0.122     0.000
    86.026     7.610    15.000     0.136     0.000
    89.637     7.967    16.000     0.150     0.000
    93.373     8.329    17.000     0.164     0.000
    97.216     8.697    18.000     0.178     0.000
   101.155     9.070    19.000     0.192     0.000
   105.181     9.448    20.000     0.206     0.000
   109.287     9.831    21.000     0.220     0.000
   113.468    10.219    22.000     0.233     0.000
   117.720    10.612    23.000     0.247     0.000
   122.038    11.010    24.000     0.261     0.000
   126.421    11.413    25.000     0.275     0.000
   130.865    11.820    26.000     0.289     0.000
   135.368    12.233    27.000     0.303     0.000
   139.930    12.650    28.000     0.317     0.000
   144.547    13.072    29.000     0.331     0.000
   149.220    13.498    30.000     0.345     0.000
   153.946    13.929    31.000     0.358     0.000
   158.725    14.364    32.000     0.372     0.000
   163.556    14.804    33.000     0.386     0.000
   168.438    15.248    34.000     0.400     0.000
   173.370    15.697    35.000     0.414     0.000
   178.352    16.149    36.000     0.428     0.000
   183.382    16.606    37.000     0.442     0.000
   188.460    17.068    38.000     0.456     0.000
   193.586    17.533    39.000     0.470     0.000
   198.759    18.003    40.000     0.483     0.000
   203.978    18.477    41.000     0.497     0.000
   209.243    18.955    42.000     0.511     0.000
   214.553    19.437    43.000     0.525     0.000
   219.909    19.923    44.000     0.539     0.000
   225.309    20.413    45.000     0.553     0.000
   230.753    20.907    46.000     0.567     0.000
   236.241    21.404    47.000     0.581     0.000
   241.772    21.906    48.000     0.595     0.000
   247.346    22.412    49.000     0.608     0.000
   252.963    22.921    50.000     0.622     0.000
   258.622    23.434    51.000     0.636     0.000
   264.323    23.951    52.000     0.650     0.000
   270.066    24.472    53.000     0.664     0.000
   275.850    24.996    54.000     0.678     0.000
   281.675    25.525    55.000     0.692     0.000
   287.540    26.056    56.000     0.706     0.000
   293.446    26.592    57.000     0.720     0.000
   299.392    27.131    58.000     0.733     0.000
   305.378    27.674    59.000     0.747     0.000
   311.403    28.220    60.000     0.761     0.000
   317.468    28.770    61.000     0.775     0.000
   323.571    29.323    62.000     0.789     0.000
   329.714    29.880    63.000     0.803     0.000
   335.895    30.440    64.000     0.817     0.000
   342.114    31.004    65.000     0.831     0.000
   348.371    31.571    66.000     0.845     0.000
   354.666    32.142    67.000     0.858     0.000
   360.998    32.716    68.000     0.872     0.000
   367.368    33.293    69.000     0.886     0.000
   373.775    33.874    70.000     0.900     0.000
   380.219    34.458    71.000     0.914     0.000
   386.699    35.045    72.000     0.928     0.000
   393.216    35.636    73.000     0.942     0.000
   399.769    36.230    74.000     0.956     0.000
   406.358    36.827    75.000     0.970     0.000
   412.984    37.427    76.000     0.983     0.000
   419.644    38.031    77.000     0.997     0.000
   426.340    38.638    78.000     1.011     0.000
   433.072    39.248    79.000     1.025     0.000
   439.839    39.862    80.000     1.039     0.000
   446.640    40.478    81.000     1.053     0.000
   453.476    41.098    82.000     1.067     0.000
   460.347    41.720    83.000     1.081     0.000
   467.252    42.346    84.000     1.095     0.000
   474.191    42.975    85.000     1.108     0.000
   481.165    43.607    86.000     1.122     0.000
   488.172    44.242    87.000     1.136     0.000
   495.213    44.880    88.000     1.150     0.000
   502.288    45.522    89.000     1.164     0.000
   509.396    46.166    90.000     1.178     0.000
   516.537    46.813    91.000     1.192     0.000
   523.711    47.463    92.000     1.206     0.000
   530.918    48.116    93.000     1.220     0.000
   538.158    48.773    94.000     1.233     0.000
   545.431    49.432    95.000     1.247     0.000
   552.736    50.094    96.000     1.261     0.000
   560.073    50.759    97.000     1.275     0.000
   567.443    51.427    98.000     1.289     0.000
   574.844    52.098    99.000     1.303     0.000
   582.278    52.771   100.000     1.317     0.000
   589.743    53.448   101.000     1.331     0.000
   597.240    54.127   102.000     1.345     0.000
   604.768    54.810   103.000     1.358     0.000
   612.328    55.495   104.000     1.372     0.000
   619.919    56.183   105.000     1.386     0.000
   627.542    56.874   106.000     1.400     0.000
   635.195    57.567   107.000     1.414     0.000
   642.879    58.264   108.000     1.428     0.000
   650.594    58.963   109.000     1.442     0.000
   658.339    59.665   110.000     1.456     0.000
   666.115    60.370   111.000     1.470     0.000
   673.921    61.077   112.000     1.483     0.000
   681.758    61.787   113.000     1.497     0.000
   689.625    62.500   114.000     1.511     0.000
   697.521    63.216   115.000     1.525     0.000
   705.448    63.934   116.000     1.539     0.000
   713.405    64.655   117.000     1.553     0.000
   721.391    65.379   118.000     1.567     0.000
   729.407    66.106   119.000     1.581     0.000
   737.452    66.835   120.000     1.595     0.000
   745.526    67.567   121.000     1.608     0.000
   753.630    68.301   122.000     1.622     0.000
   761.763    69.038   123.000     1.636     0.000
   769.925    69.778   124.000     1.650     0.000
   778.116    70.520   125.000     1.664     0.000
   786.336    71.265   126.000     1.678     0.000
   794.585    72.013   127.000     1.692     0.000
   802.862    72.763   128.000     1.706     0.000
   811.168    73.516   129.000     1.720     0.000
   819.502    74.271   130.000     1.733     0.000
   827.865    75.029   131.000     1.747     0.000
   836.256    75.790   132.000     1.761     0.000
   844.675    76.553   133.000     1.775     0.000
   853.122    77.318   134.000     1.789     0.000
   861.597    78.086   135.000     1.803     0.000
   870.100    78.857   136.000     1.817     0.000
   878.630    79.630   137.000     1.831     0.000
   887.189    80.406   138.000     1.845     0.000
   895.775    81.184   139.000     1.858     0.000
   904.388    81.964   140.000     1.872     0.000
   913.029    82.748   141.000     1.886     0.000
   921.698    83.533   142.000     1.900     0.000
   930.393    84.321   143.000     1.914     0.000
   939.116    85.112   144.000     1.928     0.000
   947.866    85.905   145.000     1.942     0.000
   956.643    86.700   146.000     1.956     0.000
   965.447    87.498   147.000     1.970     0.000
   974.277    88.298   148.000     1.983     0.000
   983.135    89.101   149.000     1.997     0.000
   992.019    89.906   150.000     2.011     0.000
  1000.929    90.714   151.000     2.025     0.000
  1009.867    91.524   152.000     2.039     0.000
  1018.830    92.336   153.000     2.053     0.000
  1027.820    93.151   154.000     2.067     0.000
  1036.836    93.968   155.000     2.081     0.000
  1045.879    94.788   156.000     2.095     0.000
  1054.948    95.610   157.000     2.108     0.000
  1064.042    96.434   158.000     2.122     0.000
  1073.163    97.261   159.000     2.136     0.000
  1082.310    98.090   160.000     2.150     0.000
  1091.482    98.921   161.000     2.164     0.000
  1100.680    99.754   162.000     2.178     0.000
  1109.904   100.590   163.000     2.192     0.000
  1119.154   101.429   164.000     2.206     0.000
  1128.429   102.269   165.000     2.220     0.000
  1137.729   103.112   166.000     2.233     0.000
  1147.055   103.957   167.000     2.247     0.000
  1156.407   104.805   168.000     2.261     0.000
  1165.783   105.655   169.000     2.275     0.000
  1175.185   106.507   170.000     2.289     0.000
  1184.612   107.361   171.000     2.303     0.000
  1194.064   108.218   172.000     2.317     0.000
  1203.541   109.077   173.000     2.331     0.000
  1213.043   109.938   174.000     2.345     0.000
  1222.570   110.801   175.000     2.358     0.000
  1232.122   111.667   176.000     2.372     0.000
  1241.698   112.535   177.000     2.386     0.000
  1251.299   113.405   178.000     2.400     0.000
  1260.925   114.277   179.000     2.414     0.000
  1270.575   115.152   180.000     2.428     0.000
  1280.250   116.029   181.000     2.442     0.000
  1289.949   116.908   182.000     2.456     0.000
  1299.673   117.789   183.000     2.470     0.000
  1309.420   118.673   184.000     2.483     0.000
  1319.193   119.558   185.000     2.497     0.000
  1328.989   120.446   186.000     2.511     0.000
  1338.809   121.336   187.000     2.525     0.000
  1348.654   122.228   188.000     2.539     0.000
  1358.522   123.123   189.000     2.553     0.000
  1368.415   124.019   190.000     2.567     0.000
  1378.331   124.918   191.000     2.581     0.000
  1388.271   125.819   192.000     2.595     0.000
  1398.235   126.722   193.000     2.608     0.000
  1408.223   127.627   194.000     2.622     0.000
  1418.234   128.534   195.000     2.636     0.000
  1428.269   129.444   196.000     2.650     0.000
  1438.328   130.356   197.000     2.664     0.000
  1448.410   131.269   198.000     2.678     0.000
  1458.516   132.185   199.000     2.692     0.000
  1468.644   133.103   200.000     2.706     0.000
  1478.797   134.023   201.000     2.720     0.000
  1488.972   134.945   202.000     2.733     0.000
  1499.171   135.870   203.000     2.747     0.000
  1509.393   136.796   204.000     2.761     0.000
  1519.638   137.725   205.000     2.775     0.000
  1529.906   138.655   206.000     2.789     0.000
............................. Reached Chronic Mixing Zone ..........................
  1540.197   139.588   207.000     2.803     0.000
  1543.215   139.861   207.293     2.807     0.000
