****************************************************************************************************
----------------------------------------------------------------------------------------------------
Ambient Table:
     Depth   Amb-cur   Amb-dir   Amb-sal   Amb-tem   Amb-pol     Decay   Far-spd   Far-dir   Disprsn
       (m)     (m/s)     (deg)     (psu)       (C)    (mg/L)   (1/day)     (m/s)     (deg)(m0.67/s2)
     0.000     0.020    90.000    30.900    11.200     0.000     0.000     0.020    90.000   0.00030
     3.000     0.020    90.000    31.200    10.400     0.000     0.000     0.020    90.000   0.00030
     6.000     0.020    90.000    31.200     9.690     0.000     0.000     0.020    90.000   0.00030
     9.000     0.020    90.000    31.700     9.440     0.000     0.000     0.020    90.000   0.00030
    12.000     0.020    90.000    31.800     9.340     0.000     0.000     0.020    90.000   0.00030
    15.000     0.020    90.000    31.900     9.220     0.000     0.000     0.020    90.000   0.00030
----------------------------------------------------------------------------------------------------
Diffuser Table:
     P-dia    P-elev   V-angle   H-angle     Ports   Spacing   AcuteMZ   ChrncMZ   P-depth   Ttl-flo   Eff-sal      Temp   Polutnt
       (m)       (m)     (deg)     (deg)       ( )       (m)       (m)       (m)       (m)     (MGD)     (psu)       (C)    (mg/L)
      0.01      0.30    -45.00     90.00     25.00      2.00     20.70    207.00     10.00      0.01     35.00     10.00 100000.00
----------------------------------------------------------------------------------------------------
Simulation Results:
              Dilutn     P-dia    x-posn    y-posn     Depth      Time   Net-Dil     P-Den    P-Con.     P-Sal    P-Temp  Amb-Curr    CL-Dil
      Step (FluxAvg)       (m)       (m)       (m)       (m)       (s)        ()   (kg/m3)    (mg/L)     (psu)       (C)     (m/s)        ()
        10     1.220     0.015     0.000     0.004   -10.004     0.081     1.220  1026.535 81999.728    34.413     9.893     0.020     1.000
        20     1.487     0.018     0.000     0.008   -10.007     0.180     1.487  1026.174 67244.706    33.932     9.806     0.020     1.000
        30     1.813     0.021     0.000     0.012   -10.011     0.302     1.813  1025.878 55148.173    33.537     9.734     0.020     1.000
        40     2.211     0.024     0.000     0.017   -10.016     0.451     2.211  1025.636 45230.002    33.213     9.675     0.020     1.105
        50     2.696     0.028     0.000     0.023   -10.020     0.630     2.696  1025.436 37097.149    32.947     9.627     0.020     1.348
        60     3.286     0.032     0.000     0.030   -10.025     0.845     3.286  1025.273 30427.733    32.729     9.587     0.020     1.643
        70     4.007     0.037     0.000     0.037   -10.030     1.101     4.007  1025.139 24958.075    32.551     9.555     0.020     2.003
        80     4.885     0.042     0.000     0.045   -10.035     1.403     4.885  1025.029 20472.118    32.404     9.528     0.020     2.442
        90     5.955     0.048     0.000     0.054   -10.041     1.759     5.955  1024.939 16792.789    32.284     9.506     0.020     2.977
       100     7.260     0.054     0.000     0.064   -10.047     2.179     7.260  1024.865 13774.942    32.185     9.488     0.020     3.630
       110     8.850     0.061     0.000     0.075   -10.053     2.670     8.850  1024.804 11299.582    32.104     9.473     0.020     4.425
       120    10.788     0.069     0.000     0.089   -10.060     3.246    10.788  1024.754  9269.143    32.038     9.461     0.020     5.394
       130    13.152     0.077     0.000     0.104   -10.068     3.919    13.152  1024.714  7603.623    31.984     9.451     0.020     6.576
       140    16.032     0.086     0.000     0.121   -10.076     4.705    16.032  1024.680  6237.416    31.939     9.442     0.020     8.016
       150    19.544     0.096     0.000     0.141   -10.085     5.622    19.544  1024.653  5116.717    31.903     9.435     0.020     9.772
       160    23.824     0.108     0.000     0.164   -10.094     6.691    23.824  1024.631  4197.399    31.873     9.430     0.020    11.912
       170    29.042     0.120     0.000     0.190   -10.104     7.936    29.042  1024.612  3443.267    31.848     9.425     0.020    14.521
       180    35.403     0.133     0.000     0.220   -10.116     9.386    35.403  1024.597  2824.637    31.828     9.421     0.020    17.701
       190    43.156     0.148     0.000     0.255   -10.128    11.072    43.156  1024.585  2317.159    31.812     9.418     0.020    21.578
       200    52.608     0.165     0.000     0.296   -10.142    13.034    52.608  1024.575  1900.859    31.799     9.415     0.020    26.304
       210    64.129     0.183     0.000     0.342   -10.156    15.318    64.129  1024.567  1559.354    31.788     9.413     0.020    32.065
       220    78.174     0.203     0.000     0.397   -10.173    17.976    78.174  1024.560  1279.205    31.779     9.411     0.020    39.087
       230    95.294     0.225     0.000     0.460   -10.190    21.073    95.294  1024.555  1049.388    31.772     9.409     0.020    47.647
------------------------- Plume hits the bottom ----------------------
       240   116.163     0.249     0.000     0.533   -10.210    24.684   116.163  1024.551   860.860    31.766     9.407     0.020    58.081
       250   141.602     0.276     0.000     0.618   -10.231    28.904   141.602  1024.548   706.203    31.762     9.406     0.020    70.801
       260   172.613     0.305     0.000     0.718   -10.254    33.847   172.613  1024.545   579.331    31.758     9.405     0.020    86.306
       270   210.415     0.338     0.000     0.835   -10.280    39.659   210.415  1024.543   475.252    31.755     9.403     0.020   105.207
       280   256.495     0.374     0.000     0.973   -10.308    46.527   256.495  1024.541   389.872    31.753     9.402     0.020   128.247
       290   312.666     0.413     0.000     1.138   -10.339    54.707   312.666  1024.540   319.830    31.751     9.401     0.020   156.333
       300   381.138     0.457     0.000     1.336   -10.373    64.563   381.138  1024.540   262.372    31.750     9.400     0.020   190.569
       310   464.605     0.506     0.000     1.578   -10.410    76.662   464.605  1024.539   215.236    31.749     9.399     0.020   232.303
---------------------------- Plume traps -----------------------------
       320   566.351     0.559     0.000     1.886   -10.450    91.991   566.351  1024.539   176.569    31.749     9.398     0.020   283.176
       330   690.379     0.619     0.000     2.300   -10.494   112.673   690.379  1024.539   144.848    31.749     9.397     0.020   345.190
       340   841.568     0.684     0.000     2.966   -10.538   145.902   841.568  1024.540   118.826    31.749     9.395     0.020   420.784
---------------------- Local maximum rise or fall --------------------
       350   928.712     0.719     0.000     4.018   -10.547   198.383   928.712  1024.540   107.676    31.749     9.395     0.020   464.356
       360  1093.596     0.780     0.000     5.156   -10.487   255.221  1093.596  1024.540    91.441    31.750     9.394     0.020   546.798
---------------------------- Plume traps -----------------------------
       370  1333.088     0.861     0.000     6.192   -10.426   306.985  1333.088  1024.540    75.014    31.750     9.393     0.020   666.544
---------------------- Local maximum rise or fall --------------------
       378  1490.925     0.912     0.000     7.435   -10.403   369.032  1490.925  1024.540    67.072    31.749     9.393     0.020   745.462
-------------------- Starting Farfield Calculations --------------------
Note: Plumes not merged, Brooks method may be overly conservative
Farfield dispersion based on wastefield width of :      48.91 (m)
4/3 Power Law based Eddy Diffusivity is used:
  Dilution     Width  Distance      Time    Bckgrd     Conc.
        ()       (m)       (m)    (hrs.)    (mg/L)    (mg/L)
  1490.925    48.925     7.435     0.000     0.000    67.072
  1490.925    50.623    10.000     0.036     0.000    67.232
  1498.222    57.426    20.000     0.175     0.000    67.137
  1559.523    64.508    30.000     0.314     0.000    65.178
  1670.645    71.861    40.000     0.453     0.000    61.165
  1809.856    79.472    50.000     0.591     0.000    56.557
  1966.020    87.336    60.000     0.730     0.000    52.073
  2133.805    95.442    70.000     0.869     0.000    47.955
  2310.464   103.785    80.000     1.008     0.000    44.255
  2494.454   112.358    90.000     1.147     0.000    40.956
  2684.843   121.155   100.000     1.286     0.000    38.020
  2881.024   130.170   110.000     1.425     0.000    35.402
  3082.581   139.398   120.000     1.564     0.000    33.061
  3289.210   148.834   130.000     1.703     0.000    30.962
  3500.679   158.475   140.000     1.841     0.000    29.072
  3716.804   168.315   150.000     1.980     0.000    27.364
  3937.434   178.350   160.000     2.119     0.000    25.815
  4162.441   188.577   170.000     2.258     0.000    24.407
  4391.713   198.993   180.000     2.397     0.000    23.121
  4625.151   209.594   190.000     2.536     0.000    21.943
  4862.668   220.376   200.000     2.675     0.000    20.862
............................. Reached Chronic Mixing Zone ..........................
  5037.141   228.295   207.240     2.775     0.000    19.866
